0.000	0.000	0.000	0.000
0.001	0.000	0.000	0.000
0.005	0.000	0.000	0.000
0.009	0.000	0.000	0.000
0.012	0.000	0.000	0.000
0.013	0.001	0.000	0.000
0.011	0.003	0.000	0.000
0.010	0.004	0.000	0.000
0.010	0.004	0.000	0.000
0.011	0.002	0.000	0.000
0.012	0.001	0.000	0.000
0.011	0.001	0.000	0.000
0.009	0.002	0.000	0.000
0.007	0.002	0.000	0.000
0.007	0.002	0.000	0.000
0.007	0.002	0.000	0.000
0.006	0.001	0.000	0.000
0.004	0.001	0.000	0.000
0.002	0.001	0.000	0.000
0.002	0.001	0.000	0.000
0.002	0.001	0.000	0.000
0.003	0.001	0.000	0.000
0.004	0.001	0.000	0.000
0.003	0.001	0.000	0.000
0.004	0.000	0.000	0.000
0.004	0.000	0.000	0.000
0.005	0.000	0.000	0.000
0.005	0.001	0.000	0.000
0.005	0.001	0.000	0.000
0.004	0.003	0.000	0.000
0.004	0.004	0.000	0.000
0.005	0.007	0.000	0.000
0.005	0.011	0.000	0.000
0.005	0.015	0.000	0.000
0.005	0.019	0.000	0.000
0.004	0.020	0.000	0.000
0.004	0.018	0.000	0.000
0.005	0.014	0.000	0.000
0.007	0.009	0.000	0.000
0.009	0.005	0.000	0.000
0.012	0.004	0.000	0.000
0.013	0.003	0.000	0.000
0.013	0.003	0.000	0.000
0.012	0.002	0.000	0.000
0.010	0.002	0.000	0.000
0.008	0.002	0.000	0.000
0.006	0.002	0.000	0.000
0.004	0.001	0.000	0.000
0.004	0.000	0.000	0.000
0.004	0.000	0.000	0.000
0.004	0.001	0.000	0.000
0.003	0.002	0.000	0.000
0.003	0.003	0.000	0.000
0.004	0.005	0.000	0.000
0.005	0.007	0.000	0.000
0.005	0.008	0.000	0.000
0.005	0.009	0.000	0.000
0.004	0.010	0.000	0.000
0.004	0.010	0.000	0.000
0.005	0.010	0.000	0.000
0.005	0.009	0.000	0.000
0.006	0.009	0.000	0.000
0.007	0.008	0.000	0.000
0.007	0.007	0.000	0.000
0.007	0.006	0.000	0.000
0.007	0.005	0.000	0.000
0.006	0.004	0.000	0.000
0.005	0.003	0.000	0.000
0.005	0.003	0.000	0.000
0.006	0.004	0.000	0.000
0.006	0.006	0.000	0.000
0.006	0.007	0.000	0.000
0.005	0.008	0.000	0.000
0.005	0.008	0.000	0.000
0.005	0.008	0.000	0.000
0.006	0.009	0.000	0.000
0.006	0.011	0.000	0.000
0.006	0.014	0.000	0.000
0.004	0.018	0.000	0.000
0.004	0.020	0.000	0.000
0.004	0.020	0.000	0.000
0.005	0.016	0.000	0.000
0.005	0.012	0.000	0.000
0.005	0.009	0.000	0.000
0.005	0.008	0.000	0.000
0.006	0.007	0.000	0.000
0.006	0.007	0.000	0.000
0.006	0.005	0.000	0.000
0.005	0.003	0.000	0.000
0.003	0.002	0.000	0.000
0.003	0.002	0.000	0.000
0.004	0.002	0.000	0.000
0.005	0.001	0.000	0.000
0.006	0.001	0.000	0.000
0.008	0.002	0.000	0.000
0.011	0.002	0.000	0.000
0.015	0.002	0.000	0.000
0.017	0.002	0.000	0.000
0.017	0.002	0.000	0.000
0.014	0.002	0.000	0.000
0.011	0.003	0.063	0.000
0.010	0.003	0.192	0.000
0.010	0.003	0.326	0.000
0.011	0.002	0.393	0.000
0.010	0.002	0.378	0.000
0.009	0.002	0.333	0.000
0.007	0.003	0.317	0.000
0.005	0.004	0.340	0.000
0.004	0.004	0.367	0.000
0.003	0.004	0.365	0.000
0.002	0.003	0.345	0.000
0.002	0.003	0.336	0.000
0.003	0.004	0.346	0.000
0.005	0.003	0.360	0.000
0.006	0.002	0.360	0.000
0.006	0.001	0.350	0.000
0.006	0.000	0.344	0.000
0.006	0.001	0.349	0.000
0.006	0.001	0.355	0.000
0.006	0.002	0.352	0.000
0.006	0.002	0.343	0.000
0.005	0.002	0.337	0.000
0.005	0.002	0.337	0.000
0.005	0.002	0.340	0.000
0.005	0.002	0.340	0.000
0.006	0.003	0.337	0.000
0.006	0.004	0.335	0.000
0.006	0.005	0.338	0.000
0.007	0.006	0.343	0.000
0.008	0.007	0.349	0.000
0.010	0.009	0.356	0.000
0.011	0.010	0.365	0.000
0.011	0.011	0.375	0.000
0.011	0.010	0.386	0.000
0.009	0.009	0.395	0.000
0.007	0.008	0.402	0.000
0.005	0.008	0.407	0.000
0.004	0.008	0.413	0.000
0.004	0.009	0.419	0.000
0.004	0.008	0.427	0.000
0.004	0.006	0.437	0.000
0.004	0.005	0.452	0.000
0.004	0.003	0.470	0.000
0.004	0.003	0.488	0.000
0.004	0.003	0.504	0.000
0.003	0.003	0.517	0.000
0.003	0.003	0.527	0.000
0.003	0.003	0.534	0.000
0.003	0.002	0.539	0.000
0.002	0.001	0.542	0.000
0.002	0.001	0.543	0.000
0.002	0.002	0.543	0.000
0.002	0.002	0.542	0.000
0.002	0.002	0.540	0.000
0.002	0.002	0.537	0.000
0.002	0.002	0.534	0.000
0.002	0.002	0.533	0.000
0.001	0.002	0.535	0.000
0.001	0.002	0.540	0.000
0.001	0.002	0.548	0.000
0.002	0.002	0.559	0.000
0.002	0.003	0.573	0.000
0.003	0.003	0.588	0.000
0.002	0.002	0.605	0.000
0.002	0.002	0.621	0.000
0.002	0.001	0.636	0.000
0.002	0.002	0.648	0.000
0.003	0.002	0.657	0.000
0.003	0.003	0.662	0.000
0.003	0.003	0.663	0.000
0.003	0.003	0.661	0.000
0.004	0.003	0.658	0.000
0.004	0.003	0.654	0.000
0.004	0.004	0.648	0.000
0.004	0.005	0.641	0.000
0.004	0.007	0.632	0.000
0.004	0.009	0.622	0.000
0.004	0.010	0.609	0.000
0.004	0.011	0.594	0.000
0.004	0.011	0.579	0.000
0.005	0.011	0.565	0.000
0.005	0.010	0.552	0.000
0.005	0.008	0.540	0.000
0.005	0.006	0.529	0.000
0.004	0.005	0.521	0.000
0.004	0.005	0.515	0.000
0.004	0.006	0.512	0.000
0.004	0.007	0.511	0.000
0.003	0.007	0.511	0.000
0.002	0.008	0.510	0.000
0.002	0.008	0.507	0.000
0.002	0.008	0.501	0.000
0.002	0.008	0.493	0.000
0.003	0.007	0.482	0.000
0.003	0.006	0.468	0.000
0.003	0.005	0.452	0.000
0.002	0.004	0.433	0.000
0.001	0.003	0.412	0.000
0.001	0.002	0.390	0.000
0.001	0.001	0.371	0.000
0.002	0.001	0.356	0.000
0.002	0.001	0.344	0.000
0.002	0.001	0.337	0.000
0.002	0.000	0.334	0.000
0.002	0.000	0.332	0.000
0.003	0.000	0.331	0.000
0.003	0.000	0.331	0.000
0.002	0.000	0.330	0.000
0.002	0.000	0.330	0.000
0.002	0.000	0.331	0.000
0.003	0.000	0.332	0.000
0.003	0.000	0.333	0.000
0.003	0.000	0.332	0.000
0.002	0.001	0.330	0.000
0.002	0.002	0.327	0.000
0.002	0.002	0.323	0.000
0.002	0.003	0.317	0.000
0.002	0.003	0.311	0.000
0.002	0.003	0.304	0.000
0.002	0.003	0.300	0.000
0.002	0.003	0.298	0.000
0.003	0.003	0.300	0.000
0.003	0.002	0.306	0.000
0.003	0.001	0.314	0.000
0.003	0.001	0.323	0.000
0.003	0.002	0.330	0.000
0.003	0.002	0.337	0.000
0.004	0.002	0.341	0.000
0.003	0.002	0.344	0.000
0.003	0.003	0.345	0.000
0.003	0.003	0.345	0.000
0.003	0.004	0.346	0.000
0.002	0.004	0.350	0.000
0.001	0.004	0.357	0.000
0.001	0.003	0.365	0.000
0.001	0.003	0.372	0.000
0.002	0.002	0.378	0.000
0.002	0.002	0.383	0.000
0.003	0.002	0.386	0.000
0.002	0.002	0.387	0.000
0.002	0.002	0.385	0.000
0.002	0.002	0.378	0.000
0.002	0.002	0.369	0.000
0.002	0.003	0.360	0.000
0.001	0.004	0.354	0.000
0.001	0.005	0.350	0.000
0.001	0.004	0.348	0.000
0.003	0.004	0.346	0.000
0.003	0.003	0.344	0.000
0.003	0.004	0.344	0.000
0.003	0.004	0.348	0.000
0.003	0.005	0.353	0.000
0.004	0.005	0.361	0.000
0.005	0.005	0.370	0.000
0.006	0.006	0.380	0.000
0.006	0.008	0.389	0.000
0.006	0.010	0.399	0.000
0.007	0.012	0.410	0.000
0.009	0.013	0.423	0.000
0.009	0.014	0.434	0.000
0.007	0.014	0.444	0.000
0.005	0.014	0.454	0.000
0.003	0.014	0.462	0.000
0.003	0.013	0.470	0.000
0.003	0.012	0.475	0.000
0.003	0.011	0.476	0.000
0.003	0.010	0.475	0.000
0.002	0.009	0.473	0.000
0.002	0.008	0.474	0.000
0.003	0.007	0.476	0.000
0.003	0.007	0.481	0.000
0.002	0.007	0.486	0.000
0.002	0.007	0.492	0.000
0.002	0.008	0.499	0.000
0.003	0.008	0.507	0.000
0.002	0.008	0.515	0.000
0.002	0.008	0.522	0.000
0.002	0.008	0.529	0.000
0.002	0.008	0.536	0.000
0.002	0.007	0.541	0.000
0.002	0.007	0.546	0.000
0.002	0.007	0.551	0.000
0.002	0.007	0.555	0.000
0.002	0.007	0.558	0.000
0.002	0.006	0.560	0.000
0.002	0.006	0.562	0.000
0.002	0.007	0.565	0.000
0.002	0.008	0.566	0.000
0.002	0.009	0.566	0.000
0.002	0.009	0.564	0.000
0.002	0.009	0.560	0.000
0.002	0.008	0.556	0.000
0.002	0.009	0.554	0.000
0.002	0.009	0.553	0.000
0.002	0.008	0.554	0.000
0.001	0.007	0.553	0.000
0.002	0.005	0.551	0.000
0.002	0.004	0.547	0.000
0.002	0.003	0.540	0.000
0.002	0.003	0.533	0.000
0.002	0.003	0.527	0.000
0.002	0.003	0.522	0.000
0.001	0.002	0.517	0.000
0.001	0.002	0.511	0.000
0.001	0.001	0.504	0.000
0.001	0.001	0.496	0.000
0.001	0.001	0.488	0.000
0.001	0.001	0.480	0.000
0.001	0.001	0.474	0.000
0.001	0.001	0.469	0.000
0.001	0.001	0.466	0.000
0.001	0.001	0.464	0.000
0.001	0.001	0.462	0.000
0.001	0.001	0.460	0.000
0.001	0.001	0.456	0.000
0.001	0.000	0.446	0.000
0.002	0.000	0.430	0.000
0.003	0.000	0.408	0.000
0.003	0.001	0.384	0.000
0.004	0.001	0.358	0.000
0.006	0.002	0.334	0.000
0.007	0.003	0.311	0.000
0.008	0.004	0.288	0.000
0.006	0.004	0.266	0.000
0.005	0.005	0.247	0.000
0.004	0.005	0.234	0.000
0.003	0.004	0.228	0.000
0.004	0.004	0.228	0.000
0.003	0.004	0.233	0.000
0.002	0.004	0.241	0.000
0.002	0.004	0.251	0.000
0.002	0.005	0.261	0.000
0.003	0.005	0.269	0.000
0.003	0.004	0.275	0.000
0.003	0.004	0.278	0.000
0.003	0.004	0.281	0.000
0.003	0.005	0.284	0.000
0.002	0.006	0.289	0.000
0.002	0.007	0.293	0.000
0.002	0.008	0.295	0.000
0.002	0.009	0.294	0.000
0.002	0.010	0.293	0.000
0.002	0.012	0.291	0.000
0.003	0.015	0.288	0.000
0.002	0.018	0.283	0.000
0.002	0.021	0.278	0.000
0.002	0.021	0.276	0.000
0.003	0.019	0.278	0.000
0.003	0.014	0.281	0.000
0.003	0.008	0.285	0.000
0.002	0.005	0.287	0.000
0.002	0.004	0.288	0.000
0.002	0.005	0.290	0.000
0.002	0.005	0.290	0.000
0.002	0.005	0.288	0.000
0.002	0.003	0.280	0.000
0.002	0.003	0.268	0.000
0.002	0.003	0.251	0.000
0.003	0.004	0.232	0.000
0.006	0.004	0.214	0.000
0.008	0.002	0.204	0.000
0.010	0.001	0.205	0.000
0.011	0.000	0.213	0.000
0.010	0.000	0.226	0.000
0.010	0.001	0.242	0.000
0.010	0.002	0.258	0.000
0.010	0.002	0.276	0.000
0.010	0.002	0.294	0.000
0.009	0.002	0.309	0.000
0.008	0.003	0.324	0.000
0.008	0.004	0.339	0.000
0.008	0.005	0.357	0.000
0.007	0.005	0.377	0.000
0.007	0.005	0.395	0.000
0.009	0.005	0.411	0.000
0.010	0.005	0.423	0.000
0.009	0.006	0.432	0.000
0.008	0.006	0.437	0.000
0.008	0.006	0.438	0.000
0.009	0.005	0.436	0.000
0.011	0.005	0.433	0.000
0.013	0.004	0.431	0.000
0.013	0.003	0.429	0.000
0.013	0.002	0.425	0.000
0.014	0.001	0.421	0.000
0.014	0.001	0.416	0.000
0.013	0.001	0.412	0.000
0.012	0.001	0.410	0.000
0.010	0.001	0.409	0.000
0.008	0.001	0.408	0.000
0.006	0.001	0.408	0.000
0.004	0.001	0.407	0.000
0.003	0.002	0.407	0.000
0.003	0.002	0.408	0.000
0.005	0.002	0.410	0.000
0.006	0.002	0.414	0.000
0.007	0.002	0.418	0.000
0.005	0.002	0.423	0.000
0.004	0.002	0.429	0.000
0.005	0.001	0.434	0.000
0.006	0.001	0.439	0.000
0.006	0.001	0.445	0.000
0.004	0.001	0.448	0.000
0.002	0.000	0.450	0.000
0.001	0.000	0.450	0.000
0.003	0.001	0.448	0.000
0.003	0.001	0.446	0.000
0.002	0.002	0.443	0.000
0.001	0.002	0.437	0.000
-0.000	0.003	0.430	0.000
0.000	0.003	0.423	0.000
0.001	0.004	0.416	0.000
0.002	0.004	0.412	0.000
0.001	0.003	0.409	0.000
0.000	0.002	0.407	0.000
0.001	0.001	0.407	0.000
0.002	0.001	0.407	0.000
0.002	0.002	0.409	0.000
0.002	0.002	0.412	0.000
0.002	0.003	0.416	0.000
0.003	0.002	0.423	0.000
0.003	0.002	0.431	0.000
0.003	0.003	0.440	0.000
0.003	0.003	0.449	0.000
0.003	0.002	0.457	0.000
0.003	0.002	0.465	0.000
0.003	0.002	0.472	0.000
0.003	0.002	0.479	0.000
0.002	0.002	0.486	0.000
0.002	0.002	0.492	0.000
0.001	0.002	0.497	0.000
0.001	0.003	0.501	0.000
0.002	0.004	0.506	0.000
0.002	0.007	0.513	0.000
0.002	0.009	0.521	0.000
0.001	0.012	0.528	0.000
0.001	0.013	0.532	0.000
0.002	0.014	0.532	0.000
0.003	0.013	0.528	0.000
0.004	0.012	0.522	0.000
0.004	0.010	0.515	0.000
0.003	0.007	0.508	0.000
0.003	0.005	0.503	0.000
0.002	0.004	0.500	0.000
0.002	0.003	0.500	0.000
0.002	0.003	0.501	0.000
0.002	0.002	0.501	0.000
0.001	0.001	0.501	0.000
0.001	0.001	0.502	0.000
0.001	0.002	0.502	0.000
0.002	0.003	0.501	0.000
0.002	0.003	0.497	0.000
0.002	0.003	0.490	0.000
0.002	0.003	0.479	0.000
0.002	0.002	0.467	0.000
0.002	0.002	0.455	0.000
0.002	0.003	0.446	0.000
0.002	0.003	0.442	0.000
0.002	0.002	0.443	0.000
0.002	0.002	0.448	0.000
0.002	0.002	0.455	0.000
0.001	0.002	0.462	0.000
0.002	0.003	0.469	0.000
0.002	0.003	0.476	0.000
0.002	0.002	0.483	0.000
0.002	0.001	0.490	0.000
0.001	0.001	0.497	0.000
0.001	0.001	0.503	0.000
0.001	0.001	0.508	0.000
0.001	0.001	0.514	0.000
0.002	0.001	0.521	0.000
0.002	0.002	0.528	0.000
0.002	0.002	0.535	0.000
0.002	0.003	0.542	0.000
0.002	0.004	0.548	0.000
0.002	0.004	0.552	0.000
0.002	0.003	0.554	0.000
0.002	0.003	0.553	0.000
0.002	0.002	0.550	0.000
0.002	0.002	0.544	0.000
0.002	0.003	0.537	0.000
0.002	0.003	0.527	0.000
0.002	0.004	0.517	0.000
0.002	0.004	0.507	0.000
0.002	0.004	0.499	0.000
0.001	0.004	0.493	0.000
0.001	0.004	0.489	0.000
0.001	0.004	0.489	0.000
0.001	0.004	0.491	0.000
0.001	0.004	0.497	0.000
0.001	0.003	0.505	0.000
0.001	0.002	0.514	0.000
0.001	0.002	0.524	0.000
0.002	0.002	0.534	0.000
0.002	0.002	0.545	0.000
0.002	0.001	0.558	0.000
0.001	0.001	0.571	0.000
0.001	0.000	0.586	0.000
0.001	0.000	0.600	0.000
0.001	0.001	0.614	0.000
0.001	0.001	0.628	0.000
0.001	0.000	0.642	0.000
0.001	0.000	0.655	0.000
0.002	0.001	0.666	0.000
0.002	0.001	0.672	0.000
0.003	0.002	0.677	0.000
0.003	0.002	0.681	0.000
0.003	0.002	0.686	0.000
0.003	0.002	0.689	0.000
0.003	0.003	0.690	0.000
0.002	0.003	0.690	0.000
0.002	0.003	0.688	0.000
0.002	0.003	0.686	0.000
0.002	0.003	0.679	0.000
0.002	0.003	0.665	0.000
0.002	0.003	0.645	0.000
0.003	0.003	0.622	0.000
0.003	0.003	0.598	0.000
0.003	0.003	0.572	0.000
0.003	0.003	0.546	0.000
0.003	0.003	0.519	0.000
0.003	0.003	0.495	0.000
0.003	0.003	0.474	0.000
0.003	0.003	0.456	0.000
0.003	0.004	0.439	0.000
0.003	0.006	0.423	0.000
0.003	0.006	0.407	0.000
0.002	0.006	0.393	0.000
0.002	0.006	0.378	0.000
0.003	0.006	0.361	0.000
0.003	0.008	0.340	0.000
0.004	0.009	0.317	0.000
0.004	0.010	0.294	0.000
0.004	0.009	0.271	0.000
0.004	0.008	0.246	0.000
0.005	0.007	0.220	0.000
0.006	0.006	0.193	0.000
0.006	0.005	0.165	0.000
0.006	0.005	0.139	0.000
0.005	0.006	0.115	0.000
0.004	0.006	0.095	0.000
0.004	0.007	0.083	0.000
0.005	0.007	0.080	0.000
0.005	0.007	0.089	0.000
0.005	0.007	0.107	0.000
0.005	0.007	0.129	0.000
0.005	0.007	0.152	0.000
0.006	0.008	0.173	0.000
0.007	0.009	0.192	0.000
0.006	0.010	0.208	0.000
0.005	0.011	0.221	0.000
0.004	0.012	0.230	0.000
0.003	0.012	0.236	0.000
0.003	0.012	0.243	0.000
0.003	0.010	0.250	0.000
0.003	0.008	0.257	0.000
0.003	0.007	0.264	0.000
0.003	0.006	0.271	0.000
0.003	0.006	0.280	0.000
0.004	0.006	0.291	0.000
0.003	0.004	0.303	0.000
0.003	0.003	0.313	0.000
0.003	0.002	0.322	0.000
0.003	0.001	0.328	0.000
0.003	0.002	0.334	0.000
0.003	0.002	0.340	0.000
0.003	0.002	0.347	0.000
0.003	0.001	0.355	0.000
0.003	0.001	0.363	0.000
0.003	0.001	0.373	0.000
0.002	0.001	0.384	0.000
0.002	0.001	0.396	0.000
0.001	0.001	0.408	0.000
0.001	0.001	0.420	0.000
0.001	0.001	0.433	0.000
0.002	0.001	0.445	0.000
0.002	0.001	0.457	0.000
0.002	0.000	0.466	0.000
0.002	0.000	0.474	0.000
0.002	0.000	0.481	0.000
0.002	0.000	0.487	0.000
0.002	0.000	0.494	0.000
0.002	0.000	0.502	0.000
0.001	0.000	0.512	0.000
0.001	0.000	0.522	0.000
0.001	0.000	0.531	0.000
0.001	0.000	0.540	0.000
0.001	0.000	0.547	0.000
0.001	0.001	0.556	0.000
0.002	0.001	0.565	0.000
0.002	0.001	0.575	0.000
0.002	0.001	0.584	0.000
0.002	0.001	0.596	0.000
0.002	0.001	0.610	0.000
0.002	0.000	0.624	0.000
0.002	0.000	0.637	0.000
0.002	0.000	0.648	0.000
0.002	0.000	0.655	0.000
0.002	0.000	0.661	0.000
0.002	0.001	0.666	0.000
0.002	0.001	0.670	0.000
0.002	0.001	0.671	0.000
0.004	0.001	0.666	0.000
0.007	0.001	0.654	0.000
0.014	0.001	0.635	0.000
0.028	0.001	0.603	0.000
0.047	0.001	0.558	0.000
0.068	0.000	0.503	0.000
0.094	0.000	0.443	0.000
0.129	0.000	0.386	0.000
0.172	0.000	0.338	0.000
0.217	0.001	0.304	0.000
0.261	0.002	0.288	0.000
0.305	0.003	0.294	0.000
0.357	0.003	0.318	0.000
0.410	0.004	0.354	0.000
0.466	0.005	0.395	0.000
0.508	0.007	0.434	0.000
0.522	0.009	0.470	0.000
0.516	0.011	0.504	0.000
0.528	0.017	0.534	0.000
0.552	0.031	0.562	0.000
0.583	0.068	0.586	0.000
0.590	0.140	0.607	0.000
0.556	0.245	0.627	0.001
0.549	0.352	0.645	0.001
0.555	0.419	0.661	0.001
0.557	0.422	0.674	0.001
0.496	0.375	0.687	0.001
0.379	0.319	0.699	0.001
0.257	0.290	0.711	0.001
0.185	0.290	0.722	0.001
0.174	0.297	0.732	0.001
0.177	0.287	0.741	0.001
0.153	0.259	0.750	0.001
0.107	0.226	0.758	0.001
0.073	0.201	0.765	0.001
0.062	0.181	0.772	0.001
0.063	0.157	0.778	0.001
0.055	0.124	0.783	0.001
0.039	0.090	0.788	0.001
0.030	0.071	0.793	0.001
0.035	0.076	0.797	0.001
0.050	0.094	0.801	0.000
0.071	0.107	0.803	0.000
0.121	0.104	0.805	0.000
0.259	0.094	0.808	0.000
0.562	0.095	0.811	0.000
1.079	0.118	0.813	0.001
1.824	0.165	0.813	0.001
2.765	0.223	0.812	0.001
3.888	0.273	0.809	0.001
5.177	0.286	0.806	0.001
6.545	0.245	0.803	0.001
7.845	0.163	0.801	0.001
8.981	0.078	0.798	0.001
9.759	0.025	0.795	0.001
10.111	0.016	0.793	0.000
10.030	0.033	0.790	0.000
9.677	0.051	0.787	0.000
9.026	0.060	0.781	0.000
8.096	0.058	0.774	0.000
8.193	0.052	0.765	0.000
8.335	0.044	0.754	0.000
7.454	0.035	0.740	0.000
5.412	0.027	0.722	0.000
3.348	0.024	0.701	0.000
2.404	0.026	0.675	0.000
2.707	0.028	0.645	0.000
3.279	0.028	0.613	0.000
3.179	0.026	0.580	0.000
2.508	0.025	0.547	0.000
1.997	0.026	0.515	0.000
2.000	0.027	0.485	0.000
2.180	0.025	0.457	0.000
2.059	0.018	0.431	0.000
1.605	0.010	0.407	0.000
1.211	0.005	0.385	0.000
1.105	0.003	0.366	0.000
1.151	0.008	0.351	0.000
1.089	0.020	0.338	0.000
0.879	0.043	0.326	0.000
0.702	0.078	0.315	0.000
0.684	0.119	0.306	0.000
0.759	0.160	0.299	0.000
0.771	0.202	0.294	0.001
0.689	0.244	0.289	0.001
0.597	0.283	0.286	0.001
0.581	0.314	0.282	0.001
0.603	0.332	0.278	0.001
0.578	0.339	0.275	0.001
0.484	0.341	0.272	0.001
0.390	0.345	0.269	0.001
0.347	0.355	0.267	0.001
0.348	0.368	0.265	0.001
0.332	0.376	0.263	0.001
0.278	0.374	0.261	0.001
0.215	0.363	0.258	0.001
0.184	0.348	0.255	0.001
0.179	0.332	0.252	0.001
0.200	0.317	0.248	0.001
0.195	0.296	0.243	0.001
0.153	0.267	0.239	0.001
0.096	0.234	0.236	0.001
0.061	0.201	0.232	0.001
0.093	0.173	0.227	0.001
0.156	0.152	0.223	0.001
0.191	0.137	0.218	0.001
0.175	0.127	0.213	0.001
0.140	0.122	0.209	0.001
0.130	0.118	0.205	0.001
0.156	0.114	0.203	0.001
0.188	0.106	0.201	0.001
0.202	0.096	0.201	0.001
0.200	0.085	0.202	0.000
0.204	0.076	0.204	0.000
0.216	0.067	0.208	0.000
0.221	0.057	0.212	0.000
0.207	0.045	0.218	0.000
0.180	0.035	0.224	0.000
0.156	0.033	0.231	0.000
0.143	0.040	0.239	0.000
0.135	0.051	0.249	0.000
0.129	0.057	0.258	0.000
0.126	0.054	0.267	0.000
0.134	0.046	0.275	0.000
0.152	0.037	0.281	0.000
0.171	0.031	0.286	0.000
0.183	0.028	0.291	0.000
0.185	0.028	0.294	0.000
0.182	0.032	0.295	0.000
0.177	0.039	0.297	0.000
0.170	0.048	0.298	0.000
0.161	0.057	0.299	0.000
0.159	0.064	0.299	0.000
0.157	0.068	0.300	0.000
0.142	0.068	0.301	0.000
0.115	0.066	0.302	0.000
0.088	0.063	0.303	0.000
0.071	0.060	0.303	0.000
0.066	0.056	0.303	0.000
0.063	0.053	0.304	0.000
0.055	0.055	0.305	0.000
0.045	0.059	0.306	0.000
0.037	0.064	0.307	0.000
0.034	0.065	0.308	0.000
0.032	0.062	0.309	0.000
0.028	0.057	0.310	0.000
0.024	0.055	0.310	0.000
0.023	0.052	0.311	0.000
0.023	0.051	0.312	0.000
0.023	0.052	0.314	0.000
0.020	0.055	0.317	0.000
0.017	0.059	0.320	0.000
0.016	0.060	0.324	0.000
0.016	0.058	0.328	0.000
0.017	0.056	0.331	0.000
0.016	0.053	0.335	0.000
0.013	0.050	0.338	0.000
0.011	0.045	0.340	0.000
0.012	0.041	0.342	0.000
0.013	0.039	0.343	0.000
0.014	0.036	0.344	0.000
0.014	0.032	0.345	0.000
0.014	0.027	0.346	0.000
0.017	0.023	0.349	0.000
0.021	0.022	0.352	0.000
0.022	0.021	0.357	0.000
0.020	0.019	0.363	0.000
0.018	0.014	0.370	0.000
0.017	0.010	0.377	0.000
0.017	0.009	0.385	0.000
0.019	0.011	0.392	0.000
0.020	0.012	0.400	0.000
0.019	0.012	0.407	0.000
0.020	0.010	0.414	0.000
0.021	0.011	0.420	0.000
0.022	0.018	0.428	0.000
0.020	0.030	0.435	0.000
0.015	0.040	0.443	0.000
0.010	0.044	0.451	0.000
0.008	0.039	0.460	0.000
0.009	0.031	0.471	0.000
0.010	0.027	0.483	0.000
0.009	0.024	0.498	0.000
0.007	0.021	0.515	0.000
0.005	0.016	0.533	0.000
0.006	0.010	0.553	0.000
0.009	0.006	0.573	0.000
0.013	0.006	0.592	0.000
0.019	0.007	0.612	0.000
0.026	0.008	0.633	0.000
0.031	0.009	0.653	0.000
0.033	0.010	0.673	0.000
0.032	0.013	0.693	0.000
0.030	0.014	0.711	0.000
0.028	0.015	0.727	0.000
0.025	0.014	0.741	0.000
0.020	0.013	0.752	0.000
0.017	0.013	0.761	0.000
0.015	0.014	0.769	0.000
0.016	0.017	0.775	0.000
0.016	0.021	0.779	0.000
0.015	0.026	0.780	0.000
0.014	0.030	0.780	0.000
0.014	0.033	0.778	0.000
0.014	0.036	0.776	0.000
0.014	0.040	0.774	0.000
0.013	0.046	0.772	0.000
0.010	0.051	0.769	0.000
0.010	0.055	0.766	0.000
0.011	0.057	0.763	0.000
0.012	0.060	0.760	0.000
0.010	0.063	0.756	0.000
0.008	0.065	0.751	0.000
0.008	0.063	0.745	0.000
0.009	0.057	0.738	0.000
0.009	0.052	0.730	0.000
0.009	0.049	0.721	0.000
0.009	0.049	0.711	0.000
0.009	0.050	0.701	0.000
0.009	0.049	0.691	0.000
0.009	0.046	0.681	0.000
0.007	0.041	0.671	0.000
0.006	0.035	0.661	0.000
0.007	0.029	0.651	0.000
0.008	0.025	0.640	0.000
0.009	0.021	0.629	0.000
0.009	0.018	0.617	0.000
0.007	0.014	0.604	0.000
0.006	0.011	0.589	0.000
0.005	0.008	0.573	0.000
0.005	0.008	0.555	0.000
0.005	0.008	0.534	0.000
0.005	0.009	0.511	0.000
0.005	0.008	0.487	0.000
0.004	0.008	0.461	0.000
0.004	0.009	0.434	0.000
0.004	0.011	0.408	0.000
0.004	0.013	0.382	0.000
0.004	0.014	0.358	0.000
0.004	0.015	0.335	0.000
0.004	0.016	0.314	0.000
0.004	0.018	0.293	0.000
0.004	0.019	0.273	0.000
0.003	0.018	0.255	0.000
0.003	0.016	0.238	0.000
0.002	0.015	0.223	0.000
0.002	0.015	0.209	0.000
0.002	0.015	0.195	0.000
0.003	0.013	0.182	0.000
0.003	0.011	0.172	0.000
0.003	0.009	0.164	0.000
0.004	0.009	0.157	0.000
0.004	0.012	0.150	0.000
0.004	0.014	0.144	0.000
0.004	0.013	0.139	0.000
0.004	0.011	0.136	0.000
0.004	0.010	0.135	0.000
0.004	0.010	0.134	0.000
0.004	0.012	0.131	0.000
0.004	0.013	0.127	0.000
0.005	0.013	0.123	0.000
0.005	0.011	0.119	0.000
0.005	0.010	0.116	0.000
0.004	0.010	0.115	0.000
0.004	0.010	0.116	0.000
0.004	0.009	0.120	0.000
0.004	0.009	0.126	0.000
0.003	0.008	0.134	0.000
0.003	0.008	0.143	0.000
0.003	0.008	0.152	0.000
0.004	0.007	0.161	0.000
0.005	0.005	0.171	0.000
0.004	0.004	0.183	0.000
0.003	0.003	0.200	0.000
0.003	0.002	0.219	0.000
0.004	0.002	0.239	0.000
0.004	0.002	0.254	0.000
0.005	0.002	0.261	0.000
0.004	0.002	0.260	0.000
0.003	0.002	0.254	0.000
0.003	0.002	0.245	0.000
0.004	0.002	0.236	0.000
0.004	0.002	0.227	0.000
0.004	0.002	0.219	0.000
0.003	0.002	0.210	0.000
0.003	0.001	0.201	0.000
0.003	0.001	0.190	0.000
0.003	0.001	0.175	0.000
0.003	0.001	0.156	0.000
0.002	0.001	0.137	0.000
0.002	0.001	0.124	0.000
0.003	0.001	0.122	0.000
0.003	0.001	0.131	0.000
0.004	0.002	0.151	0.000
0.005	0.002	0.180	0.000
0.007	0.003	0.214	0.000
0.010	0.002	0.250	0.000
0.018	0.002	0.285	0.000
0.039	0.001	0.322	0.000
0.059	0.001	0.361	0.000
0.064	0.001	0.402	0.000
0.051	0.001	0.445	0.000
0.037	0.002	0.488	0.000
0.035	0.005	0.529	0.000
0.049	0.009	0.568	0.000
0.066	0.013	0.603	0.000
0.085	0.018	0.632	0.000
0.095	0.022	0.657	0.000
0.097	0.023	0.676	0.000
0.099	0.018	0.694	0.000
0.110	0.012	0.711	0.000
0.131	0.007	0.729	0.000
0.164	0.007	0.745	0.000
0.202	0.010	0.758	0.000
0.254	0.013	0.769	0.000
0.297	0.018	0.777	0.000
0.319	0.025	0.783	0.000
0.315	0.034	0.789	0.000
0.325	0.042	0.793	0.000
0.337	0.049	0.796	0.000
0.341	0.052	0.799	0.000
0.338	0.051	0.804	0.000
0.345	0.047	0.810	0.000
0.358	0.042	0.818	0.000
0.361	0.038	0.826	0.000
0.342	0.040	0.836	0.000
0.322	0.047	0.847	0.000
0.329	0.056	0.857	0.000
0.358	0.063	0.865	0.000
0.380	0.067	0.870	0.000
0.378	0.068	0.875	0.000
0.368	0.071	0.880	0.000
0.383	0.077	0.885	0.000
0.418	0.082	0.891	0.000
0.437	0.083	0.896	0.000
0.419	0.083	0.901	0.000
0.385	0.090	0.907	0.000
0.370	0.107	0.911	0.000
0.376	0.125	0.914	0.000
0.382	0.131	0.917	0.001
0.374	0.125	0.919	0.001
0.348	0.118	0.921	0.001
0.331	0.121	0.922	0.001
0.333	0.129	0.923	0.001
0.357	0.133	0.923	0.001
0.375	0.132	0.923	0.001
0.375	0.138	0.922	0.001
0.357	0.169	0.922	0.001
0.342	0.226	0.922	0.001
0.342	0.287	0.923	0.001
0.352	0.320	0.923	0.001
0.363	0.316	0.924	0.001
0.360	0.297	0.925	0.001
0.357	0.294	0.925	0.001
0.367	0.313	0.926	0.001
0.391	0.340	0.927	0.001
0.409	0.356	0.928	0.001
0.412	0.360	0.929	0.001
0.400	0.365	0.930	0.001
0.384	0.382	0.930	0.001
0.368	0.413	0.931	0.001
0.350	0.456	0.932	0.001
0.336	0.505	0.933	0.001
0.333	0.550	0.933	0.001
0.344	0.578	0.934	0.001
0.357	0.584	0.935	0.001
0.363	0.584	0.935	0.001
0.363	0.597	0.936	0.001
0.366	0.632	0.937	0.001
0.377	0.683	0.938	0.001
0.384	0.738	0.939	0.001
0.386	0.791	0.940	0.001
0.386	0.853	0.941	0.001
0.396	0.957	0.943	0.001
0.418	1.129	0.944	0.002
0.445	1.357	0.945	0.002
0.477	1.549	0.946	0.002
0.510	1.602	0.946	0.002
0.539	1.515	0.947	0.002
0.556	1.396	0.948	0.002
0.561	1.376	0.948	0.002
0.557	1.482	0.949	0.002
0.553	1.624	0.950	0.002
0.553	1.710	0.950	0.002
0.545	1.731	0.951	0.002
0.538	1.751	0.952	0.002
0.535	1.820	0.952	0.002
0.574	1.933	0.952	0.002
0.665	2.053	0.953	0.002
0.797	2.160	0.953	0.002
0.901	2.259	0.953	0.002
0.961	2.346	0.953	0.002
0.980	2.403	0.953	0.002
0.986	2.422	0.953	0.002
0.996	2.426	0.953	0.002
1.024	2.442	0.954	0.002
1.064	2.460	0.954	0.002
1.091	2.434	0.954	0.002
1.078	2.359	0.955	0.002
1.034	2.287	0.955	0.002
0.984	2.252	0.955	0.002
0.947	2.226	0.955	0.002
0.921	2.138	0.955	0.002
0.898	1.984	0.956	0.002
0.878	1.826	0.956	0.002
0.859	1.706	0.957	0.002
0.842	1.606	0.957	0.002
0.825	1.500	0.958	0.002
0.804	1.401	0.959	0.002
0.773	1.385	0.960	0.002
0.730	1.484	0.961	0.002
0.678	1.620	0.962	0.002
0.625	1.656	0.963	0.002
0.576	1.517	0.963	0.002
0.537	1.258	0.964	0.002
0.508	1.017	0.964	0.002
0.485	0.881	0.964	0.002
0.468	0.839	0.964	0.002
0.457	0.826	0.964	0.002
0.451	0.796	0.964	0.002
0.445	0.753	0.964	0.001
0.431	0.720	0.964	0.001
0.406	0.709	0.964	0.001
0.392	0.707	0.964	0.001
0.387	0.699	0.964	0.001
0.382	0.685	0.964	0.001
0.364	0.673	0.964	0.001
0.331	0.667	0.964	0.001
0.298	0.649	0.964	0.001
0.275	0.611	0.965	0.001
0.263	0.561	0.965	0.001
0.244	0.514	0.965	0.001
0.216	0.475	0.966	0.001
0.195	0.428	0.967	0.001
0.192	0.371	0.967	0.001
0.206	0.326	0.968	0.001
0.220	0.313	0.969	0.001
0.224	0.325	0.969	0.001
0.216	0.329	0.970	0.001
0.201	0.295	0.971	0.001
0.188	0.232	0.971	0.001
0.181	0.175	0.971	0.001
0.182	0.149	0.972	0.001
0.187	0.147	0.972	0.001
0.189	0.151	0.971	0.001
0.186	0.151	0.971	0.001
0.196	0.149	0.969	0.001
0.326	0.148	0.966	0.001
0.852	0.140	0.961	0.001
2.160	0.124	0.953	0.001
4.747	0.114	0.943	0.001
8.783	0.143	0.930	0.001
13.591	0.277	0.918	0.001
17.883	0.617	0.906	0.001
20.487	1.254	0.893	0.001
20.950	2.215	0.879	0.002
19.395	3.462	0.861	0.002
16.430	4.789	0.842	0.002
12.978	5.852	0.821	0.003
10.008	6.349	0.799	0.003
8.313	6.249	0.779	0.003
7.926	5.966	0.764	0.004
8.462	5.868	0.755	0.004
8.927	5.946	0.751	0.004
9.007	5.988	0.747	0.004
9.034	5.911	0.741	0.004
9.829	5.832	0.733	0.004
11.731	5.928	0.723	0.004
14.372	6.150	0.713	0.004
17.320	6.322	0.702	0.004
20.277	6.377	0.687	0.004
22.990	6.478	0.667	0.004
25.077	6.940	0.643	0.004
26.255	7.794	0.617	0.004
26.360	8.750	0.588	0.004
25.329	9.613	0.557	0.004
23.777	10.651	0.524	0.005
21.569	12.493	0.492	0.005
18.707	15.594	0.461	0.005
15.784	19.816	0.429	0.006
13.658	24.724	0.398	0.007
13.086	30.057	0.367	0.007
13.993	35.921	0.341	0.008
15.641	42.534	0.322	0.009
17.530	49.855	0.311	0.009
19.833	57.633	0.310	0.010
22.975	65.612	0.318	0.011
27.136	73.404	0.335	0.012
32.286	80.537	0.359	0.012
37.728	86.597	0.389	0.013
42.695	90.979	0.422	0.014
46.288	92.929	0.456	0.014
48.004	91.734	0.490	0.014
47.701	87.369	0.521	0.014
45.770	81.162	0.550	0.014
42.868	75.110	0.577	0.014
39.545	70.443	0.601	0.014
36.221	66.923	0.622	0.014
32.988	63.412	0.641	0.013
29.599	59.057	0.658	0.013
26.283	53.941	0.674	0.012
22.921	48.702	0.688	0.012
19.375	43.617	0.701	0.011
15.681	38.531	0.713	0.011
12.123	33.304	0.724	0.010
9.215	28.175	0.734	0.010
6.935	23.497	0.743	0.009
4.991	19.328	0.752	0.008
3.183	15.385	0.760	0.008
1.668	11.529	0.768	0.007
0.732	8.011	0.775	0.006
0.408	5.269	0.782	0.005
0.383	3.473	0.789	0.005
0.303	2.377	0.795	0.004
0.124	1.577	0.801	0.003
0.009	0.874	0.807	0.003
0.061	0.331	0.812	0.002
0.176	0.055	0.817	0.002
0.211	0.008	0.821	0.001
0.158	0.039	0.824	0.001
0.289	0.043	0.827	0.001
0.572	0.033	0.830	0.001
0.936	0.065	0.833	0.000
1.519	0.140	0.837	0.000
2.824	0.205	0.840	0.000
5.402	0.236	0.842	0.001
9.340	0.283	0.844	0.001
13.415	0.415	0.846	0.001
15.677	0.664	0.848	0.001
14.694	1.065	0.851	0.001
10.958	1.617	0.853	0.001
6.575	2.109	0.856	0.002
3.611	2.258	0.859	0.002
2.631	2.054	0.862	0.002
2.771	1.892	0.866	0.002
2.969	2.234	0.870	0.002
3.058	3.207	0.875	0.002
3.823	4.439	0.879	0.002
6.029	5.338	0.883	0.003
9.552	5.663	0.887	0.003
13.742	5.837	0.891	0.003
18.003	6.642	0.894	0.004
23.076	8.555	0.895	0.004
29.416	11.724	0.895	0.005
35.961	16.929	0.893	0.005
41.487	26.295	0.889	0.006
45.323	41.946	0.883	0.008
47.521	63.042	0.876	0.009
48.814	85.515	0.867	0.010
49.875	104.306	0.858	0.012
50.648	117.268	0.850	0.013
50.637	125.454	0.843	0.015
49.426	130.031	0.838	0.016
46.974	129.589	0.832	0.016
43.079	121.747	0.828	0.016
38.110	106.945	0.824	0.016
32.372	89.681	0.819	0.016
26.405	75.151	0.815	0.015
21.039	64.954	0.812	0.015
16.538	56.297	0.808	0.014
12.563	46.979	0.805	0.013
8.957	37.759	0.802	0.012
5.857	30.283	0.800	0.011
3.545	24.192	0.798	0.010
2.134	17.476	0.796	0.008
1.363	9.664	0.795	0.007
0.817	2.929	0.793	0.006
0.324	-0.256	0.792	0.005
0.002	0.012	0.791	0.004
-0.039	1.215	0.790	0.003
0.107	1.188	0.788	0.002
0.238	0.077	0.787	0.002
0.280	-0.605	0.784	0.001
0.370	-0.169	0.782	0.001
0.993	0.603	0.778	0.001
3.320	0.728	0.770	0.001
8.650	0.226	0.756	0.001
17.127	-0.139	0.734	0.001
27.498	0.153	0.704	0.001
38.046	0.914	0.669	0.001
42.782	1.844	0.633	0.001
38.823	2.192	0.598	0.001
27.582	1.828	0.567	0.002
14.732	1.127	0.543	0.002
5.767	0.505	0.524	0.002
2.419	0.347	0.509	0.002
2.291	0.590	0.497	0.002
2.315	0.849	0.486	0.001
1.547	0.884	0.473	0.001
0.873	0.746	0.460	0.001
0.974	0.605	0.447	0.001
1.418	0.532	0.432	0.001
1.434	0.471	0.418	0.001
0.912	0.357	0.404	0.001
0.455	0.229	0.390	0.001
0.517	0.173	0.378	0.001
0.942	0.207	0.367	0.001
1.356	0.273	0.356	0.001
1.757	0.324	0.346	0.001
2.586	0.438	0.335	0.001
4.296	0.782	0.325	0.001
7.007	1.551	0.314	0.002
10.495	3.011	0.303	0.002
15.890	5.542	0.292	0.003
21.885	9.794	0.281	0.004
27.243	16.486	0.271	0.005
30.976	25.861	0.263	0.006
33.375	37.550	0.257	0.007
35.475	51.017	0.253	0.008
38.239	66.413	0.252	0.010
41.402	84.669	0.253	0.011
44.312	105.756	0.256	0.013
46.225	127.004	0.260	0.014
47.427	143.996	0.265	0.016
48.510	153.906	0.271	0.017
49.691	157.607	0.278	0.018
50.865	158.831	0.285	0.018
51.811	159.827	0.291	0.019
52.150	159.396	0.298	0.019
51.702	156.464	0.305	0.019
50.053	152.725	0.312	0.019
47.271	150.541	0.318	0.019
44.218	148.688	0.324	0.019
41.860	141.949	0.331	0.019
40.338	127.029	0.337	0.018
38.930	107.527	0.343	0.018
36.900	90.729	0.350	0.017
34.131	80.706	0.357	0.016
31.234	75.305	0.363	0.015
28.831	69.912	0.370	0.015
26.898	62.818	0.376	0.014
24.980	56.104	0.383	0.013
22.783	51.944	0.390	0.012
20.525	49.552	0.398	0.012
18.585	46.442	0.407	0.011
17.036	41.624	0.416	0.011
15.535	36.546	0.425	0.010
13.840	32.953	0.434	0.010
12.060	30.766	0.443	0.010
10.480	28.499	0.453	0.009
9.262	25.230	0.462	0.009
8.261	21.539	0.472	0.008
7.278	18.575	0.483	0.008
6.309	16.702	0.495	0.007
5.508	15.311	0.509	0.007
4.944	13.732	0.525	0.007
4.584	11.953	0.543	0.006
4.185	10.403	0.563	0.006
3.615	9.282	0.586	0.005
2.974	8.332	0.611	0.005
2.493	7.202	0.637	0.005
2.223	5.874	0.665	0.004
2.074	4.636	0.695	0.004
1.941	3.736	0.725	0.004
1.780	3.147	0.756	0.003
1.609	2.653	0.785	0.003
1.465	2.094	0.812	0.003
1.356	1.488	0.837	0.003
1.272	0.964	0.860	0.002
1.213	0.617	0.881	0.002
1.184	0.439	0.899	0.002
1.189	0.348	0.915	0.001
1.217	0.273	0.928	0.001
1.277	0.199	0.938	0.001
1.378	0.144	0.945	0.001
1.495	0.130	0.949	0.001
1.605	0.153	0.952	0.001
1.646	0.195	0.953	0.001
1.567	0.248	0.952	0.001
1.385	0.325	0.951	0.001
1.202	0.436	0.948	0.001
1.100	0.573	0.946	0.001
1.018	0.720	0.943	0.001
0.888	0.881	0.941	0.001
0.718	1.065	0.939	0.001
0.630	1.266	0.937	0.001
0.944	1.446	0.935	0.002
2.549	1.546	0.934	0.002
6.922	1.512	0.932	0.002
15.513	1.320	0.929	0.002
28.619	1.058	0.924	0.002
44.485	0.935	0.918	0.002
58.734	1.030	0.909	0.002
65.981	1.216	0.896	0.002
63.752	1.331	0.881	0.002
54.620	1.317	0.863	0.002
43.763	1.433	0.842	0.003
35.013	3.127	0.820	0.003
28.541	5.395	0.797	0.003
22.615	5.925	0.777	0.003
16.732	3.799	0.760	0.003
12.094	0.987	0.746	0.003
9.723	0.295	0.734	0.002
8.944	2.477	0.721	0.002
8.160	5.475	0.709	0.002
6.636	6.757	0.698	0.002
5.032	5.928	0.688	0.003
4.224	4.662	0.680	0.003
4.221	4.450	0.671	0.003
4.328	5.079	0.662	0.003
4.258	5.431	0.653	0.003
4.470	5.126	0.644	0.004
5.513	4.859	0.634	0.004
7.410	5.391	0.624	0.004
9.625	6.642	0.612	0.004
11.539	8.010	0.600	0.004
12.838	9.265	0.587	0.004
13.428	10.827	0.574	0.004
13.342	12.849	0.560	0.005
12.612	14.240	0.546	0.005
11.445	14.088	0.531	0.005
10.250	12.909	0.516	0.005
9.465	12.345	0.499	0.006
9.334	13.433	0.482	0.006
9.809	15.706	0.463	0.006
10.616	18.254	0.444	0.006
11.525	21.169	0.424	0.006
12.282	25.461	0.404	0.007
12.854	31.735	0.382	0.008
13.311	39.197	0.360	0.008
13.768	46.117	0.337	0.009
14.258	50.947	0.313	0.009
14.737	53.204	0.290	0.010
15.138	53.518	0.267	0.010
15.389	53.000	0.246	0.011
15.520	52.559	0.227	0.011
15.545	52.512	0.210	0.011
15.467	52.638	0.197	0.011
15.347	52.404	0.189	0.011
15.255	51.186	0.185	0.011
15.228	48.498	0.186	0.011
15.332	44.479	0.191	0.011
15.569	39.966	0.200	0.011
15.911	35.813	0.211	0.010
16.459	32.590	0.225	0.010
17.196	30.473	0.241	0.009
18.062	28.960	0.259	0.009
18.956	27.243	0.277	0.009
19.919	25.214	0.296	0.008
20.975	23.720	0.315	0.008
22.123	23.199	0.334	0.008
23.200	23.289	0.354	0.008
24.117	23.191	0.373	0.008
24.834	22.664	0.392	0.008
25.335	21.988	0.410	0.007
25.568	21.583	0.427	0.007
25.702	21.390	0.443	0.007
25.867	21.052	0.458	0.007
26.203	20.493	0.472	0.007
26.681	20.051	0.485	0.007
27.703	19.911	0.496	0.007
28.853	19.684	0.506	0.007
29.855	19.464	0.516	0.007
30.578	19.467	0.524	0.007
31.357	20.311	0.532	0.007
32.548	20.247	0.539	0.007
34.345	17.826	0.545	0.007
35.855	14.960	0.549	0.007
36.271	16.576	0.553	0.007
35.547	21.855	0.556	0.007
34.331	27.102	0.559	0.007
33.366	28.479	0.561	0.007
32.917	26.132	0.563	0.007
32.744	23.601	0.565	0.008
32.697	23.834	0.567	0.008
32.993	25.836	0.568	0.008
34.172	26.273	0.569	0.008
36.598	23.195	0.569	0.008
39.028	18.319	0.569	0.007
40.361	14.758	0.568	0.007
40.341	13.844	0.567	0.007
39.725	14.474	0.565	0.007
39.347	14.788	0.563	0.006
39.181	14.189	0.559	0.006
38.434	13.565	0.556	0.006
36.644	13.769	0.551	0.006
34.615	14.603	0.546	0.006
33.078	15.356	0.541	0.006
32.471	15.922	0.536	0.006
32.241	17.017	0.531	0.006
31.771	19.261	0.524	0.006
30.991	22.372	0.516	0.007
30.293	25.473	0.507	0.007
30.213	28.082	0.496	0.007
30.420	30.614	0.485	0.008
30.413	33.796	0.472	0.008
29.932	37.661	0.459	0.009
29.039	41.451	0.446	0.009
27.936	44.424	0.434	0.009
26.933	46.644	0.423	0.010
26.006	48.922	0.413	0.010
25.183	51.848	0.403	0.011
24.287	54.874	0.394	0.011
23.508	56.880	0.386	0.011
23.004	57.535	0.379	0.011
22.682	57.869	0.374	0.012
22.295	59.312	0.368	0.012
21.775	62.216	0.364	0.012
21.262	65.616	0.361	0.012
20.836	68.391	0.359	0.012
20.413	70.197	0.358	0.013
19.804	71.315	0.359	0.013
18.861	71.874	0.360	0.013
17.722	71.820	0.361	0.013
16.654	71.209	0.364	0.013
15.741	70.144	0.367	0.013
14.862	68.419	0.372	0.013
13.900	65.443	0.378	0.013
12.857	60.919	0.384	0.013
11.912	55.562	0.391	0.012
11.244	50.687	0.399	0.012
10.729	47.014	0.407	0.012
10.052	43.949	0.416	0.011
9.041	40.210	0.426	0.011
7.861	35.224	0.436	0.010
6.788	29.707	0.447	0.010
5.963	24.894	0.459	0.009
5.291	21.335	0.471	0.009
4.649	18.608	0.483	0.008
4.047	16.054	0.496	0.007
3.601	13.556	0.510	0.007
3.311	11.469	0.525	0.006
3.058	9.987	0.539	0.006
2.708	8.830	0.552	0.005
2.273	7.579	0.566	0.005
1.870	6.166	0.578	0.005
1.568	4.920	0.591	0.004
1.324	4.143	0.603	0.004
1.093	3.770	0.615	0.004
0.892	3.499	0.626	0.003
0.751	3.126	0.636	0.003
0.663	2.686	0.645	0.003
0.584	2.297	0.654	0.003
0.491	1.986	0.661	0.003
0.407	1.695	0.668	0.002
0.360	1.399	0.675	0.002
0.343	1.132	0.681	0.002
0.340	0.914	0.686	0.002
0.446	0.703	0.692	0.002
0.934	0.459	0.696	0.001
2.186	0.211	0.701	0.001
4.519	0.041	0.703	0.001
8.233	0.029	0.704	0.001
13.945	0.384	0.700	0.001
22.073	1.937	0.690	0.002
32.164	6.846	0.675	0.003
42.517	18.527	0.656	0.005
50.674	39.873	0.636	0.006
53.932	70.517	0.616	0.008
49.958	105.184	0.597	0.011
39.208	134.772	0.580	0.012
25.560	150.119	0.565	0.014
13.966	145.974	0.553	0.015
7.094	123.633	0.541	0.016
4.194	90.564	0.532	0.016
2.785	56.808	0.522	0.015
1.314	30.360	0.513	0.014
0.062	14.139	0.504	0.012
-0.216	6.225	0.494	0.010
0.301	2.778	0.485	0.008
0.680	0.978	0.475	0.006
0.404	-0.077	0.465	0.005
-0.126	-0.355	0.456	0.003
-0.259	-0.056	0.446	0.002
0.062	0.246	0.437	0.001
0.352	0.193	0.428	0.001
0.282	-0.033	0.420	0.001
0.016	-0.061	0.412	0.000
-0.086	0.170	0.404	0.000
0.084	0.390	0.396	0.000
0.475	0.378	0.388	0.001
1.785	0.223	0.380	0.001
4.821	0.163	0.373	0.001
9.969	0.315	0.365	0.001
16.560	0.708	0.358	0.001
22.673	1.666	0.351	0.002
25.441	2.514	0.344	0.002
22.793	2.667	0.338	0.002
15.795	2.076	0.335	0.003
7.929	1.542	0.335	0.003
2.525	1.336	0.338	0.003
0.495	1.292	0.344	0.003
0.430	0.997	0.352	0.003
0.492	0.401	0.360	0.002
0.108	-0.107	0.370	0.002
-0.173	-0.159	0.381	0.001
0.074	0.129	0.393	0.001
0.511	0.341	0.406	0.001
0.590	0.281	0.420	0.001
0.309	0.131	0.435	0.001
0.226	0.129	0.450	0.001
0.919	0.260	0.467	0.001
2.533	0.315	0.484	0.001
4.931	0.195	0.499	0.001
7.846	0.049	0.513	0.001
11.314	0.123	0.528	0.001
15.676	0.572	0.543	0.001
21.426	1.417	0.557	0.001
28.587	2.563	0.569	0.002
36.885	3.833	0.579	0.002
45.131	5.072	0.588	0.002
54.394	6.271	0.597	0.003
66.276	7.515	0.606	0.003
78.582	8.785	0.614	0.004
87.147	9.827	0.619	0.004
89.735	10.143	0.622	0.004
87.430	9.499	0.621	0.005
82.989	8.598	0.619	0.005
77.496	9.064	0.615	0.005
69.297	12.489	0.609	0.005
56.785	19.024	0.602	0.006
41.721	26.346	0.594	0.006
28.635	30.997	0.586	0.007
20.767	31.144	0.577	0.007
18.385	28.387	0.564	0.008
19.893	25.899	0.544	0.008
23.531	24.964	0.516	0.008
28.457	23.666	0.482	0.008
33.648	19.636	0.444	0.007
37.147	13.417	0.409	0.007
36.999	8.103	0.381	0.006
33.770	6.173	0.362	0.006
29.765	7.194	0.350	0.005
26.808	8.847	0.342	0.005
24.857	9.987	0.339	0.005
22.833	11.735	0.338	0.005
20.155	15.511	0.339	0.005
18.520	21.049	0.342	0.006
19.121	26.734	0.345	0.007
21.897	31.634	0.349	0.007
25.399	36.345	0.352	0.008
28.230	41.965	0.354	0.009
29.945	48.769	0.357	0.009
31.077	56.276	0.358	0.010
32.657	64.154	0.360	0.011
34.703	72.996	0.361	0.012
37.015	83.765	0.361	0.013
39.268	96.478	0.362	0.013
41.088	109.324	0.363	0.014
41.720	119.146	0.363	0.015
40.919	123.187	0.364	0.016
39.022	121.364	0.365	0.016
36.970	116.548	0.367	0.016
35.667	111.506	0.370	0.016
35.673	105.798	0.375	0.016
36.641	96.649	0.384	0.016
37.978	82.822	0.399	0.015
38.729	67.095	0.419	0.015
38.860	54.229	0.446	0.014
38.799	46.711	0.474	0.013
38.918	42.979	0.502	0.012
39.011	39.860	0.523	0.011
38.322	35.568	0.539	0.011
36.887	30.629	0.548	0.010
36.390	26.291	0.555	0.009
37.063	22.783	0.559	0.009
37.768	19.457	0.562	0.008
37.083	16.000	0.563	0.007
35.290	12.930	0.562	0.007
33.781	10.970	0.561	0.006
33.869	10.179	0.560	0.006
35.031	10.001	0.559	0.006
35.817	9.971	0.557	0.005
35.019	10.120	0.555	0.005
32.574	10.672	0.554	0.005
30.101	11.592	0.552	0.005
28.799	12.588	0.551	0.005
28.742	13.373	0.549	0.005
28.617	13.959	0.547	0.005
27.687	14.630	0.547	0.006
26.095	15.689	0.549	0.006
24.749	17.152	0.556	0.006
24.251	18.789	0.570	0.006
24.443	20.350	0.592	0.006
24.653	21.809	0.620	0.007
24.308	23.366	0.652	0.007
23.501	25.154	0.684	0.007
22.623	26.925	0.713	0.007
22.059	28.191	0.735	0.008
22.113	28.865	0.750	0.008
22.764	29.662	0.760	0.008
23.656	31.592	0.764	0.008
24.301	34.975	0.766	0.009
24.299	39.058	0.766	0.009
23.537	42.687	0.765	0.009
22.272	45.367	0.765	0.010
21.366	47.568	0.766	0.010
21.691	50.074	0.767	0.010
22.681	53.154	0.769	0.011
23.121	56.289	0.771	0.011
22.323	58.676	0.773	0.011
21.275	59.984	0.776	0.012
20.644	60.646	0.779	0.012
20.399	61.286	0.781	0.012
20.436	61.921	0.783	0.012
20.028	61.934	0.785	0.012
19.082	60.617	0.788	0.012
18.050	57.973	0.790	0.012
17.373	54.821	0.792	0.012
16.933	52.039	0.793	0.012
16.251	49.803	0.794	0.011
15.963	47.494	0.795	0.011
15.324	44.213	0.797	0.011
13.518	39.643	0.798	0.010
10.585	34.207	0.800	0.010
7.517	28.547	0.803	0.009
5.482	23.040	0.806	0.009
4.797	17.833	0.809	0.008
4.948	13.185	0.813	0.007
5.130	9.579	0.816	0.007
5.302	7.351	0.820	0.006
6.192	6.222	0.823	0.005
8.188	5.403	0.825	0.005
11.151	4.253	0.827	0.004
14.563	2.791	0.830	0.004
17.986	1.559	0.833	0.003
21.165	1.004	0.838	0.003
23.607	1.077	0.843	0.002
24.440	1.404	0.846	0.002
22.802	1.792	0.847	0.002
19.383	2.441	0.844	0.002
16.398	3.860	0.837	0.003
15.768	6.994	0.823	0.003
17.656	13.101	0.803	0.004
21.006	22.451	0.776	0.005
25.019	32.125	0.746	0.006
29.250	37.031	0.715	0.007
33.771	34.688	0.683	0.007
38.219	27.910	0.650	0.008
42.493	22.438	0.617	0.008
44.596	21.234	0.584	0.008
43.101	22.210	0.553	0.008
38.220	21.649	0.525	0.008
31.371	18.368	0.502	0.007
24.102	14.403	0.484	0.007
17.563	11.986	0.468	0.006
12.889	10.982	0.456	0.006
11.235	9.650	0.445	0.006
13.350	7.173	0.437	0.005
18.525	4.740	0.430	0.005
25.239	4.009	0.425	0.004
30.463	5.212	0.422	0.004
32.047	7.101	0.419	0.004
29.685	8.207	0.417	0.004
24.581	7.692	0.414	0.004
18.502	5.497	0.412	0.003
12.901	2.607	0.410	0.003
8.383	0.937	0.407	0.002
5.080	1.716	0.404	0.002
3.232	3.882	0.401	0.002
2.588	4.934	0.399	0.002
2.526	3.626	0.398	0.002
2.394	1.298	0.397	0.002
2.104	0.295	0.395	0.002
2.366	1.406	0.390	0.002
4.164	3.267	0.382	0.002
7.876	4.116	0.369	0.002
11.865	3.881	0.352	0.002
13.805	4.666	0.334	0.003
12.782	9.589	0.317	0.004
9.813	20.074	0.304	0.004
7.238	33.265	0.295	0.005
6.221	43.183	0.290	0.006
6.496	45.073	0.286	0.007
7.139	39.509	0.283	0.008
8.726	31.938	0.281	0.009
10.646	27.826	0.278	0.009
11.917	28.253	0.275	0.009
11.799	30.080	0.271	0.009
10.616	30.124	0.268	0.009
9.497	28.349	0.264	0.009
9.299	27.067	0.261	0.008
9.630	27.765	0.257	0.008
9.622	29.542	0.254	0.008
8.983	30.448	0.251	0.008
8.313	29.655	0.247	0.008
8.227	27.901	0.244	0.008
8.327	26.306	0.240	0.008
7.949	25.203	0.237	0.008
6.848	24.115	0.233	0.008
5.601	22.558	0.228	0.008
4.957	20.558	0.223	0.008
5.016	18.431	0.217	0.007
5.285	16.380	0.210	0.007
5.390	14.334	0.202	0.007
5.535	12.142	0.193	0.006
6.214	9.861	0.183	0.006
7.878	7.744	0.171	0.005
10.506	6.042	0.158	0.005
13.761	4.872	0.144	0.004
17.480	4.293	0.130	0.004
21.441	4.368	0.116	0.004
25.497	5.172	0.103	0.004
29.018	6.758	0.091	0.004
31.632	9.162	0.081	0.004
33.182	12.260	0.074	0.004
33.817	15.849	0.071	0.005
33.935	19.740	0.075	0.006
33.725	23.767	0.085	0.006
33.102	27.901	0.100	0.007
31.886	32.293	0.118	0.007
30.302	36.190	0.138	0.008
28.563	38.699	0.158	0.009
26.998	39.867	0.177	0.009
25.617	41.199	0.197	0.009
24.281	44.378	0.216	0.010
22.926	48.199	0.234	0.010
21.654	49.278	0.251	0.010
20.740	45.492	0.267	0.010
20.233	38.443	0.281	0.010
19.754	32.776	0.294	0.010
18.635	31.769	0.307	0.010
16.485	34.141	0.319	0.010
13.647	35.620	0.330	0.009
10.946	33.463	0.340	0.009
8.965	29.028	0.349	0.009
7.707	25.732	0.357	0.009
6.736	24.848	0.365	0.008
5.735	24.653	0.372	0.008
4.741	22.939	0.377	0.008
3.914	19.519	0.381	0.007
3.281	15.961	0.384	0.007
2.741	13.409	0.389	0.007
2.253	11.544	0.393	0.006
1.928	9.639	0.397	0.006
2.072	7.709	0.401	0.005
3.487	6.398	0.406	0.005
7.410	6.097	0.412	0.005
14.098	6.603	0.419	0.005
21.829	8.033	0.427	0.005
27.588	11.609	0.435	0.005
29.224	18.288	0.442	0.005
26.778	26.613	0.450	0.006
22.103	32.277	0.459	0.006
17.337	33.017	0.467	0.007
13.111	29.807	0.475	0.007
9.311	24.911	0.481	0.007
6.087	19.233	0.487	0.007
3.957	13.004	0.492	0.007
3.052	7.457	0.496	0.006
2.839	4.563	0.500	0.006
2.571	4.695	0.504	0.005
2.035	6.012	0.509	0.005
1.596	6.049	0.513	0.004
1.561	4.274	0.517	0.004
1.779	2.287	0.519	0.003
1.868	1.678	0.520	0.003
1.699	2.239	0.520	0.003
1.500	2.600	0.521	0.003
1.471	2.058	0.522	0.002
1.530	1.212	0.524	0.002
1.481	0.918	0.527	0.002
1.307	1.181	0.531	0.002
1.178	1.325	0.537	0.002
1.230	0.968	0.542	0.002
1.379	0.452	0.546	0.002
1.446	0.308	0.549	0.001
1.363	0.587	0.552	0.001
1.228	0.886	0.554	0.001
1.146	0.902	0.558	0.001
1.119	0.746	0.562	0.001
1.071	0.692	0.566	0.001
0.977	0.805	0.572	0.001
0.876	0.904	0.577	0.001
0.831	0.848	0.584	0.001
0.834	0.709	0.591	0.001
0.831	0.656	0.599	0.001
0.789	0.728	0.606	0.001
0.728	0.811	0.614	0.001
0.683	0.795	0.621	0.001
0.656	0.709	0.629	0.001
0.626	0.665	0.636	0.001
0.599	0.726	0.645	0.001
0.584	0.850	0.653	0.001
0.576	0.957	0.661	0.001
0.558	1.022	0.670	0.001
0.522	1.066	0.678	0.001
0.481	1.101	0.686	0.002
0.456	1.110	0.694	0.002
0.451	1.075	0.702	0.002
0.440	1.010	0.708	0.002
0.401	0.952	0.713	0.002
0.349	0.911	0.717	0.002
0.304	0.870	0.718	0.002
0.276	0.812	0.718	0.001
0.258	0.746	0.716	0.001
0.237	0.696	0.713	0.001
0.211	0.651	0.709	0.001
0.186	0.576	0.704	0.001
0.167	0.461	0.699	0.001
0.146	0.346	0.694	0.001
0.121	0.284	0.689	0.001
0.093	0.295	0.683	0.001
0.069	0.345	0.677	0.001
0.059	0.386	0.671	0.001
0.163	0.382	0.664	0.001
0.893	0.337	0.657	0.001
3.087	0.287	0.649	0.001
7.097	0.406	0.638	0.001
11.974	1.245	0.624	0.002
15.754	3.662	0.606	0.002
16.368	8.288	0.583	0.003
13.467	14.418	0.558	0.004
8.671	19.125	0.533	0.004
4.347	19.144	0.509	0.005
1.890	14.294	0.486	0.005
1.139	7.841	0.465	0.005
1.152	3.432	0.447	0.005
1.361	2.070	0.433	0.004
2.187	2.089	0.420	0.004
5.023	1.684	0.406	0.003
11.764	0.928	0.389	0.003
22.982	1.073	0.369	0.002
36.133	2.453	0.344	0.002
46.533	3.938	0.316	0.002
51.839	4.560	0.286	0.002
53.717	4.860	0.258	0.003
53.586	5.103	0.235	0.003
51.429	5.714	0.220	0.003
46.136	5.870	0.214	0.003
38.180	4.876	0.216	0.003
29.581	3.195	0.223	0.003
22.277	2.322	0.233	0.003
16.946	3.359	0.241	0.003
13.000	5.889	0.248	0.003
9.964	8.071	0.253	0.003
8.357	8.326	0.259	0.004
8.822	6.844	0.270	0.004
11.220	5.311	0.289	0.004
14.403	5.271	0.313	0.004
17.571	6.668	0.337	0.004
20.833	8.356	0.357	0.004
24.190	9.679	0.368	0.004
26.703	11.174	0.375	0.005
27.515	13.782	0.383	0.005
27.167	17.529	0.394	0.005
26.915	21.207	0.405	0.006
27.275	23.513	0.415	0.006
27.791	24.098	0.424	0.007
27.500	23.463	0.431	0.007
26.134	22.058	0.439	0.007
24.533	19.812	0.447	0.007
23.796	16.676	0.453	0.007
23.850	13.296	0.458	0.007
24.138	10.751	0.463	0.006
24.504	9.596	0.469	0.006
24.969	9.363	0.476	0.006
25.817	9.096	0.480	0.005
26.987	8.287	0.483	0.005
28.225	7.164	0.484	0.005
29.227	6.216	0.484	0.004
29.998	5.643	0.482	0.004
30.682	5.336	0.480	0.004
31.450	5.252	0.476	0.004
32.788	5.571	0.473	0.004
34.501	6.418	0.472	0.004
36.041	7.566	0.473	0.004
37.144	8.730	0.476	0.004
37.766	9.828	0.480	0.004
38.345	10.872	0.484	0.004
39.144	11.646	0.489	0.005
39.696	11.800	0.495	0.005
39.339	11.320	0.500	0.005
37.991	10.719	0.505	0.005
36.264	10.601	0.509	0.005
34.920	11.241	0.513	0.005
33.875	12.484	0.516	0.005
32.686	14.016	0.518	0.005
31.255	15.670	0.519	0.006
29.886	17.557	0.518	0.006
29.019	20.012	0.517	0.006
28.524	23.483	0.515	0.007
27.987	28.104	0.513	0.007
27.300	33.571	0.509	0.008
26.782	39.521	0.506	0.008
26.727	45.749	0.502	0.009
27.029	52.347	0.498	0.010
27.552	59.483	0.496	0.011
28.135	67.115	0.496	0.011
28.564	74.935	0.497	0.012
28.802	82.610	0.501	0.013
29.194	89.863	0.508	0.013
30.064	96.875	0.515	0.014
31.391	103.931	0.525	0.015
32.742	110.983	0.536	0.015
33.699	117.466	0.549	0.016
34.184	122.933	0.562	0.016
34.560	127.195	0.575	0.017
35.216	130.182	0.588	0.017
35.986	132.083	0.601	0.017
36.552	133.450	0.614	0.018
36.747	134.998	0.627	0.018
36.830	136.805	0.639	0.018
37.175	138.221	0.651	0.018
37.987	138.405	0.663	0.018
39.085	137.440	0.674	0.018
39.903	136.301	0.687	0.018
39.870	135.491	0.701	0.018
38.895	134.152	0.718	0.018
37.573	130.951	0.735	0.018
36.446	125.559	0.750	0.018
35.531	119.214	0.764	0.018
34.305	113.982	0.775	0.017
32.726	110.641	0.784	0.017
30.338	108.410	0.793	0.017
27.886	105.971	0.800	0.016
25.998	102.598	0.805	0.016
24.802	98.439	0.808	0.016
23.633	93.998	0.811	0.016
21.805	89.464	0.814	0.015
19.493	84.640	0.818	0.015
17.272	78.925	0.823	0.015
15.619	71.783	0.828	0.014
14.377	63.612	0.834	0.014
13.127	55.869	0.840	0.013
11.709	49.913	0.846	0.012
10.355	45.854	0.852	0.012
9.275	42.744	0.857	0.011
8.383	39.790	0.860	0.011
7.454	37.030	0.861	0.010
6.358	34.706	0.860	0.010
5.404	32.543	0.859	0.010
4.880	30.095	0.857	0.009
4.750	27.599	0.854	0.009
4.705	25.581	0.851	0.009
4.536	23.991	0.848	0.008
4.343	22.104	0.844	0.008
4.364	19.572	0.838	0.008
4.796	17.222	0.832	0.007
5.574	16.410	0.824	0.007
6.502	17.220	0.814	0.007
7.503	18.828	0.803	0.007
8.743	20.569	0.791	0.007
10.115	21.960	0.778	0.007
11.462	23.203	0.764	0.007
12.779	24.705	0.749	0.007
14.056	26.767	0.733	0.008
15.394	29.765	0.717	0.008
16.979	33.628	0.700	0.008
18.555	37.517	0.682	0.009
19.862	41.421	0.664	0.009
21.200	45.583	0.647	0.010
22.867	50.705	0.629	0.010
24.849	57.212	0.611	0.011
26.928	64.805	0.593	0.011
28.780	72.679	0.575	0.012
30.532	80.214	0.557	0.013
32.568	87.212	0.539	0.013
34.951	93.797	0.520	0.014
37.432	100.314	0.502	0.014
39.832	107.357	0.484	0.015
42.245	115.560	0.467	0.016
44.678	125.221	0.449	0.016
47.180	135.900	0.432	0.017
50.188	146.922	0.415	0.018
54.399	157.878	0.399	0.018
59.593	168.551	0.383	0.019
64.243	178.297	0.368	0.019
66.117	185.559	0.353	0.020
64.845	188.099	0.340	0.020
62.745	184.359	0.327	0.020
61.958	174.449	0.315	0.020
62.883	160.503	0.304	0.020
64.692	145.434	0.293	0.020
67.164	131.513	0.283	0.019
70.810	120.340	0.273	0.019
76.136	112.726	0.263	0.018
82.327	108.251	0.254	0.017
87.938	105.032	0.244	0.017
92.024	100.720	0.234	0.016
94.950	94.835	0.224	0.016
97.751	89.334	0.213	0.016
101.232	86.221	0.202	0.015
104.825	85.749	0.191	0.015
106.928	86.401	0.181	0.015
107.113	86.679	0.171	0.015
105.623	86.488	0.162	0.015
104.412	86.488	0.154	0.014
103.189	86.788	0.149	0.014
101.362	86.632	0.145	0.014
98.830	85.260	0.145	0.014
95.949	82.708	0.148	0.014
93.229	79.206	0.153	0.014
90.772	74.517	0.160	0.014
87.696	68.917	0.169	0.014
83.637	63.222	0.179	0.013
79.274	58.408	0.190	0.013
75.612	54.786	0.202	0.012
72.555	51.831	0.213	0.012
69.320	48.723	0.225	0.012
65.932	45.177	0.237	0.011
63.596	41.815	0.248	0.011
61.922	39.500	0.260	0.011
60.061	38.663	0.271	0.010
56.741	38.724	0.282	0.010
52.368	38.433	0.292	0.010
48.170	36.917	0.302	0.010
45.820	34.753	0.312	0.009
44.916	33.187	0.321	0.009
43.890	32.931	0.330	0.009
41.919	33.379	0.338	0.009
39.550	33.570	0.346	0.009
37.458	33.176	0.354	0.009
35.860	32.531	0.362	0.009
34.524	32.226	0.370	0.009
33.021	32.325	0.379	0.009
31.468	32.265	0.386	0.009
30.144	31.554	0.393	0.009
29.177	30.566	0.400	0.009
28.354	30.145	0.407	0.009
27.551	30.643	0.413	0.009
26.754	31.265	0.419	0.009
26.017	31.067	0.425	0.009
25.439	29.875	0.431	0.009
24.786	28.326	0.436	0.008
23.891	26.878	0.442	0.008
22.869	25.381	0.446	0.008
22.064	23.461	0.451	0.008
21.643	21.264	0.455	0.008
21.518	19.304	0.458	0.007
21.324	17.915	0.460	0.007
20.686	16.801	0.462	0.007
19.829	15.473	0.463	0.007
19.096	13.731	0.464	0.006
18.582	11.896	0.464	0.006
18.371	10.380	0.463	0.006
18.037	9.256	0.463	0.005
17.408	8.334	0.462	0.005
16.534	7.398	0.460	0.005
15.732	6.411	0.459	0.005
15.110	5.499	0.457	0.004
14.627	4.749	0.455	0.004
14.109	4.220	0.453	0.004
13.534	4.019	0.451	0.004
12.980	4.207	0.448	0.003
12.550	4.654	0.445	0.003
12.151	5.037	0.442	0.003
11.698	5.128	0.438	0.003
11.215	4.967	0.434	0.003
10.835	4.748	0.430	0.003
10.601	4.628	0.425	0.003
10.453	4.580	0.420	0.003
10.294	4.492	0.415	0.003
10.051	4.329	0.410	0.003
9.791	4.182	0.404	0.003
9.618	4.112	0.398	0.003
9.273	4.116	0.392	0.003
9.155	4.126	0.386	0.003
9.264	4.113	0.379	0.003
9.454	3.986	0.372	0.003
9.521	3.679	0.364	0.003
9.372	3.300	0.356	0.003
9.260	3.093	0.348	0.003
9.404	3.210	0.339	0.003
9.768	3.543	0.330	0.003
10.052	3.799	0.320	0.003
10.109	3.800	0.311	0.003
10.032	3.610	0.301	0.003
9.980	3.366	0.292	0.003
10.005	3.118	0.283	0.003
9.988	2.847	0.274	0.003
9.827	2.593	0.265	0.003
9.531	2.474	0.256	0.003
9.198	2.557	0.247	0.003
8.771	2.749	0.238	0.003
8.424	2.888	0.229	0.003
8.185	2.954	0.220	0.003
7.999	3.035	0.210	0.003
7.769	3.186	0.200	0.003
7.407	3.356	0.189	0.003
6.976	3.512	0.178	0.003
6.500	3.714	0.166	0.003
6.022	4.035	0.153	0.003
5.556	4.349	0.140	0.003
5.140	4.460	0.127	0.003
4.812	4.338	0.116	0.003
4.575	4.150	0.108	0.003
4.392	4.070	0.104	0.003
4.244	4.113	0.106	0.003
4.121	4.137	0.114	0.003
4.010	4.043	0.130	0.003
3.860	3.862	0.151	0.003
3.654	3.671	0.176	0.003
3.400	3.514	0.203	0.003
3.150	3.362	0.233	0.003
2.951	3.185	0.263	0.003
2.800	3.013	0.294	0.003
2.605	2.913	0.325	0.003
2.355	2.909	0.355	0.003
2.048	2.935	0.384	0.003
1.741	2.867	0.412	0.003
1.494	2.645	0.440	0.003
1.241	2.319	0.467	0.002
1.065	1.983	0.493	0.002
1.262	1.674	0.516	0.002
2.282	1.358	0.536	0.002
4.731	1.003	0.551	0.002
9.226	0.693	0.564	0.002
16.231	0.716	0.572	0.002
25.876	1.642	0.576	0.002
37.804	4.169	0.576	0.002
50.871	8.784	0.572	0.003
63.871	14.979	0.564	0.004
75.812	21.062	0.553	0.005
86.112	25.209	0.542	0.006
93.636	26.794	0.531	0.006
97.295	26.493	0.521	0.007
97.115	25.507	0.512	0.007
94.228	24.378	0.504	0.007
90.968	23.196	0.496	0.008
88.736	22.152	0.488	0.008
88.570	21.664	0.480	0.008
90.968	22.056	0.472	0.007
95.936	23.017	0.464	0.007
102.400	23.424	0.456	0.007
108.883	22.020	0.446	0.007
116.489	18.732	0.435	0.007
126.220	14.953	0.422	0.007
137.042	12.416	0.407	0.007
144.704	11.825	0.390	0.006
145.039	12.889	0.371	0.006
137.264	15.278	0.349	0.006
124.556	19.483	0.323	0.007
111.804	26.614	0.293	0.007
101.661	36.969	0.257	0.008
93.911	50.416	0.219	0.009
88.040	67.193	0.181	0.010
85.791	87.150	0.146	0.011
88.716	107.166	0.121	0.012
94.291	120.078	0.112	0.013
98.240	118.869	0.124	0.014
97.314	102.966	0.152	0.015
91.058	80.265	0.188	0.015
80.978	61.094	0.222	0.014
69.414	50.571	0.250	0.014
58.905	46.661	0.272	0.013
48.735	44.921	0.292	0.012
39.424	43.781	0.309	0.012
31.849	45.020	0.323	0.011
26.852	49.913	0.335	0.011
24.036	56.576	0.344	0.011
22.426	61.310	0.353	0.011
21.241	61.858	0.362	0.011
20.589	59.166	0.370	0.012
21.208	56.230	0.377	0.012
23.413	55.225	0.384	0.012
26.759	55.805	0.391	0.012
30.574	55.796	0.398	0.012
33.701	53.492	0.404	0.011
35.421	49.558	0.409	0.011
37.267	46.443	0.413	0.011
41.814	46.051	0.418	0.011
49.561	47.840	0.424	0.011
57.914	49.651	0.429	0.011
62.660	49.723	0.435	0.011
61.376	48.130	0.440	0.011
55.243	46.334	0.446	0.011
47.577	45.691	0.451	0.011
41.244	46.366	0.457	0.011
36.956	47.806	0.462	0.011
33.980	49.515	0.467	0.011
31.593	51.803	0.472	0.011
29.961	55.293	0.477	0.011
29.356	60.123	0.482	0.011
29.495	65.881	0.488	0.012
29.558	72.220	0.494	0.012
29.033	79.157	0.500	0.013
28.225	86.791	0.506	0.013
27.806	94.598	0.513	0.014
28.031	101.459	0.520	0.014
28.309	106.341	0.527	0.015
27.925	109.057	0.534	0.015
26.798	110.560	0.541	0.016
25.680	112.288	0.549	0.016
25.128	114.961	0.556	0.016
25.068	117.679	0.564	0.016
24.919	118.818	0.571	0.017
24.125	117.879	0.578	0.017
22.991	115.585	0.585	0.017
22.153	112.707	0.592	0.017
21.881	109.437	0.599	0.017
21.909	106.000	0.605	0.016
21.757	103.177	0.612	0.016
21.445	102.073	0.618	0.016
20.887	103.520	0.623	0.016
20.387	106.706	0.629	0.016
20.008	109.438	0.634	0.016
19.914	109.552	0.638	0.016
20.086	106.520	0.642	0.016
20.386	101.722	0.645	0.016
20.682	96.501	0.648	0.016
20.736	90.882	0.650	0.015
20.617	84.316	0.651	0.015
20.496	77.050	0.652	0.015
20.562	71.151	0.652	0.014
20.765	68.413	0.651	0.014
20.808	68.278	0.650	0.014
20.591	71.481	0.649	0.014
20.465	78.021	0.649	0.013
20.873	84.554	0.647	0.013
21.937	84.934	0.645	0.013
23.420	75.620	0.642	0.013
24.625	60.895	0.639	0.013
24.999	50.035	0.635	0.013
24.326	47.972	0.631	0.012
23.299	51.400	0.625	0.012
22.936	52.579	0.620	0.012
23.825	47.950	0.614	0.011
25.675	41.180	0.608	0.011
27.566	38.221	0.602	0.011
28.451	40.686	0.595	0.010
28.259	45.042	0.588	0.010
27.829	47.349	0.582	0.010
27.837	47.773	0.576	0.010
28.628	49.326	0.570	0.011
29.882	53.540	0.563	0.011
31.154	58.505	0.556	0.011
32.172	61.033	0.549	0.011
32.701	59.950	0.542	0.012
32.725	57.281	0.535	0.012
32.617	55.606	0.527	0.012
32.907	55.641	0.519	0.012
33.718	56.230	0.509	0.012
34.474	56.016	0.498	0.012
34.625	54.628	0.486	0.012
33.825	52.416	0.474	0.011
32.381	49.778	0.461	0.011
30.608	46.933	0.447	0.011
28.651	44.239	0.432	0.011
26.597	42.329	0.415	0.011
24.548	41.888	0.398	0.011
22.684	43.118	0.382	0.010
21.068	45.413	0.367	0.010
19.564	47.640	0.355	0.010
17.918	48.948	0.346	0.010
16.287	49.012	0.339	0.011
14.819	47.800	0.335	0.011
13.651	45.747	0.331	0.011
12.760	43.574	0.327	0.011
11.978	42.249	0.323	0.010
11.211	41.933	0.320	0.010
10.358	41.383	0.317	0.010
9.430	39.037	0.314	0.010
8.513	34.607	0.311	0.010
7.687	29.381	0.307	0.009
6.929	25.078	0.303	0.009
6.209	22.106	0.300	0.008
5.494	19.640	0.298	0.008
4.822	16.845	0.296	0.007
4.314	13.820	0.294	0.007
4.009	11.257	0.294	0.006
3.805	9.539	0.293	0.006
3.563	8.379	0.294	0.005
3.215	7.296	0.295	0.005
2.834	6.138	0.297	0.005
2.522	5.077	0.299	0.004
2.305	4.250	0.302	0.004
2.101	3.597	0.306	0.004
1.827	3.009	0.310	0.003
1.488	2.491	0.315	0.003
1.184	2.104	0.321	0.003
0.982	1.840	0.328	0.003
0.846	1.615	0.336	0.002
0.694	1.371	0.344	0.002
0.500	1.134	0.354	0.002
0.322	0.969	0.364	0.002
0.226	0.900	0.375	0.002
0.219	0.891	0.387	0.002
0.237	0.893	0.399	0.002
0.243	0.869	0.412	0.001
0.342	0.790	0.425	0.001
1.043	0.646	0.439	0.001
3.863	0.461	0.456	0.001
11.190	0.283	0.475	0.001
22.983	0.143	0.497	0.001
36.955	0.154	0.521	0.001
49.568	0.690	0.544	0.001
58.335	2.282	0.564	0.001
61.867	5.040	0.578	0.002
58.582	8.223	0.588	0.002
48.669	10.453	0.595	0.003
35.395	10.464	0.600	0.003
23.270	8.168	0.604	0.004
15.403	4.796	0.610	0.004
11.562	1.927	0.615	0.003
9.395	0.436	0.620	0.003
7.023	0.146	0.626	0.003
4.535	0.342	0.630	0.002
3.011	0.506	0.635	0.002
2.642	0.566	0.639	0.001
2.531	0.640	0.643	0.001
1.925	0.731	0.646	0.001
1.017	0.716	0.650	0.001
0.452	0.542	0.653	0.001
0.444	0.331	0.655	0.001
0.575	0.219	0.657	0.001
0.422	0.214	0.659	0.001
0.061	0.214	0.661	0.001
-0.135	0.146	0.663	0.001
-0.017	0.048	0.664	0.001
0.190	0.001	0.665	0.001
0.220	0.027	0.665	0.000
0.081	0.073	0.665	0.000
-0.021	0.079	0.663	0.000
0.027	0.041	0.661	0.000
0.130	0.003	0.659	0.000
0.144	0.010	0.656	0.000
0.062	0.055	0.653	0.000
-0.008	0.090	0.650	0.000
0.005	0.083	0.647	0.000
0.056	0.048	0.643	0.000
0.066	0.022	0.640	0.000
0.028	0.029	0.637	0.000
-0.005	0.056	0.635	0.000
0.007	0.087	0.632	0.000
0.044	0.114	0.629	0.000
0.062	0.127	0.626	0.000
0.051	0.122	0.624	0.000
0.039	0.096	0.623	0.000
0.051	0.064	0.622	0.000
0.078	0.056	0.622	0.000
0.096	0.074	0.622	0.000
0.094	0.097	0.623	0.000
0.084	0.103	0.625	0.000
0.087	0.094	0.628	0.000
0.103	0.096	0.631	0.000
0.119	0.117	0.635	0.001
0.130	0.146	0.639	0.001
0.137	0.158	0.644	0.001
0.144	0.141	0.648	0.001
0.147	0.107	0.652	0.001
0.140	0.082	0.656	0.001
0.128	0.086	0.659	0.001
0.119	0.115	0.662	0.001
0.116	0.144	0.665	0.001
0.116	0.150	0.667	0.001
0.111	0.130	0.669	0.001
0.102	0.103	0.670	0.001
0.102	0.090	0.671	0.001
0.153	0.095	0.671	0.001
0.388	0.101	0.668	0.000
1.157	0.091	0.663	0.000
3.235	0.060	0.652	0.001
7.594	0.215	0.634	0.001
13.994	1.440	0.607	0.001
20.570	4.703	0.571	0.002
24.967	9.321	0.528	0.003
25.831	12.898	0.482	0.003
23.301	13.874	0.437	0.004
18.739	13.237	0.395	0.004
13.894	12.911	0.358	0.005
9.973	12.912	0.326	0.005
7.373	11.422	0.299	0.005
5.698	7.467	0.277	0.005
4.336	2.592	0.257	0.004
2.988	-0.518	0.241	0.004
1.817	-0.787	0.228	0.003
1.106	0.354	0.218	0.002
0.882	0.859	0.210	0.002
0.863	0.246	0.203	0.001
0.762	-0.421	0.196	0.001
0.538	-0.266	0.190	0.001
0.355	0.362	0.185	0.001
0.313	0.580	0.180	0.001
0.344	0.170	0.176	0.000
0.324	-0.276	0.173	0.000
0.230	-0.231	0.170	0.000
0.147	0.148	0.167	0.000
0.139	0.345	0.165	0.000
0.172	0.176	0.162	0.000
0.171	-0.064	0.159	0.000
0.120	-0.058	0.155	0.000
0.069	0.147	0.147	0.000
0.066	0.277	0.133	0.001
0.098	0.212	0.109	0.001
0.118	0.095	0.080	0.001
0.103	0.097	0.062	0.001
0.071	0.198	0.073	0.001
0.055	0.251	0.121	0.001
0.061	0.191	0.195	0.001
0.068	0.104	0.276	0.001
0.068	0.090	0.348	0.001
0.060	0.141	0.411	0.001
0.050	0.168	0.470	0.001
0.041	0.124	0.529	0.001
0.033	0.057	0.584	0.001
0.027	0.032	0.633	0.000
0.028	0.053	0.675	0.000
0.032	0.073	0.714	0.000
0.032	0.059	0.751	0.000
0.025	0.028	0.785	0.000
0.016	0.016	0.814	0.000
0.013	0.030	0.838	0.000
0.016	0.045	0.858	0.000
0.020	0.041	0.874	0.000
0.020	0.028	0.887	0.000
0.018	0.025	0.895	0.000
0.018	0.037	0.898	0.000
0.021	0.047	0.900	0.000
0.022	0.045	0.900	0.000
0.021	0.033	0.900	0.000
0.019	0.024	0.900	0.000
0.016	0.025	0.900	0.000
0.017	0.029	0.899	0.000
0.018	0.036	0.898	0.000
0.018	0.048	0.897	0.000
0.017	0.063	0.895	0.000
0.017	0.069	0.892	0.000
0.019	0.064	0.890	0.000
0.021	0.051	0.887	0.000
0.020	0.043	0.884	0.000
0.018	0.041	0.881	0.000
0.018	0.040	0.879	0.000
0.020	0.036	0.878	0.000
0.019	0.031	0.877	0.000
0.016	0.030	0.876	0.000
0.013	0.034	0.875	0.000
0.012	0.038	0.874	0.000
0.013	0.038	0.874	0.000
0.014	0.037	0.873	0.000
0.014	0.038	0.873	0.000
0.012	0.037	0.873	0.000
0.014	0.031	0.873	0.000
0.016	0.020	0.872	0.000
0.016	0.011	0.872	0.000
0.013	0.008	0.872	0.000
0.009	0.011	0.870	0.000
0.007	0.013	0.869	0.000
0.009	0.011	0.868	0.000
0.011	0.007	0.867	0.000
0.011	0.006	0.866	0.000
0.010	0.009	0.865	0.000
0.011	0.011	0.863	0.000
0.014	0.011	0.862	0.000
0.017	0.008	0.860	0.000
0.021	0.006	0.859	0.000
0.025	0.005	0.857	0.000
0.034	0.006	0.855	0.000
0.047	0.007	0.852	0.000
0.062	0.009	0.850	0.000
0.081	0.012	0.848	0.000
0.106	0.021	0.845	0.000
0.138	0.035	0.841	0.000
0.178	0.054	0.836	0.000
0.229	0.081	0.833	0.000
0.306	0.125	0.830	0.000
0.410	0.195	0.826	0.001
0.531	0.288	0.816	0.001
0.664	0.387	0.800	0.001
0.783	0.477	0.778	0.001
0.871	0.560	0.752	0.001
0.926	0.650	0.722	0.001
0.991	0.757	0.690	0.001
1.174	0.882	0.655	0.001
1.475	1.022	0.620	0.001
1.771	1.174	0.587	0.001
1.916	1.325	0.557	0.002
1.902	1.435	0.530	0.002
1.796	1.468	0.505	0.002
1.687	1.434	0.482	0.002
1.618	1.380	0.464	0.002
1.615	1.349	0.450	0.002
1.673	1.346	0.441	0.002
1.729	1.364	0.437	0.002
1.739	1.409	0.440	0.002
1.743	1.490	0.450	0.002
1.766	1.592	0.464	0.002
1.820	1.670	0.482	0.002
1.876	1.692	0.500	0.002
1.905	1.655	0.519	0.002
1.900	1.589	0.538	0.002
1.853	1.536	0.556	0.002
1.796	1.525	0.573	0.002
1.762	1.568	0.588	0.002
1.780	1.649	0.603	0.002
1.845	1.715	0.618	0.002
1.930	1.726	0.634	0.002
1.986	1.680	0.647	0.002
2.000	1.631	0.659	0.002
1.975	1.648	0.669	0.002
1.932	1.748	0.679	0.002
1.883	1.873	0.691	0.002
1.830	1.956	0.703	0.002
1.786	1.966	0.713	0.002
1.764	1.941	0.721	0.002
1.761	1.936	0.727	0.002
1.761	1.952	0.731	0.002
1.758	1.941	0.737	0.002
1.743	1.864	0.742	0.002
1.727	1.747	0.746	0.002
1.704	1.660	0.749	0.002
1.693	1.634	0.751	0.002
1.700	1.624	0.753	0.002
1.714	1.558	0.756	0.002
1.710	1.430	0.759	0.002
1.679	1.310	0.763	0.002
1.639	1.270	0.766	0.002
1.595	1.301	0.768	0.002
1.593	1.328	0.771	0.002
1.631	1.312	0.773	0.002
1.679	1.296	0.775	0.002
1.709	1.338	0.778	0.002
1.733	1.427	0.780	0.002
1.772	1.503	0.782	0.002
1.821	1.543	0.785	0.002
1.849	1.565	0.788	0.002
1.852	1.606	0.791	0.002
1.833	1.698	0.793	0.002
1.818	1.930	0.796	0.002
1.838	2.206	0.799	0.002
1.911	2.301	0.803	0.002
2.041	2.106	0.806	0.002
2.170	1.808	0.809	0.002
2.239	1.780	0.811	0.002
2.242	2.183	0.812	0.002
2.209	2.669	0.814	0.002
2.156	2.806	0.816	0.002
2.150	2.541	0.817	0.002
2.169	2.182	0.817	0.002
2.222	2.034	0.816	0.002
2.238	2.106	0.815	0.002
2.237	2.211	0.814	0.002
2.250	2.241	0.813	0.002
2.332	2.264	0.812	0.002
2.496	2.369	0.811	0.002
2.692	2.513	0.812	0.002
2.841	2.573	0.812	0.002
2.933	2.499	0.813	0.002
2.991	2.356	0.813	0.002
3.080	2.239	0.813	0.002
3.206	2.164	0.813	0.002
3.376	2.114	0.812	0.002
3.477	2.098	0.811	0.002
3.459	2.194	0.809	0.002
3.354	2.457	0.806	0.002
3.264	2.764	0.803	0.002
3.258	2.890	0.801	0.002
3.301	2.745	0.800	0.002
3.302	2.477	0.799	0.002
3.245	2.406	0.798	0.003
3.192	2.667	0.799	0.003
3.197	3.057	0.800	0.003
3.238	3.292	0.802	0.003
3.257	3.290	0.803	0.003
3.196	3.170	0.804	0.003
3.098	3.121	0.805	0.003
3.036	3.130	0.806	0.003
3.018	3.024	0.808	0.003
2.996	2.741	0.811	0.003
2.977	2.404	0.815	0.003
3.026	2.230	0.819	0.003
3.191	2.348	0.824	0.003
3.413	2.646	0.830	0.003
3.618	2.899	0.836	0.003
3.769	2.996	0.842	0.003
3.885	3.037	0.848	0.003
4.014	3.170	0.852	0.003
4.168	3.396	0.856	0.003
4.335	3.536	0.860	0.003
4.485	3.412	0.865	0.003
4.698	3.070	0.869	0.003
5.064	2.753	0.872	0.003
5.530	2.674	0.875	0.003
5.981	2.835	0.877	0.003
6.619	3.070	0.879	0.003
7.813	3.214	0.881	0.003
9.889	3.221	0.882	0.003
12.855	3.140	0.881	0.003
16.664	3.051	0.880	0.003
21.230	3.034	0.878	0.003
26.508	3.177	0.875	0.003
32.467	3.544	0.872	0.003
38.388	4.182	0.866	0.003
43.742	5.174	0.860	0.003
48.502	6.671	0.852	0.004
52.426	8.742	0.844	0.004
55.269	11.271	0.835	0.004
56.355	14.098	0.824	0.005
54.797	17.367	0.813	0.005
50.520	21.556	0.800	0.006
44.893	27.167	0.786	0.007
39.386	34.109	0.772	0.008
35.012	41.855	0.759	0.008
32.054	49.935	0.746	0.009
30.403	58.416	0.735	0.010
29.831	67.641	0.726	0.011
29.947	77.465	0.717	0.012
30.350	86.736	0.708	0.013
30.807	93.884	0.699	0.013
31.837	98.028	0.688	0.014
34.028	99.870	0.677	0.015
37.038	101.525	0.666	0.015
39.812	105.484	0.655	0.015
41.780	112.981	0.645	0.016
42.548	123.243	0.637	0.016
42.113	134.019	0.631	0.017
40.804	142.974	0.627	0.017
39.002	149.092	0.625	0.018
36.980	152.937	0.623	0.018
34.816	155.133	0.622	0.019
32.547	155.835	0.622	0.019
30.155	154.667	0.624	0.019
27.382	151.138	0.626	0.019
24.358	144.878	0.628	0.019
21.470	135.877	0.630	0.019
19.073	124.752	0.632	0.018
17.101	113.091	0.635	0.018
15.311	102.354	0.638	0.017
13.494	92.879	0.641	0.016
11.623	83.842	0.644	0.016
9.822	74.459	0.646	0.015
8.211	64.970	0.649	0.014
6.878	56.325	0.652	0.013
5.725	49.063	0.655	0.013
4.659	42.752	0.658	0.012
3.638	36.546	0.661	0.011
2.722	30.100	0.663	0.010
2.004	23.796	0.666	0.009
1.503	18.212	0.669	0.009
1.143	13.590	0.672	0.008
0.852	9.860	0.675	0.007
0.606	6.928	0.679	0.006
0.432	4.791	0.682	0.005
0.342	3.377	0.685	0.005
0.302	2.455	0.689	0.004
0.268	1.761	0.692	0.003
0.232	1.179	0.696	0.003
0.198	0.743	0.700	0.002
0.172	0.497	0.705	0.002
0.149	0.397	0.710	0.002
0.124	0.356	0.715	0.001
0.103	0.332	0.720	0.001
0.096	0.327	0.726	0.001
0.098	0.338	0.732	0.001
0.097	0.333	0.738	0.001
0.087	0.289	0.744	0.001
0.079	0.227	0.749	0.001
0.085	0.198	0.755	0.001
0.101	0.223	0.761	0.001
0.116	0.273	0.766	0.001
0.119	0.303	0.771	0.001
0.112	0.301	0.776	0.001
0.101	0.285	0.781	0.001
0.090	0.281	0.786	0.001
0.076	0.284	0.791	0.001
0.063	0.276	0.796	0.001
0.056	0.253	0.801	0.001
0.056	0.230	0.805	0.001
0.060	0.219	0.809	0.001
0.063	0.218	0.813	0.001
0.064	0.218	0.816	0.001
0.067	0.216	0.820	0.001
0.085	0.219	0.823	0.001
0.143	0.234	0.826	0.001
0.292	0.260	0.828	0.001
0.598	0.295	0.829	0.001
1.221	0.350	0.829	0.001
2.446	0.470	0.828	0.001
4.605	0.775	0.825	0.001
7.917	1.607	0.820	0.002
12.263	3.791	0.814	0.002
17.389	8.693	0.806	0.003
22.871	17.603	0.794	0.005
28.376	30.751	0.778	0.006
34.179	46.918	0.759	0.007
40.508	64.664	0.736	0.009
47.486	83.891	0.707	0.011
54.739	105.371	0.674	0.013
61.538	129.504	0.635	0.014
67.494	155.956	0.594	0.016
72.868	184.529	0.552	0.018
77.902	215.809	0.510	0.019
81.799	249.050	0.468	0.021
83.139	279.813	0.428	0.022
81.344	300.811	0.390	0.024
78.625	306.136	0.356	0.025
75.841	294.764	0.324	0.025
73.282	270.242	0.296	0.025
70.182	238.932	0.271	0.025
66.279	207.259	0.250	0.024
62.190	180.317	0.233	0.024
58.741	160.932	0.219	0.023
56.396	148.832	0.210	0.022
54.582	140.676	0.203	0.020
52.339	131.926	0.198	0.019
49.254	119.536	0.195	0.018
45.868	103.777	0.194	0.018
43.107	88.065	0.195	0.017
40.813	75.971	0.198	0.016
38.261	68.311	0.204	0.015
35.108	62.813	0.212	0.014
31.679	56.803	0.223	0.013
28.641	49.945	0.237	0.013
26.191	44.322	0.254	0.012
23.960	41.507	0.274	0.011
21.765	40.588	0.297	0.011
19.675	39.210	0.322	0.010
17.895	36.253	0.348	0.010
16.525	32.582	0.377	0.010
15.540	29.464	0.406	0.009
14.602	26.798	0.437	0.009
13.552	23.541	0.468	0.008
12.421	19.529	0.497	0.008
11.481	16.008	0.526	0.008
10.752	14.349	0.554	0.007
10.189	14.544	0.582	0.007
9.761	14.973	0.609	0.006
9.377	14.079	0.635	0.006
9.029	11.757	0.659	0.006
8.568	9.149	0.683	0.005
7.909	7.382	0.705	0.005
7.197	6.592	0.725	0.005
6.623	6.098	0.744	0.005
6.335	5.335	0.760	0.004
6.269	4.328	0.775	0.004
6.246	3.436	0.788	0.004
6.087	2.844	0.799	0.003
5.804	2.443	0.809	0.003
5.470	2.022	0.817	0.003
5.139	1.535	0.824	0.002
4.886	1.118	0.830	0.002
4.769	0.912	0.835	0.002
4.685	0.926	0.839	0.002
4.507	1.048	0.842	0.002
4.182	1.128	0.845	0.002
3.855	1.155	0.847	0.002
3.637	1.198	0.849	0.002
3.550	1.260	0.851	0.002
3.472	1.259	0.853	0.002
3.300	1.183	0.853	0.002
3.061	1.125	0.854	0.002
2.855	1.192	0.854	0.002
2.779	1.393	0.854	0.002
2.783	1.639	0.854	0.002
2.743	1.850	0.853	0.002
2.612	2.021	0.852	0.002
2.452	2.135	0.851	0.002
2.330	2.151	0.850	0.002
2.257	2.031	0.850	0.002
2.175	1.797	0.849	0.002
2.065	1.529	0.849	0.002
1.941	1.300	0.848	0.002
1.848	1.119	0.847	0.002
1.807	0.946	0.846	0.002
1.802	0.761	0.843	0.002
1.825	0.585	0.840	0.002
1.827	0.454	0.837	0.001
1.773	0.364	0.834	0.001
1.684	0.289	0.830	0.001
1.627	0.219	0.827	0.001
1.607	0.174	0.823	0.001
1.584	0.179	0.819	0.001
1.523	0.214	0.814	0.001
1.432	0.232	0.810	0.001
1.340	0.210	0.806	0.001
1.284	0.169	0.802	0.001
1.256	0.158	0.798	0.001
1.219	0.209	0.794	0.001
1.183	0.306	0.790	0.001
1.160	0.402	0.787	0.001
1.165	0.461	0.783	0.001
1.191	0.490	0.780	0.001
1.218	0.536	0.776	0.001
1.231	0.637	0.772	0.001
1.229	0.794	0.767	0.001
1.212	0.985	0.762	0.001
1.189	1.171	0.756	0.001
1.175	1.318	0.750	0.002
1.169	1.441	0.744	0.002
1.172	1.628	0.737	0.002
1.175	1.963	0.730	0.002
1.155	2.414	0.723	0.002
1.119	2.769	0.716	0.002
1.101	2.842	0.709	0.002
1.120	2.662	0.702	0.002
1.166	2.455	0.695	0.002
1.210	2.427	0.688	0.002
1.229	2.588	0.682	0.003
1.228	2.782	0.676	0.003
1.228	2.859	0.671	0.003
1.268	2.823	0.668	0.003
1.350	2.748	0.665	0.003
1.445	2.674	0.664	0.003
1.513	2.596	0.663	0.003
1.610	2.490	0.663	0.003
1.725	2.365	0.663	0.002
1.839	2.287	0.664	0.002
1.881	2.295	0.666	0.002
1.858	2.385	0.669	0.002
1.808	2.480	0.673	0.002
1.799	2.531	0.677	0.002
1.853	2.562	0.681	0.002
1.892	2.616	0.686	0.002
1.851	2.661	0.691	0.002
1.758	2.578	0.696	0.002
1.679	2.308	0.702	0.002
1.651	1.962	0.709	0.002
1.664	1.722	0.716	0.002
1.681	1.654	0.724	0.002
1.694	1.662	0.732	0.002
1.724	1.672	0.741	0.002
1.806	1.632	0.749	0.002
1.883	1.609	0.757	0.002
1.902	1.663	0.766	0.002
1.876	1.760	0.774	0.002
1.873	1.820	0.782	0.002
1.910	1.821	0.790	0.002
1.944	1.801	0.798	0.002
1.919	1.798	0.805	0.002
1.823	1.800	0.811	0.002
1.711	1.774	0.817	0.002
1.654	1.722	0.824	0.002
1.645	1.681	0.829	0.002
1.641	1.670	0.835	0.002
1.604	1.663	0.839	0.002
1.536	1.620	0.844	0.002
1.463	1.539	0.848	0.002
1.420	1.441	0.852	0.002
1.401	1.337	0.857	0.002
1.380	1.215	0.861	0.002
1.318	1.076	0.865	0.002
1.212	0.944	0.868	0.002
1.095	0.849	0.872	0.002
1.003	0.799	0.875	0.002
0.920	0.775	0.878	0.001
0.810	0.749	0.880	0.001
0.650	0.712	0.881	0.001
0.475	0.683	0.882	0.001
0.335	0.678	0.883	0.001
0.262	0.696	0.884	0.001
0.233	0.721	0.884	0.001
0.208	0.738	0.885	0.001
0.174	0.738	0.886	0.001
0.148	0.715	0.887	0.001
0.150	0.667	0.889	0.001
0.172	0.602	0.890	0.001
0.191	0.542	0.889	0.001
0.227	0.503	0.889	0.001
0.567	0.493	0.887	0.001
2.313	0.507	0.886	0.001
4.189	0.539	0.884	0.001
4.769	0.566	0.882	0.001
3.691	0.550	0.881	0.001
2.140	0.454	0.881	0.001
1.470	0.293	0.882	0.001
1.872	0.179	0.882	0.001
2.518	0.254	0.879	0.001
2.407	0.624	0.875	0.001
1.560	1.430	0.873	0.001
0.797	2.767	0.872	0.002
0.695	4.353	0.871	0.002
0.965	5.453	0.869	0.002
0.996	5.364	0.865	0.002
0.653	4.035	0.861	0.003
0.309	2.176	0.857	0.003
0.267	0.737	0.852	0.002
0.426	0.164	0.848	0.002
0.505	0.205	0.842	0.002
0.389	0.370	0.838	0.002
0.230	0.450	0.834	0.001
0.205	0.542	0.831	0.001
0.301	0.735	0.828	0.001
0.387	0.920	0.824	0.001
0.411	0.946	0.820	0.001
0.572	0.832	0.816	0.001
1.409	0.758	0.812	0.001
3.801	0.851	0.807	0.001
8.302	1.045	0.802	0.001
14.527	1.161	0.796	0.001
20.914	1.060	0.787	0.001
24.841	0.784	0.776	0.001
23.868	0.576	0.759	0.001
18.455	0.619	0.739	0.001
11.866	0.769	0.719	0.001
7.138	0.750	0.702	0.001
5.032	0.677	0.692	0.001
4.178	1.022	0.686	0.001
3.110	1.459	0.682	0.001
1.709	1.708	0.676	0.001
0.874	1.399	0.667	0.001
1.102	0.680	0.659	0.001
2.216	0.045	0.652	0.001
3.727	-0.103	0.647	0.001
5.789	0.162	0.641	0.001
8.710	0.537	0.634	0.001
12.551	1.065	0.625	0.001
16.753	2.543	0.616	0.002
20.056	6.216	0.608	0.003
20.921	12.840	0.602	0.004
19.101	21.876	0.601	0.005
15.908	31.470	0.603	0.006
13.131	39.245	0.607	0.007
11.514	43.354	0.613	0.008
10.653	43.271	0.618	0.008
9.431	39.904	0.623	0.009
7.560	35.003	0.627	0.009
5.661	30.178	0.631	0.009
4.390	26.068	0.636	0.009
3.740	22.283	0.640	0.008
3.181	18.231	0.642	0.008
2.397	13.874	0.645	0.007
1.619	9.852	0.646	0.007
1.207	6.951	0.648	0.006
1.195	5.413	0.650	0.005
1.240	4.790	0.651	0.005
1.084	4.381	0.652	0.004
0.805	3.756	0.653	0.004
0.649	2.976	0.654	0.003
0.704	2.328	0.653	0.003
0.811	1.958	0.653	0.003
0.789	1.760	0.652	0.003
0.654	1.570	0.650	0.002
0.542	1.354	0.650	0.002
0.531	1.200	0.649	0.002
0.553	1.163	0.649	0.002
0.516	1.180	0.649	0.002
0.413	1.136	0.649	0.002
0.328	0.993	0.649	0.002
0.319	0.818	0.650	0.002
0.349	0.693	0.652	0.001
0.355	0.629	0.653	0.001
0.324	0.561	0.655	0.001
0.300	0.443	0.656	0.001
0.312	0.298	0.657	0.001
0.342	0.189	0.658	0.001
0.350	0.147	0.659	0.001
0.329	0.140	0.660	0.001
0.299	0.120	0.660	0.001
0.281	0.077	0.660	0.001
0.274	0.035	0.660	0.001
0.261	0.021	0.659	0.000
0.238	0.029	0.658	0.000
0.207	0.036	0.657	0.000
0.174	0.031	0.656	0.000
0.147	0.022	0.656	0.000
0.125	0.024	0.655	0.000
0.107	0.041	0.655	0.000
0.092	0.059	0.656	0.000
0.081	0.067	0.656	0.000
0.094	0.067	0.656	0.000
0.107	0.070	0.656	0.000
0.099	0.084	0.656	0.000
0.066	0.104	0.657	0.000
0.030	0.121	0.659	0.000
0.016	0.125	0.662	0.000
0.026	0.118	0.664	0.000
0.039	0.106	0.666	0.000
0.035	0.094	0.665	0.000
0.019	0.083	0.664	0.000
0.013	0.071	0.662	0.000
0.024	0.061	0.660	0.000
0.039	0.058	0.659	0.000
0.042	0.068	0.658	0.000
0.031	0.086	0.658	0.000
0.021	0.102	0.658	0.000
0.022	0.107	0.658	0.000
0.030	0.105	0.658	0.000
0.035	0.104	0.658	0.000
0.032	0.110	0.657	0.000
0.031	0.117	0.657	0.001
0.035	0.120	0.656	0.001
0.042	0.116	0.654	0.001
0.044	0.113	0.652	0.001
0.038	0.116	0.650	0.001
0.032	0.122	0.648	0.001
0.031	0.123	0.646	0.001
0.034	0.117	0.646	0.001
0.036	0.110	0.648	0.001
0.035	0.111	0.653	0.001
0.033	0.121	0.661	0.001
0.033	0.135	0.673	0.001
0.036	0.143	0.688	0.001
0.038	0.140	0.704	0.001
0.037	0.129	0.717	0.001
0.035	0.118	0.723	0.001
0.032	0.112	0.723	0.001
0.029	0.111	0.719	0.001
0.027	0.109	0.717	0.001
0.026	0.104	0.717	0.001
0.025	0.100	0.719	0.001
0.024	0.102	0.720	0.001
0.024	0.108	0.718	0.001
0.022	0.113	0.715	0.001
0.022	0.112	0.711	0.001
0.021	0.110	0.705	0.001
0.022	0.110	0.696	0.001
0.023	0.114	0.686	0.001
0.022	0.114	0.675	0.001
0.021	0.106	0.662	0.001
0.021	0.091	0.649	0.000
0.022	0.075	0.636	0.000
0.024	0.066	0.623	0.000
0.025	0.066	0.612	0.000
0.022	0.068	0.604	0.000
0.021	0.068	0.597	0.000
0.020	0.063	0.591	0.000
0.019	0.057	0.587	0.000
0.017	0.053	0.586	0.000
0.013	0.051	0.587	0.000
0.011	0.048	0.590	0.000
0.010	0.044	0.591	0.000
0.012	0.039	0.593	0.000
0.014	0.036	0.594	0.000
0.013	0.036	0.596	0.000
0.011	0.034	0.598	0.000
0.010	0.032	0.598	0.000
0.010	0.030	0.595	0.000
0.012	0.032	0.591	0.000
0.014	0.037	0.585	0.000
0.014	0.043	0.579	0.000
0.015	0.045	0.570	0.000
0.015	0.044	0.560	0.000
0.015	0.044	0.549	0.000
0.014	0.045	0.539	0.000
0.014	0.047	0.529	0.000
0.015	0.045	0.518	0.000
0.017	0.039	0.506	0.000
0.018	0.034	0.493	0.000
0.018	0.032	0.480	0.000
0.018	0.034	0.468	0.000
0.018	0.038	0.458	0.000
0.018	0.039	0.449	0.000
0.018	0.038	0.442	0.000
0.018	0.036	0.436	0.000
0.017	0.037	0.433	0.000
0.015	0.041	0.433	0.000
0.014	0.046	0.436	0.000
0.015	0.050	0.443	0.000
0.016	0.052	0.455	0.000
0.018	0.054	0.473	0.000
0.020	0.057	0.494	0.000
0.020	0.062	0.517	0.000
0.021	0.064	0.542	0.000
0.022	0.064	0.568	0.000
0.023	0.064	0.596	0.000
0.023	0.067	0.624	0.000
0.023	0.070	0.653	0.000
0.024	0.073	0.680	0.000
0.026	0.073	0.706	0.000
0.030	0.070	0.735	0.000
0.032	0.065	0.767	0.000
0.032	0.061	0.799	0.000
0.033	0.059	0.825	0.000
0.032	0.059	0.845	0.000
0.030	0.061	0.862	0.000
0.026	0.061	0.881	0.000
0.023	0.059	0.899	0.000
0.022	0.058	0.911	0.000
0.024	0.061	0.915	0.000
0.028	0.069	0.913	0.000
0.032	0.078	0.912	0.000
0.033	0.081	0.914	0.000
0.033	0.078	0.918	0.000
0.035	0.073	0.920	0.000
0.040	0.072	0.920	0.000
0.043	0.076	0.920	0.000
0.045	0.084	0.920	0.000
0.046	0.092	0.920	0.000
0.047	0.098	0.920	0.000
0.049	0.100	0.918	0.000
0.053	0.103	0.916	0.000
0.058	0.107	0.916	0.000
0.070	0.115	0.915	0.001
0.082	0.128	0.915	0.001
0.091	0.145	0.912	0.001
0.099	0.164	0.909	0.001
0.111	0.185	0.905	0.001
0.132	0.213	0.900	0.001
0.173	0.252	0.894	0.001
0.226	0.298	0.887	0.001
0.298	0.349	0.879	0.001
0.397	0.413	0.871	0.001
0.588	0.517	0.861	0.001
0.849	0.700	0.851	0.001
1.119	0.984	0.841	0.001
1.335	1.355	0.833	0.001
1.523	1.775	0.826	0.002
1.752	2.221	0.822	0.002
2.064	2.713	0.820	0.002
2.454	3.317	0.819	0.002
2.894	4.088	0.819	0.003
3.393	5.015	0.821	0.003
4.016	6.008	0.824	0.003
4.946	6.957	0.827	0.003
6.342	7.848	0.830	0.004
8.220	8.757	0.833	0.004
10.216	9.685	0.837	0.004
12.062	10.469	0.840	0.005
13.643	10.929	0.844	0.005
15.281	11.128	0.847	0.005
17.282	11.471	0.850	0.005
19.531	12.356	0.853	0.005
21.302	13.812	0.855	0.005
21.937	15.475	0.859	0.006
21.599	17.041	0.862	0.006
21.057	18.517	0.864	0.006
20.783	20.033	0.866	0.006
20.477	21.553	0.866	0.007
19.626	22.941	0.866	0.007
18.297	24.071	0.865	0.007
17.229	25.159	0.864	0.007
17.200	26.719	0.862	0.008
18.120	29.359	0.861	0.008
19.209	33.454	0.860	0.008
19.928	38.801	0.859	0.009
20.480	44.697	0.858	0.009
21.250	50.672	0.857	0.010
22.255	56.797	0.856	0.010
23.065	63.277	0.855	0.011
23.539	69.876	0.854	0.012
23.801	75.898	0.853	0.012
24.106	80.745	0.852	0.013
24.313	84.230	0.851	0.013
23.878	86.282	0.851	0.014
22.439	86.450	0.850	0.014
20.293	83.966	0.851	0.014
18.269	78.601	0.851	0.014
17.106	71.337	0.851	0.014
16.687	63.868	0.851	0.013
16.356	57.426	0.852	0.013
15.847	52.145	0.853	0.012
15.368	47.383	0.853	0.012
15.252	42.632	0.854	0.011
15.516	37.956	0.854	0.011
15.690	33.659	0.855	0.010
15.360	29.841	0.855	0.010
14.393	26.406	0.856	0.009
12.894	23.258	0.856	0.009
11.160	20.449	0.857	0.008
9.479	18.045	0.858	0.008
7.970	15.953	0.859	0.007
6.677	13.987	0.861	0.007
5.573	12.092	0.862	0.006
4.628	10.387	0.864	0.006
3.851	8.985	0.865	0.005
4.006	7.833	0.866	0.005
4.500	6.762	0.868	0.005
4.364	5.694	0.869	0.004
3.471	4.713	0.871	0.004
2.309	3.944	0.872	0.004
1.589	3.389	0.873	0.003
1.584	2.947	0.875	0.003
2.133	2.550	0.876	0.003
2.619	2.229	0.877	0.003
2.852	2.022	0.878	0.003
3.082	1.887	0.879	0.002
3.590	1.730	0.880	0.002
4.381	1.503	0.881	0.002
5.377	1.243	0.882	0.002
6.703	1.031	0.882	0.002
8.863	0.933	0.883	0.002
11.402	0.974	0.883	0.002
13.526	1.124	0.883	0.002
14.732	1.297	0.884	0.002
15.678	1.393	0.884	0.002
16.347	1.363	0.883	0.002
16.551	1.232	0.883	0.002
17.128	1.068	0.883	0.002
17.056	0.911	0.883	0.002
15.595	0.763	0.883	0.002
13.032	0.623	0.883	0.001
10.342	0.512	0.883	0.001
8.349	0.452	0.883	0.001
7.155	0.432	0.884	0.001
6.215	0.406	0.884	0.001
5.399	0.337	0.885	0.001
4.419	0.236	0.885	0.001
3.344	0.141	0.885	0.001
2.294	0.084	0.885	0.001
1.406	0.061	0.885	0.001
0.772	0.050	0.886	0.001
0.459	0.037	0.886	0.000
0.366	0.025	0.886	0.000
0.294	0.020	0.887	0.000
0.153	0.022	0.887	0.000
0.013	0.028	0.888	0.000
-0.026	0.035	0.888	0.000
0.025	0.045	0.889	0.000
0.068	0.056	0.890	0.000
0.047	0.065	0.891	0.000
-0.001	0.069	0.892	0.000
-0.014	0.071	0.894	0.000
0.018	0.072	0.895	0.000
0.048	0.070	0.897	0.000
0.041	0.063	0.898	0.000
0.014	0.051	0.900	0.000
0.002	0.039	0.901	0.000
0.018	0.034	0.902	0.000
0.037	0.035	0.904	0.000
0.041	0.035	0.905	0.000
0.031	0.032	0.906	0.000
0.027	0.027	0.906	0.000
0.037	0.026	0.907	0.000
0.048	0.029	0.907	0.000
0.049	0.036	0.908	0.000
0.045	0.042	0.909	0.000
0.046	0.050	0.909	0.000
0.057	0.057	0.909	0.000
0.069	0.059	0.909	0.000
0.073	0.053	0.909	0.000
0.072	0.038	0.909	0.000
0.069	0.024	0.909	0.000
0.066	0.017	0.908	0.000
0.066	0.021	0.907	0.000
0.066	0.029	0.907	0.000
0.065	0.036	0.906	0.000
0.058	0.042	0.905	0.000
0.051	0.052	0.904	0.000
0.050	0.066	0.903	0.000
0.050	0.080	0.903	0.000
0.047	0.091	0.903	0.000
0.038	0.099	0.903	0.000
0.030	0.103	0.903	0.000
0.028	0.100	0.904	0.000
0.031	0.091	0.904	0.000
0.033	0.079	0.905	0.000
0.041	0.069	0.906	0.000
0.047	0.064	0.907	0.000
0.046	0.062	0.907	0.000
0.037	0.059	0.908	0.000
0.025	0.055	0.908	0.000
0.018	0.052	0.909	0.000
0.017	0.053	0.909	0.000
0.019	0.057	0.909	0.000
0.020	0.060	0.908	0.000
0.019	0.060	0.907	0.000
0.019	0.059	0.906	0.000
0.021	0.057	0.905	0.000
0.022	0.052	0.904	0.000
0.021	0.045	0.904	0.000
0.018	0.037	0.903	0.000
0.016	0.033	0.903	0.000
0.015	0.031	0.902	0.000
0.015	0.032	0.901	0.000
0.012	0.034	0.899	0.000
0.010	0.038	0.897	0.000
0.008	0.042	0.895	0.000
0.007	0.040	0.892	0.000
0.006	0.031	0.889	0.000
0.006	0.019	0.886	0.000
0.005	0.012	0.882	0.000
0.005	0.011	0.878	0.000
0.006	0.014	0.874	0.000
0.006	0.016	0.870	0.000
0.006	0.013	0.864	0.000
0.006	0.009	0.858	0.000
0.005	0.006	0.851	0.000
0.004	0.005	0.843	0.000
0.003	0.004	0.835	0.000
0.003	0.003	0.826	0.000
