0.000	0.000	0.000	0.000
0.010	0.000	0.000	0.000
0.035	0.000	0.000	0.000
0.062	0.000	0.000	0.000
0.072	0.003	0.000	0.000
0.064	0.013	0.000	0.000
0.049	0.035	0.000	0.000
0.044	0.055	0.000	0.000
0.052	0.057	0.000	0.000
0.063	0.036	0.000	0.000
0.065	0.009	0.000	0.000
0.061	0.002	0.000	0.000
0.060	0.026	0.000	0.000
0.065	0.068	0.000	0.000
0.070	0.105	0.000	0.000
0.069	0.125	0.000	0.000
0.060	0.132	0.000	0.000
0.050	0.139	0.000	0.000
0.045	0.146	0.000	0.001
0.042	0.148	0.000	0.001
0.041	0.142	0.000	0.001
0.042	0.133	0.000	0.001
0.045	0.123	0.000	0.001
0.043	0.111	0.000	0.001
0.039	0.093	0.000	0.001
0.039	0.068	0.000	0.000
0.041	0.043	0.000	0.000
0.046	0.025	0.000	0.000
0.049	0.014	0.000	0.000
0.045	0.009	0.000	0.000
0.045	0.006	0.000	0.000
0.055	0.009	0.000	0.000
0.061	0.017	0.000	0.000
0.055	0.026	0.000	0.000
0.040	0.030	0.000	0.000
0.030	0.027	0.000	0.000
0.033	0.025	0.000	0.000
0.043	0.031	0.000	0.000
0.047	0.043	0.000	0.000
0.042	0.056	0.000	0.000
0.034	0.060	0.000	0.000
0.032	0.058	0.000	0.000
0.035	0.053	0.000	0.000
0.037	0.052	0.000	0.000
0.033	0.052	0.000	0.000
0.029	0.053	0.000	0.000
0.032	0.052	0.000	0.000
0.042	0.050	0.000	0.000
0.051	0.046	0.000	0.000
0.052	0.042	0.000	0.000
0.042	0.039	0.000	0.000
0.031	0.037	0.000	0.000
0.030	0.033	0.000	0.000
0.037	0.026	0.000	0.000
0.043	0.018	0.000	0.000
0.043	0.014	0.000	0.000
0.036	0.018	0.000	0.000
0.033	0.028	0.000	0.000
0.034	0.037	0.000	0.000
0.033	0.040	0.000	0.000
0.028	0.037	0.000	0.000
0.021	0.035	0.000	0.000
0.016	0.037	0.000	0.000
0.015	0.042	0.000	0.000
0.016	0.045	0.000	0.000
0.014	0.044	0.000	0.000
0.011	0.039	0.000	0.000
0.008	0.033	0.000	0.000
0.009	0.028	0.000	0.000
0.011	0.023	0.000	0.000
0.013	0.020	0.000	0.000
0.016	0.020	0.000	0.000
0.018	0.025	0.000	0.000
0.020	0.034	0.000	0.000
0.019	0.044	0.000	0.000
0.018	0.051	0.000	0.000
0.017	0.055	0.000	0.000
0.018	0.055	0.000	0.000
0.020	0.055	0.000	0.000
0.023	0.057	0.000	0.000
0.026	0.060	0.000	0.000
0.029	0.066	0.000	0.000
0.032	0.071	0.000	0.000
0.034	0.075	0.000	0.000
0.034	0.074	0.000	0.000
0.033	0.069	0.000	0.000
0.032	0.062	0.000	0.000
0.032	0.053	0.000	0.000
0.032	0.047	0.000	0.000
0.032	0.044	0.000	0.000
0.033	0.047	0.000	0.000
0.035	0.053	0.000	0.000
0.038	0.059	0.000	0.000
0.041	0.059	0.000	0.000
0.043	0.053	0.000	0.000
0.043	0.044	0.000	0.000
0.041	0.039	0.000	0.000
0.038	0.042	0.000	0.000
0.034	0.048	0.000	0.000
0.031	0.051	0.000	0.000
0.030	0.048	0.087	0.000
0.030	0.041	0.266	0.000
0.030	0.034	0.455	0.000
0.028	0.027	0.551	0.000
0.025	0.020	0.530	0.000
0.021	0.013	0.458	0.000
0.020	0.008	0.420	0.000
0.022	0.003	0.432	0.000
0.024	0.001	0.446	0.000
0.023	0.000	0.423	0.000
0.019	0.001	0.375	0.000
0.014	0.002	0.343	0.000
0.012	0.003	0.341	0.000
0.012	0.003	0.346	0.000
0.012	0.003	0.334	0.000
0.011	0.004	0.308	0.000
0.010	0.006	0.290	0.000
0.011	0.009	0.290	0.000
0.012	0.011	0.295	0.000
0.013	0.011	0.290	0.000
0.013	0.010	0.276	0.000
0.012	0.009	0.264	0.000
0.011	0.010	0.261	0.000
0.010	0.012	0.264	0.000
0.011	0.015	0.265	0.000
0.012	0.017	0.262	0.000
0.014	0.017	0.261	0.000
0.018	0.015	0.264	0.000
0.022	0.012	0.267	0.000
0.025	0.010	0.265	0.000
0.027	0.009	0.259	0.000
0.027	0.007	0.251	0.000
0.023	0.005	0.245	0.000
0.016	0.004	0.240	0.000
0.009	0.005	0.233	0.000
0.005	0.007	0.224	0.000
0.004	0.009	0.217	0.000
0.005	0.009	0.213	0.000
0.005	0.008	0.212	0.000
0.004	0.007	0.213	0.000
0.004	0.009	0.215	0.000
0.004	0.012	0.219	0.000
0.005	0.014	0.226	0.000
0.005	0.016	0.234	0.000
0.004	0.017	0.243	0.000
0.003	0.018	0.250	0.000
0.002	0.018	0.257	0.000
0.002	0.015	0.263	0.000
0.002	0.012	0.267	0.000
0.002	0.009	0.270	0.000
0.003	0.008	0.271	0.000
0.005	0.007	0.271	0.000
0.007	0.005	0.271	0.000
0.006	0.003	0.269	0.000
0.005	0.002	0.263	0.000
0.006	0.003	0.254	0.000
0.007	0.003	0.241	0.000
0.009	0.003	0.228	0.000
0.009	0.001	0.216	0.000
0.009	0.000	0.206	0.000
0.007	0.001	0.200	0.000
0.006	0.002	0.197	0.000
0.005	0.003	0.197	0.000
0.005	0.004	0.200	0.000
0.006	0.005	0.205	0.000
0.006	0.006	0.210	0.000
0.006	0.006	0.217	0.000
0.006	0.006	0.225	0.000
0.006	0.005	0.234	0.000
0.006	0.003	0.243	0.000
0.006	0.002	0.252	0.000
0.005	0.002	0.259	0.000
0.005	0.003	0.263	0.000
0.004	0.004	0.265	0.000
0.003	0.006	0.262	0.000
0.002	0.007	0.257	0.000
0.002	0.007	0.249	0.000
0.002	0.007	0.240	0.000
0.002	0.005	0.232	0.000
0.002	0.003	0.225	0.000
0.002	0.002	0.220	0.000
0.002	0.002	0.218	0.000
0.002	0.002	0.216	0.000
0.002	0.002	0.216	0.000
0.002	0.003	0.217	0.000
0.003	0.003	0.219	0.000
0.002	0.003	0.222	0.000
0.002	0.003	0.227	0.000
0.002	0.004	0.233	0.000
0.002	0.004	0.239	0.000
0.002	0.004	0.245	0.000
0.002	0.004	0.250	0.000
0.002	0.004	0.256	0.000
0.002	0.004	0.264	0.000
0.003	0.004	0.274	0.000
0.003	0.004	0.287	0.000
0.004	0.004	0.303	0.000
0.004	0.005	0.323	0.000
0.004	0.005	0.344	0.000
0.004	0.005	0.367	0.000
0.004	0.005	0.389	0.000
0.004	0.004	0.410	0.000
0.004	0.004	0.430	0.000
0.003	0.003	0.450	0.000
0.004	0.002	0.468	0.000
0.004	0.002	0.487	0.000
0.003	0.004	0.506	0.000
0.003	0.006	0.525	0.000
0.002	0.009	0.544	0.000
0.002	0.011	0.561	0.000
0.003	0.012	0.576	0.000
0.004	0.011	0.589	0.000
0.004	0.010	0.602	0.000
0.004	0.010	0.614	0.000
0.003	0.011	0.627	0.000
0.003	0.013	0.637	0.000
0.004	0.013	0.647	0.000
0.005	0.012	0.654	0.000
0.005	0.009	0.659	0.000
0.005	0.007	0.663	0.000
0.005	0.007	0.664	0.000
0.006	0.007	0.664	0.000
0.006	0.008	0.664	0.000
0.005	0.009	0.664	0.000
0.005	0.010	0.663	0.000
0.005	0.011	0.662	0.000
0.005	0.009	0.658	0.000
0.005	0.007	0.653	0.000
0.005	0.005	0.645	0.000
0.005	0.004	0.635	0.000
0.004	0.005	0.626	0.000
0.004	0.006	0.617	0.000
0.004	0.006	0.611	0.000
0.004	0.005	0.607	0.000
0.003	0.003	0.605	0.000
0.002	0.002	0.605	0.000
0.002	0.003	0.606	0.000
0.002	0.004	0.608	0.000
0.002	0.004	0.612	0.000
0.002	0.004	0.617	0.000
0.002	0.005	0.625	0.000
0.002	0.005	0.633	0.000
0.002	0.005	0.642	0.000
0.003	0.004	0.650	0.000
0.003	0.004	0.657	0.000
0.005	0.003	0.662	0.000
0.009	0.003	0.665	0.000
0.017	0.003	0.665	0.000
0.044	0.003	0.662	0.000
0.097	0.005	0.654	0.000
0.177	0.007	0.641	0.000
0.286	0.010	0.623	0.000
0.444	0.010	0.602	0.000
0.634	0.007	0.578	0.000
0.834	0.003	0.554	0.000
1.034	0.001	0.529	0.000
1.248	0.003	0.506	0.000
1.498	0.006	0.487	0.000
1.766	0.007	0.471	0.000
1.999	0.006	0.459	0.000
2.195	0.006	0.449	0.000
2.357	0.007	0.437	0.000
2.523	0.010	0.424	0.000
2.700	0.011	0.410	0.000
2.857	0.014	0.396	0.000
2.936	0.016	0.384	0.000
2.927	0.014	0.374	0.000
2.871	0.010	0.363	0.000
2.805	0.008	0.351	0.000
2.731	0.012	0.337	0.000
2.626	0.019	0.320	0.000
2.485	0.023	0.300	0.000
2.325	0.019	0.276	0.000
2.181	0.009	0.250	0.000
2.071	0.003	0.223	0.000
1.987	0.002	0.200	0.000
1.892	0.007	0.183	0.000
1.767	0.013	0.171	0.000
1.621	0.021	0.163	0.000
1.470	0.032	0.159	0.000
1.319	0.045	0.158	0.000
1.169	0.053	0.161	0.000
1.015	0.053	0.167	0.000
0.878	0.048	0.177	0.000
0.755	0.041	0.191	0.000
0.632	0.039	0.209	0.000
0.503	0.040	0.227	0.000
0.381	0.042	0.244	0.000
0.287	0.045	0.259	0.000
0.223	0.048	0.270	0.000
0.175	0.051	0.280	0.000
0.129	0.053	0.288	0.000
0.083	0.052	0.296	0.000
0.050	0.046	0.305	0.000
0.038	0.037	0.314	0.000
0.038	0.028	0.324	0.000
0.035	0.021	0.337	0.000
0.025	0.018	0.351	0.000
0.017	0.019	0.367	0.000
0.017	0.024	0.384	0.000
0.022	0.031	0.400	0.000
0.026	0.034	0.413	0.000
0.024	0.033	0.424	0.000
0.019	0.030	0.433	0.000
0.018	0.033	0.441	0.000
0.022	0.042	0.448	0.000
0.025	0.050	0.454	0.000
0.023	0.049	0.459	0.000
0.020	0.042	0.464	0.000
0.017	0.034	0.467	0.000
0.016	0.029	0.469	0.000
0.017	0.029	0.472	0.000
0.016	0.030	0.475	0.000
0.014	0.030	0.478	0.000
0.013	0.029	0.484	0.000
0.012	0.030	0.491	0.000
0.013	0.031	0.500	0.000
0.013	0.032	0.510	0.000
0.013	0.032	0.520	0.000
0.013	0.030	0.528	0.000
0.013	0.028	0.537	0.000
0.014	0.029	0.546	0.000
0.013	0.034	0.557	0.000
0.012	0.040	0.570	0.000
0.012	0.046	0.583	0.000
0.013	0.046	0.597	0.000
0.014	0.042	0.610	0.000
0.013	0.036	0.624	0.000
0.010	0.032	0.638	0.000
0.007	0.031	0.652	0.000
0.006	0.030	0.666	0.000
0.007	0.027	0.680	0.000
0.008	0.021	0.693	0.000
0.007	0.018	0.705	0.000
0.004	0.018	0.715	0.000
0.003	0.020	0.722	0.000
0.003	0.020	0.727	0.000
0.003	0.015	0.728	0.000
0.003	0.011	0.728	0.000
0.003	0.008	0.726	0.000
0.002	0.009	0.723	0.000
0.002	0.009	0.719	0.000
0.002	0.008	0.712	0.000
0.003	0.005	0.705	0.000
0.002	0.003	0.698	0.000
0.002	0.002	0.694	0.000
0.002	0.003	0.692	0.000
0.002	0.003	0.692	0.000
0.002	0.003	0.692	0.000
0.003	0.003	0.691	0.000
0.006	0.003	0.691	0.000
0.009	0.003	0.690	0.000
0.009	0.002	0.690	0.000
0.008	0.001	0.692	0.000
0.006	0.001	0.697	0.000
0.007	0.001	0.705	0.000
0.010	0.002	0.713	0.000
0.014	0.003	0.720	0.000
0.017	0.005	0.722	0.000
0.019	0.010	0.718	0.000
0.024	0.016	0.709	0.000
0.029	0.021	0.698	0.000
0.032	0.024	0.690	0.000
0.032	0.025	0.683	0.000
0.034	0.026	0.679	0.000
0.046	0.027	0.675	0.000
0.073	0.024	0.670	0.000
0.112	0.017	0.665	0.000
0.151	0.012	0.657	0.000
0.185	0.013	0.646	0.000
0.211	0.023	0.632	0.000
0.230	0.039	0.618	0.000
0.240	0.053	0.607	0.000
0.247	0.061	0.598	0.000
0.253	0.059	0.590	0.000
0.254	0.049	0.580	0.000
0.248	0.034	0.568	0.000
0.232	0.018	0.556	0.000
0.207	0.008	0.548	0.000
0.171	0.006	0.544	0.000
0.129	0.009	0.542	0.000
0.094	0.012	0.540	0.000
0.071	0.014	0.536	0.000
0.063	0.014	0.532	0.000
0.071	0.014	0.529	0.000
0.104	0.014	0.527	0.000
0.176	0.014	0.526	0.000
0.308	0.013	0.526	0.000
0.520	0.014	0.528	0.000
0.849	0.016	0.531	0.000
1.305	0.017	0.534	0.000
1.843	0.015	0.538	0.000
2.413	0.013	0.542	0.000
3.044	0.012	0.545	0.000
3.746	0.018	0.548	0.000
4.450	0.026	0.550	0.000
5.039	0.034	0.552	0.000
5.469	0.039	0.554	0.000
5.894	0.053	0.558	0.000
6.386	0.078	0.564	0.000
6.911	0.099	0.572	0.000
7.414	0.101	0.580	0.000
7.998	0.092	0.585	0.000
8.845	0.105	0.587	0.001
10.079	0.154	0.585	0.001
11.676	0.244	0.578	0.001
13.629	0.443	0.570	0.001
15.863	0.965	0.566	0.001
17.352	2.281	0.572	0.002
16.876	5.260	0.588	0.003
14.361	10.798	0.606	0.003
11.563	18.616	0.617	0.004
11.290	25.993	0.610	0.005
15.570	28.598	0.580	0.006
23.880	23.916	0.531	0.006
33.631	14.066	0.471	0.006
42.052	4.806	0.414	0.005
47.251	1.302	0.371	0.004
48.861	4.440	0.350	0.004
47.360	10.741	0.349	0.004
43.780	15.509	0.362	0.004
39.575	16.254	0.383	0.004
36.023	13.529	0.407	0.004
33.428	9.430	0.434	0.004
31.859	5.759	0.462	0.004
31.471	3.495	0.489	0.004
31.994	3.426	0.514	0.004
33.540	6.572	0.537	0.004
36.356	13.747	0.559	0.005
40.774	25.086	0.581	0.005
47.816	40.331	0.602	0.007
59.285	59.094	0.622	0.009
75.745	81.724	0.640	0.011
95.637	109.571	0.658	0.013
115.319	144.478	0.676	0.015
134.487	189.235	0.694	0.017
152.113	244.950	0.710	0.020
164.579	307.426	0.725	0.022
168.004	367.772	0.737	0.024
161.562	417.544	0.748	0.026
146.182	453.273	0.758	0.028
129.006	473.665	0.764	0.030
115.449	470.224	0.768	0.030
103.879	428.695	0.769	0.030
94.399	343.629	0.768	0.029
88.247	230.323	0.766	0.028
84.093	120.967	0.763	0.025
77.787	45.421	0.759	0.022
65.860	12.676	0.755	0.019
47.996	10.423	0.750	0.016
29.379	21.033	0.745	0.013
16.290	34.596	0.741	0.011
11.317	46.921	0.738	0.010
11.997	52.038	0.736	0.009
14.806	43.843	0.735	0.008
18.622	24.400	0.735	0.008
24.469	5.495	0.735	0.007
33.496	-1.079	0.734	0.006
45.048	6.383	0.731	0.006
58.800	20.578	0.727	0.006
75.728	34.913	0.723	0.006
96.930	49.787	0.718	0.007
121.620	69.394	0.711	0.009
133.855	93.605	0.705	0.011
131.785	115.255	0.700	0.012
118.258	129.003	0.693	0.014
98.826	135.488	0.683	0.015
82.203	138.480	0.668	0.016
72.093	141.700	0.649	0.016
64.950	139.555	0.631	0.016
56.350	115.632	0.616	0.016
44.967	67.640	0.606	0.014
32.996	17.224	0.599	0.012
24.594	-10.237	0.593	0.011
19.502	-8.229	0.588	0.009
15.189	7.146	0.585	0.007
10.111	14.891	0.585	0.005
6.028	9.270	0.586	0.004
6.016	0.301	0.587	0.003
11.093	-1.750	0.589	0.002
18.995	2.382	0.590	0.002
27.034	5.915	0.592	0.002
34.571	7.850	0.594	0.003
43.353	15.583	0.597	0.004
54.886	34.403	0.601	0.005
69.982	60.076	0.605	0.007
86.142	82.890	0.610	0.009
97.745	97.464	0.615	0.011
99.797	105.157	0.620	0.012
94.868	107.656	0.624	0.013
88.033	102.584	0.629	0.014
84.056	86.851	0.633	0.014
77.735	62.352	0.637	0.014
63.087	36.554	0.640	0.013
41.038	17.387	0.643	0.011
20.523	8.059	0.645	0.010
9.259	6.111	0.647	0.008
7.041	6.754	0.648	0.007
8.394	6.842	0.649	0.006
10.640	5.811	0.646	0.005
17.135	4.228	0.639	0.004
32.944	2.800	0.628	0.003
58.900	2.884	0.613	0.003
92.047	7.255	0.594	0.004
127.409	20.369	0.570	0.005
159.148	45.751	0.540	0.007
180.587	84.512	0.505	0.010
191.526	136.537	0.468	0.012
184.338	201.970	0.432	0.016
164.073	280.851	0.398	0.019
141.445	366.082	0.366	0.022
126.771	436.663	0.335	0.025
120.463	469.141	0.307	0.027
115.412	450.671	0.280	0.029
105.958	388.205	0.256	0.029
94.648	304.269	0.233	0.029
88.162	222.917	0.211	0.028
89.513	159.229	0.190	0.026
95.412	116.987	0.172	0.024
101.023	92.762	0.155	0.021
104.395	79.492	0.139	0.019
106.639	69.225	0.124	0.017
109.344	56.208	0.108	0.015
112.058	39.775	0.093	0.013
114.434	23.714	0.079	0.011
115.281	12.268	0.066	0.010
125.734	6.487	0.054	0.008
147.155	4.134	0.045	0.007
159.100	2.679	0.039	0.006
138.003	1.677	0.039	0.004
85.904	1.959	0.047	0.004
32.156	3.440	0.063	0.003
9.267	5.002	0.085	0.003
24.927	6.586	0.111	0.003
55.139	9.757	0.138	0.004
72.606	14.999	0.166	0.004
70.227	19.945	0.196	0.005
60.412	21.668	0.226	0.006
55.719	20.605	0.255	0.006
55.524	20.657	0.284	0.007
52.076	24.632	0.311	0.007
44.010	30.136	0.337	0.007
36.948	31.833	0.362	0.008
35.935	27.204	0.384	0.008
39.472	19.276	0.402	0.007
42.578	13.271	0.418	0.007
42.336	11.399	0.432	0.007
40.394	11.624	0.446	0.006
39.320	11.027	0.461	0.006
39.053	9.034	0.474	0.005
37.638	7.154	0.486	0.005
34.264	6.506	0.496	0.005
30.455	6.499	0.504	0.004
28.100	6.047	0.509	0.004
26.884	5.113	0.512	0.004
25.558	4.581	0.512	0.004
23.835	5.058	0.510	0.004
22.804	6.506	0.507	0.004
23.249	8.881	0.502	0.004
24.953	12.719	0.496	0.005
27.159	18.558	0.486	0.005
29.609	26.149	0.474	0.006
32.688	34.670	0.459	0.007
36.845	43.497	0.442	0.008
41.919	52.637	0.424	0.009
47.639	62.338	0.405	0.010
53.648	72.732	0.385	0.011
60.689	84.540	0.361	0.012
70.083	99.270	0.336	0.014
81.749	118.237	0.310	0.015
94.788	142.053	0.284	0.016
107.792	170.456	0.260	0.018
120.819	202.422	0.237	0.019
133.236	237.173	0.213	0.021
143.869	274.327	0.191	0.022
150.587	311.821	0.170	0.024
150.123	343.145	0.153	0.025
143.239	358.633	0.139	0.026
134.494	349.378	0.130	0.027
127.952	312.691	0.127	0.027
123.430	254.888	0.128	0.026
118.678	189.636	0.134	0.025
113.270	131.931	0.142	0.023
109.554	91.684	0.151	0.021
107.462	69.792	0.160	0.019
104.188	59.938	0.168	0.017
97.246	54.210	0.174	0.015
87.250	47.754	0.177	0.013
76.811	39.880	0.178	0.012
67.225	31.913	0.177	0.011
58.537	24.798	0.176	0.010
50.535	18.614	0.176	0.009
44.521	13.700	0.178	0.008
41.918	10.920	0.182	0.007
42.725	10.934	0.185	0.007
44.954	13.285	0.187	0.006
46.398	17.353	0.187	0.006
47.137	23.288	0.188	0.007
48.211	30.456	0.191	0.007
50.438	36.317	0.196	0.007
55.237	37.538	0.204	0.008
65.930	33.221	0.214	0.008
86.409	26.256	0.224	0.008
120.396	20.907	0.237	0.008
167.512	19.084	0.253	0.008
221.527	20.514	0.273	0.008
256.947	24.644	0.295	0.008
268.947	34.728	0.319	0.008
265.801	52.935	0.343	0.009
256.056	74.865	0.367	0.010
237.195	91.653	0.390	0.011
205.473	97.559	0.412	0.012
161.015	94.755	0.433	0.013
113.284	91.676	0.453	0.014
74.557	86.457	0.473	0.014
49.158	71.837	0.493	0.013
32.409	45.997	0.512	0.012
19.859	18.284	0.531	0.011
12.893	0.868	0.547	0.009
16.098	-2.074	0.562	0.008
30.453	2.555	0.576	0.006
52.188	5.583	0.589	0.005
78.257	4.672	0.601	0.003
109.134	3.820	0.612	0.003
144.386	6.007	0.621	0.003
176.615	9.481	0.629	0.003
192.921	10.811	0.634	0.004
187.798	9.722	0.638	0.004
169.133	9.314	0.642	0.005
149.428	11.860	0.647	0.005
134.348	16.318	0.655	0.005
119.228	19.626	0.664	0.005
98.274	19.809	0.673	0.006
72.595	17.338	0.683	0.006
48.738	13.631	0.694	0.006
30.940	9.438	0.705	0.005
18.027	5.252	0.716	0.005
7.905	2.123	0.726	0.004
2.322	1.148	0.734	0.003
5.267	1.997	0.742	0.003
17.944	2.870	0.750	0.002
37.246	2.467	0.760	0.002
58.990	1.451	0.770	0.002
82.160	1.620	0.780	0.002
109.228	3.917	0.790	0.002
143.441	7.582	0.800	0.003
182.307	11.166	0.809	0.003
219.401	14.169	0.818	0.004
249.695	17.489	0.827	0.005
271.635	22.404	0.834	0.006
283.141	29.110	0.840	0.007
280.296	35.719	0.845	0.007
261.776	38.646	0.846	0.008
231.323	35.314	0.842	0.008
195.008	26.334	0.833	0.008
158.888	16.058	0.823	0.007
125.440	9.978	0.814	0.007
94.438	10.866	0.808	0.007
66.682	16.472	0.802	0.006
44.769	21.313	0.794	0.006
38.118	21.199	0.785	0.006
40.277	16.480	0.776	0.005
42.943	11.087	0.768	0.005
43.578	8.756	0.759	0.005
48.692	10.410	0.748	0.005
64.552	14.549	0.736	0.005
91.841	19.319	0.722	0.006
123.185	23.604	0.709	0.006
152.062	27.035	0.696	0.007
173.408	30.476	0.681	0.007
183.524	36.135	0.663	0.008
179.078	46.002	0.644	0.009
159.983	58.848	0.622	0.010
131.043	69.498	0.599	0.011
100.695	72.681	0.574	0.011
74.443	66.617	0.547	0.011
55.688	55.417	0.519	0.012
44.629	44.787	0.493	0.011
41.597	38.284	0.468	0.011
46.527	36.237	0.444	0.011
57.797	37.003	0.418	0.010
71.519	38.840	0.391	0.010
83.851	41.106	0.362	0.010
92.067	43.048	0.332	0.010
96.549	44.032	0.300	0.010
98.619	43.324	0.269	0.010
98.693	40.536	0.239	0.010
96.674	36.008	0.211	0.010
92.442	30.962	0.187	0.009
85.747	27.260	0.167	0.009
77.431	26.906	0.151	0.009
69.250	31.382	0.142	0.009
65.195	41.313	0.145	0.010
67.976	56.799	0.158	0.010
75.909	78.877	0.181	0.012
84.336	109.485	0.208	0.013
88.606	149.109	0.237	0.015
88.234	193.296	0.269	0.017
85.481	230.073	0.303	0.019
82.493	245.597	0.340	0.020
81.056	235.640	0.379	0.021
82.078	209.997	0.417	0.022
85.406	184.121	0.454	0.022
91.325	165.431	0.490	0.021
100.694	148.314	0.524	0.021
113.979	123.521	0.557	0.019
130.317	90.322	0.586	0.018
147.680	57.647	0.614	0.016
158.787	35.162	0.638	0.014
159.475	25.313	0.659	0.013
155.759	23.829	0.676	0.011
151.711	25.985	0.689	0.010
143.564	30.841	0.699	0.009
123.868	39.019	0.708	0.009
90.838	48.087	0.715	0.009
54.522	52.629	0.721	0.009
28.632	49.975	0.725	0.009
18.136	43.573	0.730	0.010
17.194	39.383	0.736	0.010
17.396	39.553	0.743	0.010
17.212	41.451	0.749	0.010
21.219	41.348	0.751	0.010
31.849	37.923	0.752	0.009
45.391	32.645	0.751	0.009
55.662	27.499	0.750	0.009
60.131	23.302	0.748	0.009
60.165	20.427	0.747	0.008
58.750	19.418	0.746	0.008
57.278	20.458	0.747	0.008
55.701	22.427	0.748	0.007
53.542	23.564	0.749	0.007
51.067	23.229	0.749	0.007
48.380	22.562	0.749	0.007
44.877	22.690	0.750	0.007
42.065	22.963	0.753	0.007
40.347	21.741	0.756	0.007
37.059	18.461	0.760	0.007
30.147	14.327	0.762	0.007
20.741	10.905	0.764	0.006
12.493	8.481	0.766	0.006
8.306	6.232	0.770	0.005
7.576	3.722	0.775	0.005
7.260	1.667	0.780	0.004
5.431	1.075	0.785	0.003
3.024	2.002	0.789	0.003
2.156	3.480	0.793	0.003
3.496	4.567	0.798	0.003
6.049	5.171	0.804	0.003
8.920	5.777	0.808	0.003
13.050	6.643	0.811	0.003
20.186	7.551	0.813	0.004
31.142	8.241	0.812	0.004
46.331	8.813	0.812	0.004
66.201	9.609	0.811	0.004
90.991	10.874	0.812	0.005
118.239	12.751	0.813	0.005
143.100	15.599	0.813	0.005
159.740	20.134	0.811	0.006
161.197	26.828	0.808	0.006
147.778	34.920	0.804	0.007
130.618	41.683	0.801	0.008
118.457	44.853	0.799	0.008
106.041	43.280	0.798	0.009
82.313	36.614	0.797	0.009
52.292	25.607	0.796	0.008
25.287	13.160	0.796	0.008
11.873	3.551	0.796	0.007
12.837	-0.336	0.796	0.006
21.335	0.530	0.794	0.005
30.500	2.719	0.791	0.004
39.243	4.347	0.786	0.003
49.056	7.004	0.782	0.003
59.191	13.231	0.779	0.004
66.391	22.450	0.776	0.004
68.322	30.460	0.775	0.005
66.576	32.971	0.774	0.006
64.183	29.573	0.774	0.007
62.775	23.606	0.774	0.007
61.706	18.930	0.773	0.007
59.669	16.801	0.773	0.007
56.122	16.353	0.773	0.007
50.934	16.753	0.774	0.007
44.101	18.145	0.775	0.007
36.285	20.788	0.775	0.007
28.604	23.865	0.774	0.007
22.299	25.669	0.773	0.007
18.504	24.811	0.772	0.007
16.922	21.156	0.770	0.007
16.136	15.866	0.768	0.007
14.811	10.691	0.765	0.006
12.500	6.932	0.762	0.006
9.734	4.861	0.758	0.005
7.313	3.843	0.754	0.005
5.854	3.031	0.750	0.004
5.414	2.014	0.745	0.003
5.891	0.946	0.740	0.003
7.435	0.199	0.734	0.002
10.396	-0.036	0.726	0.002
15.489	0.177	0.717	0.001
24.335	0.729	0.708	0.001
38.633	1.640	0.698	0.001
58.708	3.040	0.688	0.002
82.852	5.183	0.677	0.002
108.319	8.565	0.664	0.003
131.567	14.062	0.648	0.004
149.659	22.676	0.631	0.006
161.163	35.236	0.612	0.007
165.166	51.741	0.592	0.008
162.393	70.665	0.571	0.010
155.964	87.879	0.549	0.011
137.361	97.976	0.526	0.012
102.387	97.739	0.503	0.013
58.414	88.902	0.479	0.013
21.293	76.216	0.455	0.014
3.784	63.310	0.426	0.013
6.798	50.574	0.391	0.013
21.230	37.097	0.353	0.012
38.026	23.234	0.314	0.010
55.366	11.540	0.277	0.009
74.659	5.016	0.247	0.007
95.546	4.598	0.222	0.006
113.612	8.547	0.204	0.005
126.304	14.152	0.191	0.004
134.183	19.224	0.183	0.005
140.242	22.292	0.177	0.005
146.396	22.889	0.173	0.006
151.872	22.016	0.172	0.006
154.955	22.220	0.173	0.007
153.987	25.510	0.179	0.007
148.001	31.129	0.188	0.008
135.870	35.943	0.200	0.008
117.904	37.347	0.214	0.008
97.146	35.369	0.227	0.008
80.550	32.577	0.239	0.008
68.226	31.727	0.250	0.008
57.785	33.408	0.257	0.008
48.057	36.370	0.262	0.008
42.496	39.714	0.264	0.008
45.391	44.852	0.263	0.009
57.909	54.446	0.262	0.009
76.985	69.804	0.262	0.011
98.980	89.676	0.265	0.012
122.516	111.471	0.272	0.013
147.805	135.451	0.283	0.015
174.224	168.161	0.295	0.017
200.224	221.391	0.307	0.020
220.693	305.548	0.318	0.022
227.956	421.621	0.331	0.025
220.867	553.395	0.344	0.029
204.819	666.507	0.357	0.031
190.241	722.906	0.368	0.034
178.784	700.123	0.379	0.035
166.082	601.132	0.391	0.036
146.103	453.364	0.404	0.035
121.447	298.521	0.417	0.033
100.382	175.781	0.430	0.031
88.601	105.576	0.443	0.028
83.726	84.070	0.456	0.025
78.653	90.860	0.471	0.022
69.171	104.600	0.486	0.019
57.642	114.437	0.502	0.017
49.043	118.487	0.517	0.016
45.033	115.151	0.532	0.016
43.152	100.332	0.546	0.015
40.447	73.227	0.558	0.014
37.286	41.501	0.568	0.013
36.741	17.106	0.578	0.012
41.047	6.704	0.588	0.010
49.858	7.135	0.598	0.009
61.164	10.359	0.608	0.007
72.787	11.528	0.618	0.006
83.207	11.422	0.627	0.005
89.769	12.266	0.638	0.005
89.273	13.649	0.649	0.005
84.761	13.444	0.661	0.005
78.718	11.207	0.673	0.005
74.637	9.143	0.683	0.005
73.821	9.518	0.692	0.005
74.607	12.279	0.698	0.005
73.833	15.684	0.703	0.006
70.851	18.149	0.708	0.006
67.271	18.995	0.711	0.006
65.666	18.309	0.715	0.006
66.932	16.811	0.718	0.006
69.958	16.080	0.719	0.006
73.151	17.875	0.718	0.007
75.414	22.257	0.714	0.007
77.579	27.113	0.707	0.007
80.998	30.107	0.697	0.007
86.459	31.154	0.684	0.008
93.647	32.790	0.667	0.008
102.047	37.815	0.644	0.009
113.677	48.282	0.617	0.010
129.145	66.054	0.583	0.011
147.830	92.829	0.546	0.012
165.907	128.800	0.505	0.014
180.321	174.414	0.463	0.016
188.290	231.493	0.422	0.019
189.668	304.400	0.384	0.021
183.213	391.527	0.349	0.024
169.819	472.046	0.317	0.026
152.981	509.149	0.290	0.028
135.937	477.000	0.267	0.030
121.302	387.445	0.246	0.030
109.553	284.656	0.227	0.029
100.785	209.430	0.210	0.028
94.837	168.704	0.193	0.026
91.681	143.307	0.178	0.024
87.937	116.960	0.164	0.022
81.572	93.876	0.152	0.020
74.165	85.754	0.141	0.018
69.735	92.163	0.134	0.017
71.015	99.631	0.129	0.016
77.956	99.371	0.126	0.016
87.627	97.192	0.124	0.016
97.566	104.848	0.122	0.016
107.427	123.039	0.120	0.016
116.270	138.511	0.117	0.016
122.706	137.117	0.113	0.016
128.415	119.724	0.109	0.016
136.098	94.185	0.105	0.016
143.521	67.815	0.101	0.015
144.687	45.346	0.097	0.014
130.480	30.144	0.094	0.012
101.815	23.482	0.090	0.011
70.723	24.529	0.087	0.010
50.252	27.892	0.085	0.009
42.479	27.835	0.084	0.008
39.205	23.442	0.084	0.008
32.337	18.522	0.085	0.007
21.911	16.271	0.088	0.007
13.882	15.834	0.091	0.007
12.225	13.805	0.095	0.006
14.713	8.798	0.097	0.005
17.177	3.045	0.097	0.005
19.269	0.058	0.094	0.004
24.354	1.661	0.089	0.003
34.918	7.756	0.080	0.003
49.616	18.256	0.069	0.004
65.443	34.102	0.055	0.006
81.656	56.261	0.041	0.008
99.528	84.738	0.028	0.010
120.096	118.237	0.020	0.012
142.707	155.738	0.022	0.015
165.621	198.028	0.033	0.017
189.841	247.396	0.049	0.020
212.618	302.511	0.065	0.022
230.546	357.515	0.077	0.024
243.892	401.920	0.088	0.026
252.146	426.520	0.098	0.028
258.510	429.953	0.108	0.029
267.130	420.416	0.116	0.030
278.053	412.416	0.122	0.031
283.546	418.262	0.126	0.031
272.692	432.414	0.129	0.032
245.701	435.899	0.132	0.031
210.562	414.011	0.134	0.031
176.961	368.727	0.135	0.031
149.611	313.305	0.133	0.030
127.679	260.192	0.131	0.028
106.829	215.377	0.128	0.027
85.444	182.899	0.126	0.026
65.307	165.912	0.123	0.024
48.287	162.197	0.119	0.023
34.219	161.468	0.117	0.021
22.356	150.790	0.114	0.020
12.944	123.409	0.111	0.018
6.793	84.104	0.109	0.017
4.153	45.337	0.107	0.015
4.017	18.005	0.105	0.013
5.161	4.631	0.105	0.011
7.401	0.527	0.105	0.009
11.521	-0.189	0.107	0.007
18.314	0.005	0.109	0.005
27.466	2.196	0.113	0.004
38.617	8.481	0.117	0.003
51.622	19.540	0.123	0.004
66.938	34.446	0.128	0.005
84.976	52.016	0.134	0.007
105.702	72.039	0.139	0.009
127.845	94.758	0.144	0.011
150.320	120.079	0.148	0.013
172.884	146.545	0.151	0.015
194.924	172.588	0.153	0.017
212.488	198.528	0.155	0.019
222.460	227.018	0.157	0.020
220.167	259.691	0.159	0.022
200.797	292.624	0.162	0.023
170.430	316.297	0.164	0.024
143.043	323.936	0.164	0.025
127.558	317.144	0.163	0.026
123.849	305.717	0.160	0.026
123.804	296.638	0.154	0.027
121.993	288.450	0.146	0.027
115.836	275.769	0.135	0.026
105.968	259.571	0.122	0.026
93.198	248.111	0.108	0.026
78.008	249.070	0.092	0.025
62.152	259.679	0.076	0.025
48.967	267.322	0.061	0.025
40.011	258.126	0.046	0.024
34.007	228.657	0.035	0.024
28.434	187.244	0.027	0.023
22.372	146.596	0.024	0.022
16.813	114.604	0.026	0.021
13.105	91.316	0.031	0.019
11.090	72.440	0.038	0.017
9.628	54.984	0.045	0.015
8.328	39.372	0.050	0.014
8.035	27.346	0.055	0.012
9.622	19.461	0.059	0.010
12.955	14.540	0.064	0.009
17.444	11.409	0.067	0.008
23.132	10.313	0.071	0.007
30.914	12.539	0.075	0.006
41.684	19.031	0.080	0.006
55.061	29.679	0.088	0.007
70.368	44.438	0.097	0.008
86.994	63.870	0.107	0.009
104.399	88.323	0.118	0.011
122.595	117.250	0.129	0.013
141.269	149.849	0.139	0.015
159.951	185.839	0.149	0.017
176.952	224.977	0.158	0.019
190.265	266.287	0.164	0.021
201.020	307.834	0.168	0.023
210.203	346.250	0.171	0.025
216.980	374.539	0.174	0.026
216.055	380.559	0.177	0.027
203.386	353.914	0.181	0.027
181.282	296.012	0.185	0.027
156.320	224.042	0.189	0.026
133.241	162.033	0.192	0.025
113.797	125.476	0.195	0.024
95.784	114.054	0.197	0.022
77.953	119.633	0.197	0.021
61.770	135.627	0.197	0.020
48.880	157.493	0.197	0.019
38.798	177.108	0.197	0.019
29.843	181.173	0.197	0.019
21.443	160.370	0.197	0.018
14.530	119.107	0.197	0.018
10.295	73.263	0.197	0.017
8.210	38.735	0.198	0.015
6.881	20.891	0.199	0.014
5.709	14.397	0.200	0.012
5.388	11.285	0.200	0.010
6.853	7.948	0.199	0.008
9.912	5.320	0.196	0.006
13.653	5.019	0.190	0.005
17.654	7.009	0.181	0.005
22.758	10.307	0.169	0.004
31.163	14.461	0.153	0.005
43.095	19.361	0.135	0.005
58.670	25.025	0.115	0.006
77.772	32.045	0.094	0.007
100.090	42.399	0.074	0.008
124.914	58.181	0.058	0.010
149.985	78.878	0.054	0.011
170.103	100.746	0.065	0.012
184.944	121.410	0.088	0.014
190.635	141.982	0.119	0.015
192.121	165.101	0.150	0.017
193.603	190.666	0.180	0.018
195.547	214.124	0.207	0.020
195.402	230.769	0.231	0.021
192.219	242.658	0.253	0.022
186.345	258.429	0.272	0.023
180.887	286.577	0.288	0.024
173.607	325.936	0.303	0.026
159.762	362.401	0.316	0.026
137.949	378.295	0.327	0.027
112.839	364.606	0.337	0.028
90.506	327.542	0.344	0.028
73.601	283.295	0.352	0.027
59.576	245.734	0.358	0.027
45.309	218.508	0.364	0.026
31.029	196.091	0.368	0.025
19.977	171.068	0.371	0.023
13.879	141.443	0.372	0.022
11.326	110.760	0.372	0.020
9.501	83.743	0.370	0.018
7.358	62.444	0.366	0.016
5.937	45.891	0.359	0.015
6.599	32.368	0.350	0.013
9.303	21.347	0.339	0.011
13.365	13.355	0.327	0.009
18.838	8.789	0.314	0.008
26.130	7.533	0.302	0.007
35.851	9.488	0.291	0.006
47.726	14.934	0.283	0.006
60.600	24.133	0.276	0.006
74.150	36.779	0.271	0.007
89.211	51.949	0.268	0.008
106.965	68.520	0.268	0.010
127.544	86.277	0.271	0.011
151.232	105.884	0.278	0.013
178.874	127.526	0.288	0.014
212.031	150.993	0.301	0.016
246.724	176.081	0.316	0.017
278.350	200.560	0.329	0.019
299.490	219.307	0.340	0.020
308.107	225.027	0.346	0.021
305.352	212.903	0.346	0.021
289.642	186.429	0.343	0.021
262.215	155.843	0.338	0.021
228.737	129.551	0.331	0.020
196.882	111.213	0.322	0.019
171.604	99.617	0.311	0.018
151.807	93.713	0.300	0.018
131.275	94.079	0.288	0.017
106.402	101.106	0.276	0.016
80.059	110.706	0.265	0.016
57.021	116.006	0.255	0.016
40.626	112.367	0.246	0.016
28.922	99.304	0.238	0.015
18.912	80.975	0.232	0.015
9.964	62.319	0.226	0.014
3.792	45.536	0.220	0.013
1.397	30.456	0.215	0.012
1.738	16.994	0.209	0.010
2.939	6.448	0.205	0.009
4.457	0.435	0.201	0.007
7.217	-0.887	0.197	0.005
11.968	1.237	0.193	0.004
18.671	6.036	0.188	0.003
26.597	14.081	0.183	0.004
35.773	25.867	0.179	0.005
47.869	40.101	0.176	0.006
65.063	54.161	0.174	0.008
88.475	66.790	0.175	0.009
117.769	78.508	0.179	0.011
152.429	89.903	0.187	0.012
192.450	100.165	0.197	0.013
234.855	107.888	0.210	0.014
269.816	112.479	0.224	0.015
286.178	113.962	0.236	0.015
277.595	110.894	0.246	0.015
251.208	100.795	0.252	0.015
218.687	84.131	0.257	0.015
190.089	65.399	0.261	0.014
167.387	51.385	0.264	0.014
150.318	46.916	0.265	0.013
132.488	51.601	0.265	0.013
114.273	62.887	0.263	0.013
97.251	76.931	0.259	0.013
82.812	89.842	0.255	0.013
71.316	99.454	0.252	0.013
61.882	105.829	0.248	0.014
52.614	109.913	0.245	0.015
42.619	110.926	0.241	0.015
32.195	165.415	0.236	0.022
22.977	277.460	0.232	0.044
16.181	583.658	0.228	0.081
11.855	1027.800	0.223	0.122
8.931	1416.561	0.219	0.154
6.306	1572.544	0.215	0.170
3.875	1506.834	0.210	0.174
2.350	1115.277	0.205	0.172
2.319	537.725	0.200	0.164
3.683	33.356	0.193	0.147
6.024	-190.494	0.185	0.118
9.425	-140.258	0.175	0.078
14.559	11.290	0.164	0.036
21.839	77.771	0.153	0.004
35.054	121.852	0.140	0.001
54.963	252.844	0.127	0.031
78.681	694.401	0.113	0.082
103.827	1318.767	0.097	0.130
130.067	1805.837	0.081	0.160
159.736	1939.804	0.063	0.173
190.908	1585.275	0.047	0.176
218.705	940.326	0.036	0.176
242.023	383.603	0.033	0.170
261.167	172.048	0.041	0.152
271.247	263.767	0.056	0.122
264.868	438.145	0.073	0.085
243.278	502.567	0.087	0.052
215.586	433.094	0.098	0.030
190.546	325.946	0.107	0.022
168.718	254.717	0.116	0.024
146.470	205.916	0.125	0.027
121.296	140.240	0.132	0.026
97.177	65.885	0.137	0.022
79.563	26.732	0.141	0.018
69.087	39.152	0.145	0.016
60.797	69.338	0.149	0.015
50.495	75.947	0.153	0.014
39.122	56.080	0.156	0.012
29.898	38.680	0.159	0.011
24.029	42.370	0.163	0.011
21.077	56.141	0.168	0.012
17.342	59.019	0.174	0.012
11.937	47.326	0.180	0.011
6.897	34.707	0.186	0.010
4.431	31.443	0.194	0.010
4.540	32.657	0.202	0.010
5.554	28.002	0.212	0.009
6.161	16.445	0.223	0.008
6.903	6.639	0.233	0.007
9.549	4.910	0.243	0.006
15.222	8.099	0.251	0.006
23.228	8.952	0.256	0.005
32.894	5.254	0.257	0.004
43.262	1.376	0.255	0.004
54.180	1.733	0.251	0.003
63.943	5.443	0.244	0.003
71.183	8.341	0.236	0.003
76.038	8.189	0.225	0.003
80.069	6.296	0.214	0.003
84.783	4.753	0.202	0.003
88.879	4.244	0.191	0.003
90.556	5.556	0.180	0.004
88.253	10.360	0.171	0.004
82.225	18.525	0.163	0.004
73.093	25.022	0.157	0.004
62.279	23.200	0.153	0.004
50.621	12.703	0.151	0.004
39.227	2.296	0.149	0.004
29.280	2.559	0.149	0.004
21.591	15.106	0.150	0.004
15.957	29.914	0.152	0.004
11.529	34.661	0.155	0.005
7.654	26.463	0.159	0.005
4.408	13.223	0.165	0.006
2.256	4.400	0.172	0.006
1.399	2.332	0.180	0.005
1.548	2.720	0.190	0.005
2.371	1.520	0.202	0.004
3.905	-0.735	0.216	0.003
6.733	-1.160	0.234	0.002
11.556	1.000	0.257	0.002
19.035	3.573	0.284	0.002
29.920	4.558	0.318	0.002
44.350	4.722	0.357	0.003
61.088	6.701	0.400	0.003
78.264	12.114	0.445	0.004
93.368	20.773	0.489	0.005
105.697	31.733	0.530	0.006
112.135	44.136	0.567	0.008
112.080	57.666	0.603	0.009
109.384	71.462	0.635	0.010
108.425	83.688	0.664	0.011
109.143	90.587	0.688	0.012
109.568	87.089	0.706	0.012
110.355	70.149	0.722	0.012
115.949	43.762	0.737	0.012
128.749	18.561	0.752	0.011
145.344	4.614	0.766	0.010
157.725	3.913	0.777	0.008
158.872	9.988	0.786	0.007
149.181	14.412	0.793	0.006
134.210	13.688	0.799	0.005
119.515	10.083	0.803	0.005
106.226	7.067	0.807	0.005
93.761	5.506	0.809	0.004
80.562	4.154	0.809	0.004
66.675	2.416	0.809	0.004
53.187	1.327	0.808	0.003
41.030	1.883	0.807	0.003
30.545	3.504	0.807	0.002
21.911	4.640	0.807	0.002
15.113	4.522	0.808	0.002
10.080	3.822	0.812	0.003
6.768	3.570	0.815	0.003
5.164	3.863	0.819	0.003
5.373	3.933	0.823	0.003
7.527	3.291	0.826	0.003
11.732	2.304	0.829	0.003
17.924	1.678	0.829	0.003
25.951	1.670	0.827	0.002
35.760	1.987	0.822	0.002
47.070	2.318	0.814	0.002
59.364	2.745	0.803	0.002
73.197	3.582	0.789	0.003
88.147	4.994	0.771	0.003
104.369	6.791	0.749	0.003
124.302	8.667	0.727	0.004
150.849	10.443	0.707	0.004
188.092	11.979	0.689	0.004
234.773	13.367	0.674	0.005
283.585	15.568	0.663	0.005
327.961	20.426	0.657	0.006
359.478	29.340	0.657	0.007
370.646	41.236	0.661	0.007
363.451	52.307	0.665	0.008
337.800	57.538	0.664	0.009
299.347	52.543	0.660	0.009
256.495	37.039	0.651	0.009
216.273	26.142	0.638	0.008
177.993	29.057	0.621	0.007
138.985	41.535	0.601	0.007
100.058	52.454	0.582	0.007
66.570	54.659	0.567	0.007
44.542	50.341	0.555	0.008
35.081	46.711	0.543	0.009
33.802	46.630	0.531	0.009
34.626	46.099	0.515	0.010
35.389	40.336	0.498	0.010
37.949	30.792	0.479	0.010
44.479	23.677	0.458	0.009
54.495	23.089	0.435	0.009
64.978	27.305	0.413	0.009
74.020	31.979	0.393	0.009
82.420	34.601	0.375	0.009
91.328	36.241	0.358	0.009
99.944	39.416	0.342	0.009
107.380	44.978	0.326	0.009
112.420	50.188	0.311	0.010
116.159	51.086	0.298	0.010
120.068	46.199	0.287	0.010
125.524	38.696	0.279	0.010
132.434	34.665	0.272	0.010
139.495	38.402	0.267	0.010
145.429	49.311	0.263	0.011
150.020	64.101	0.259	0.011
152.900	80.323	0.256	0.012
154.905	98.971	0.255	0.013
156.426	121.470	0.254	0.014
156.196	143.867	0.256	0.015
154.121	157.057	0.261	0.016
151.384	155.901	0.268	0.017
146.481	145.882	0.278	0.018
135.604	140.139	0.289	0.019
117.358	147.487	0.301	0.019
94.315	163.996	0.313	0.019
71.922	177.825	0.323	0.019
53.836	181.327	0.332	0.020
41.038	176.284	0.341	0.020
31.512	166.928	0.351	0.020
22.735	152.437	0.362	0.019
14.389	128.825	0.372	0.019
7.756	96.592	0.382	0.018
3.821	62.937	0.391	0.016
2.401	36.122	0.399	0.014
2.628	18.926	0.407	0.012
3.973	8.575	0.414	0.010
6.522	1.719	0.420	0.008
10.551	-2.020	0.427	0.006
16.231	-1.524	0.433	0.004
23.448	2.961	0.440	0.003
32.199	9.870	0.446	0.003
41.993	18.346	0.449	0.004
53.132	29.017	0.449	0.005
64.169	41.878	0.449	0.007
75.046	55.501	0.449	0.008
85.634	67.634	0.449	0.010
95.269	76.953	0.449	0.011
102.049	83.915	0.446	0.012
104.710	90.655	0.441	0.013
104.432	99.181	0.434	0.014
104.517	109.985	0.427	0.015
107.799	121.033	0.420	0.015
111.576	129.148	0.413	0.016
112.130	130.956	0.404	0.016
107.397	123.406	0.394	0.016
99.169	105.156	0.384	0.016
87.120	78.745	0.376	0.015
72.621	51.540	0.368	0.014
57.009	31.738	0.361	0.013
43.087	22.526	0.352	0.012
32.836	20.854	0.343	0.011
25.705	21.641	0.335	0.010
19.461	22.258	0.329	0.009
12.943	23.016	0.324	0.008
7.357	24.199	0.320	0.007
4.544	24.219	0.316	0.007
4.892	20.554	0.312	0.007
6.691	13.039	0.309	0.006
8.179	4.786	0.308	0.005
9.331	-0.141	0.309	0.005
11.176	-0.413	0.312	0.004
14.360	1.979	0.317	0.003
18.529	4.421	0.325	0.002
23.698	6.177	0.334	0.002
30.530	8.663	0.346	0.003
39.445	13.628	0.361	0.004
49.737	20.936	0.377	0.005
60.591	28.328	0.395	0.006
71.912	34.133	0.414	0.007
86.700	39.797	0.432	0.008
107.459	48.758	0.450	0.009
136.361	64.523	0.465	0.011
171.562	90.431	0.478	0.013
200.416	131.334	0.488	0.015
214.981	192.959	0.498	0.017
214.719	276.062	0.507	0.020
206.593	370.359	0.516	0.023
199.810	455.374	0.523	0.026
200.880	511.539	0.528	0.028
206.076	528.933	0.534	0.030
207.651	509.329	0.539	0.032
194.985	462.236	0.545	0.032
172.071	400.405	0.552	0.032
152.049	335.227	0.558	0.031
140.843	275.599	0.563	0.030
133.971	227.631	0.567	0.028
122.595	194.847	0.572	0.027
104.578	176.614	0.577	0.025
85.763	166.795	0.582	0.023
73.610	154.730	0.587	0.021
68.735	132.336	0.591	0.020
65.051	100.595	0.596	0.018
57.664	69.273	0.600	0.017
47.947	48.069	0.604	0.015
40.344	38.366	0.608	0.014
36.725	34.108	0.612	0.012
35.408	29.564	0.614	0.011
33.096	23.844	0.617	0.010
29.107	19.897	0.619	0.009
25.501	19.541	0.620	0.008
24.429	21.413	0.622	0.008
26.517	22.962	0.623	0.007
30.608	22.669	0.624	0.007
35.684	20.359	0.625	0.007
41.883	17.055	0.626	0.007
50.089	13.901	0.626	0.007
60.027	11.623	0.627	0.006
69.522	10.438	0.627	0.006
76.174	9.940	0.626	0.006
79.480	9.365	0.624	0.005
80.778	8.526	0.621	0.005
81.511	8.162	0.618	0.005
80.602	9.192	0.615	0.005
75.982	11.838	0.612	0.005
67.901	14.617	0.608	0.005
61.479	15.630	0.605	0.005
64.326	15.115	0.603	0.006
81.713	16.104	0.601	0.006
110.855	21.670	0.599	0.006
138.815	31.438	0.599	0.007
155.521	41.574	0.600	0.008
169.827	48.613	0.601	0.009
184.457	53.105	0.600	0.009
198.553	57.833	0.597	0.010
204.043	63.981	0.592	0.011
194.320	66.890	0.586	0.011
171.438	60.515	0.580	0.011
143.543	44.652	0.575	0.011
116.389	26.819	0.571	0.010
90.818	14.839	0.569	0.009
66.472	10.197	0.569	0.008
44.857	8.709	0.572	0.007
28.660	6.437	0.577	0.006
18.758	3.538	0.583	0.005
13.562	2.354	0.590	0.004
11.270	3.418	0.598	0.003
11.804	4.826	0.606	0.003
15.992	5.026	0.614	0.003
23.734	4.720	0.622	0.003
33.156	5.530	0.630	0.003
42.172	7.530	0.637	0.004
49.643	8.988	0.645	0.004
55.380	8.502	0.653	0.004
59.260	6.498	0.663	0.004
60.582	4.466	0.673	0.004
58.770	3.282	0.683	0.004
54.189	2.683	0.694	0.003
49.127	2.185	0.706	0.003
46.323	1.861	0.719	0.003
47.598	2.142	0.732	0.003
53.160	3.077	0.745	0.003
60.852	4.232	0.756	0.003
67.770	5.405	0.765	0.003
72.211	6.979	0.770	0.003
74.155	9.422	0.772	0.004
74.579	12.774	0.771	0.005
74.615	17.002	0.767	0.005
74.487	23.627	0.763	0.006
73.290	36.458	0.758	0.008
69.781	59.977	0.751	0.009
63.333	95.154	0.742	0.011
55.123	136.312	0.733	0.013
46.595	171.449	0.724	0.015
38.993	189.534	0.716	0.017
33.219	187.793	0.710	0.018
29.808	172.332	0.703	0.019
28.475	151.901	0.697	0.019
28.549	132.417	0.689	0.019
28.759	115.911	0.681	0.019
28.059	103.288	0.674	0.018
26.475	95.280	0.666	0.017
25.150	91.245	0.659	0.016
25.653	88.693	0.652	0.016
28.632	85.424	0.645	0.015
33.029	81.827	0.637	0.015
36.599	80.421	0.629	0.015
38.013	82.791	0.621	0.014
37.780	87.712	0.612	0.014
37.687	92.529	0.603	0.015
39.386	95.680	0.594	0.015
43.086	97.387	0.584	0.015
47.715	98.224	0.574	0.015
51.984	97.935	0.564	0.015
55.180	95.604	0.555	0.015
58.086	90.377	0.546	0.015
61.653	81.514	0.536	0.014
66.173	68.777	0.526	0.014
70.862	54.088	0.515	0.013
73.752	42.083	0.502	0.012
73.974	38.195	0.489	0.011
71.498	45.388	0.474	0.011
66.761	62.070	0.459	0.011
60.297	83.057	0.443	0.011
52.634	102.462	0.429	0.012
44.545	115.577	0.416	0.013
36.959	119.021	0.404	0.014
30.552	110.473	0.394	0.015
25.350	90.556	0.383	0.015
21.003	64.452	0.373	0.014
17.268	40.569	0.363	0.013
14.409	25.689	0.353	0.012
12.783	21.029	0.344	0.011
12.166	22.509	0.335	0.010
12.032	24.887	0.326	0.009
12.084	25.544	0.319	0.008
12.471	25.136	0.313	0.008
13.911	25.386	0.309	0.008
16.856	26.864	0.307	0.008
20.697	28.797	0.306	0.008
24.478	30.472	0.307	0.008
28.502	32.162	0.310	0.008
33.880	34.603	0.313	0.009
41.309	38.239	0.316	0.009
49.942	43.157	0.317	0.009
58.694	49.373	0.314	0.010
67.636	56.439	0.307	0.010
77.407	63.307	0.294	0.011
89.254	68.914	0.278	0.012
102.758	73.380	0.260	0.012
115.570	78.826	0.241	0.013
124.112	88.179	0.224	0.013
125.447	102.225	0.207	0.014
119.498	117.018	0.191	0.015
109.826	124.224	0.175	0.015
101.162	117.390	0.160	0.015
95.653	99.379	0.146	0.016
90.916	82.012	0.134	0.016
84.110	77.940	0.126	0.016
74.173	90.592	0.121	0.016
62.542	111.231	0.119	0.016
51.703	126.721	0.119	0.016
42.803	128.732	0.119	0.016
35.395	116.747	0.120	0.016
28.552	95.073	0.121	0.015
22.447	68.976	0.124	0.015
17.550	43.503	0.127	0.014
13.765	23.230	0.130	0.012
10.493	10.742	0.134	0.011
7.438	5.240	0.137	0.009
4.918	3.416	0.139	0.007
3.444	2.339	0.140	0.005
3.105	1.357	0.140	0.004
3.539	1.309	0.141	0.003
4.543	2.504	0.141	0.003
6.509	4.095	0.142	0.002
9.670	5.187	0.143	0.003
14.003	6.132	0.144	0.003
19.312	8.007	0.145	0.004
25.483	11.404	0.146	0.004
33.369	16.333	0.147	0.005
43.834	23.055	0.151	0.006
57.678	32.844	0.157	0.007
74.708	47.307	0.166	0.008
94.430	67.017	0.178	0.010
116.495	92.407	0.192	0.012
140.510	124.658	0.206	0.014
165.784	165.136	0.219	0.016
190.980	215.710	0.230	0.018
216.963	279.189	0.240	0.021
245.714	360.377	0.248	0.024
276.624	461.666	0.254	0.027
300.834	572.114	0.258	0.030
312.428	665.764	0.262	0.032
301.020	713.872	0.265	0.034
269.023	700.037	0.267	0.036
228.150	626.231	0.268	0.036
192.709	507.859	0.268	0.036
168.667	368.193	0.268	0.034
153.941	235.735	0.267	0.032
143.118	138.871	0.266	0.029
133.607	93.395	0.266	0.026
124.480	94.065	0.266	0.023
116.119	118.942	0.267	0.021
108.547	142.630	0.268	0.019
100.941	148.932	0.270	0.018
93.567	135.653	0.273	0.017
86.646	110.342	0.275	0.017
80.182	83.530	0.277	0.016
74.706	62.372	0.279	0.015
71.024	48.442	0.282	0.014
70.199	39.659	0.285	0.013
72.030	33.757	0.290	0.012
75.007	30.052	0.294	0.011
77.213	28.905	0.299	0.010
77.917	29.653	0.304	0.009
77.652	30.468	0.309	0.009
77.491	29.640	0.314	0.009
77.687	26.886	0.319	0.008
78.069	23.298	0.326	0.008
78.217	20.097	0.334	0.008
78.270	17.804	0.344	0.008
79.130	16.656	0.355	0.007
81.132	17.084	0.368	0.007
84.591	19.893	0.381	0.007
89.812	25.774	0.395	0.007
94.898	34.607	0.408	0.008
100.157	45.492	0.422	0.009
109.930	57.301	0.435	0.010
126.963	69.884	0.449	0.011
146.061	85.337	0.463	0.012
155.586	107.918	0.478	0.014
149.075	140.838	0.493	0.015
131.997	180.571	0.508	0.017
116.768	214.232	0.524	0.018
110.588	226.977	0.539	0.019
110.003	215.029	0.553	0.020
106.298	190.291	0.567	0.021
95.424	170.152	0.580	0.021
81.012	161.848	0.593	0.021
68.782	158.289	0.605	0.021
60.166	147.562	0.616	0.020
52.724	125.311	0.625	0.019
44.658	97.331	0.632	0.018
37.437	72.238	0.638	0.016
33.461	54.122	0.643	0.015
32.977	41.690	0.647	0.014
33.935	32.464	0.650	0.012
34.298	25.871	0.653	0.011
34.475	22.502	0.657	0.010
36.060	22.067	0.662	0.009
40.099	23.651	0.667	0.008
46.313	27.039	0.674	0.008
53.888	33.048	0.682	0.008
63.594	42.642	0.691	0.009
77.659	56.421	0.700	0.010
97.834	74.739	0.709	0.011
122.725	99.196	0.717	0.013
149.765	132.830	0.725	0.015
178.153	180.175	0.733	0.017
203.618	244.601	0.739	0.019
226.131	323.584	0.744	0.022
248.672	404.475	0.748	0.025
273.921	467.711	0.750	0.027
300.314	495.295	0.751	0.029
323.503	482.055	0.748	0.030
340.498	436.467	0.737	0.031
349.357	375.547	0.719	0.031
352.954	316.332	0.691	0.031
342.897	269.890	0.656	0.030
330.574	240.771	0.618	0.028
327.322	230.986	0.579	0.027
336.747	243.396	0.546	0.026
342.964	280.067	0.524	0.026
328.588	334.633	0.512	0.026
292.332	386.888	0.511	0.026
251.358	408.875	0.514	0.026
222.476	379.727	0.519	0.026
208.808	302.259	0.524	0.026
200.580	202.960	0.529	0.025
188.820	116.302	0.533	0.023
173.905	62.734	0.537	0.021
162.623	40.533	0.539	0.019
155.742	34.202	0.540	0.016
148.680	30.604	0.540	0.013
136.526	26.587	0.540	0.011
121.370	25.282	0.539	0.010
108.383	27.713	0.537	0.008
100.331	30.989	0.533	0.008
95.692	32.132	0.529	0.008
91.869	31.402	0.524	0.008
89.284	31.093	0.518	0.008
89.400	32.283	0.511	0.008
93.725	34.137	0.506	0.008
99.819	36.091	0.501	0.008
104.254	39.812	0.498	0.009
105.600	47.672	0.497	0.010
105.495	60.399	0.498	0.010
104.497	76.606	0.501	0.011
103.089	94.392	0.506	0.013
101.276	112.884	0.513	0.014
100.372	133.001	0.519	0.015
101.609	156.100	0.527	0.016
103.648	181.295	0.534	0.018
105.365	204.612	0.541	0.019
103.729	221.772	0.548	0.020
99.660	231.106	0.555	0.021
97.152	230.885	0.562	0.021
98.861	218.103	0.570	0.022
103.606	191.387	0.577	0.022
107.436	157.131	0.585	0.021
108.186	126.705	0.594	0.020
106.956	108.640	0.602	0.019
106.093	101.989	0.611	0.018
106.237	100.172	0.620	0.018
105.738	97.849	0.630	0.017
103.692	94.918	0.639	0.016
100.663	93.187	0.647	0.016
97.500	92.801	0.654	0.015
94.860	92.756	0.661	0.015
92.747	93.837	0.668	0.015
91.655	98.819	0.674	0.015
92.461	109.631	0.679	0.016
96.312	125.429	0.685	0.016
103.740	144.853	0.690	0.017
115.490	168.618	0.694	0.018
130.250	199.366	0.696	0.020
145.208	240.356	0.699	0.021
159.498	293.440	0.701	0.023
173.467	357.707	0.704	0.025
187.809	429.852	0.707	0.027
197.915	503.587	0.710	0.030
198.463	569.378	0.714	0.032
189.447	614.519	0.719	0.033
175.514	623.975	0.724	0.035
162.855	587.148	0.729	0.035
153.039	503.948	0.733	0.035
142.466	388.232	0.736	0.033
127.725	264.560	0.738	0.031
109.216	159.265	0.738	0.029
90.386	88.174	0.738	0.025
73.978	51.066	0.738	0.022
60.256	35.765	0.737	0.018
48.559	28.553	0.736	0.015
38.592	22.276	0.735	0.013
30.380	17.479	0.733	0.010
23.538	17.450	0.732	0.009
17.270	23.628	0.730	0.008
11.790	33.091	0.727	0.008
7.970	39.655	0.725	0.008
5.781	37.564	0.722	0.008
4.701	26.910	0.719	0.007
4.485	13.030	0.716	0.007
5.283	2.546	0.712	0.006
7.924	-0.826	0.707	0.005
12.598	1.803	0.701	0.004
18.799	7.006	0.694	0.003
25.858	12.390	0.687	0.003
33.417	18.090	0.679	0.004
42.917	25.836	0.671	0.005
55.043	36.836	0.663	0.007
69.295	50.876	0.655	0.008
84.651	67.259	0.648	0.010
101.107	85.764	0.642	0.011
121.480	105.173	0.637	0.013
147.367	123.720	0.634	0.014
178.873	141.006	0.634	0.016
213.814	160.602	0.634	0.017
236.468	187.077	0.635	0.019
240.322	220.596	0.634	0.020
233.814	252.619	0.629	0.021
234.204	273.637	0.619	0.023
247.767	283.488	0.601	0.024
265.726	294.511	0.576	0.025
270.719	322.369	0.546	0.027
262.364	377.672	0.514	0.028
250.264	460.550	0.481	0.030
240.219	560.101	0.447	0.032
227.682	653.087	0.413	0.034
206.585	705.192	0.381	0.035
180.355	686.167	0.352	0.036
160.142	595.282	0.328	0.036
148.072	465.966	0.308	0.036
138.430	347.985	0.291	0.035
124.115	273.259	0.276	0.033
105.449	236.241	0.262	0.031
88.945	209.671	0.250	0.028
78.685	175.241	0.239	0.025
71.846	137.070	0.229	0.023
63.248	108.435	0.219	0.021
52.509	93.962	0.210	0.019
43.534	85.286	0.202	0.017
38.245	74.044	0.195	0.016
34.815	60.751	0.189	0.015
30.401	52.374	0.184	0.014
24.572	51.164	0.180	0.013
20.617	50.992	0.177	0.012
20.760	44.880	0.174	0.011
23.680	34.052	0.172	0.011
27.033	26.177	0.171	0.010
30.834	26.323	0.170	0.010
36.941	31.579	0.169	0.009
45.436	35.410	0.169	0.009
55.541	35.070	0.169	0.009
67.609	33.854	0.170	0.009
82.351	36.682	0.172	0.009
99.717	45.036	0.175	0.010
116.008	56.217	0.179	0.010
127.594	65.860	0.183	0.011
134.607	70.597	0.189	0.011
135.398	69.242	0.196	0.011
133.178	61.860	0.205	0.011
129.087	49.444	0.217	0.011
125.003	34.515	0.231	0.011
120.684	21.226	0.246	0.010
113.583	14.748	0.262	0.010
102.404	21.353	0.278	0.010
86.963	45.502	0.292	0.010
70.192	84.571	0.306	0.011
54.925	125.616	0.320	0.012
42.636	150.666	0.333	0.013
34.702	145.548	0.347	0.014
29.238	109.349	0.361	0.014
24.331	59.611	0.375	0.014
18.701	18.777	0.389	0.012
12.858	-0.427	0.404	0.011
8.268	0.780	0.419	0.009
5.742	13.851	0.434	0.007
4.769	28.543	0.450	0.006
4.343	36.632	0.467	0.005
4.471	35.698	0.486	0.006
5.197	27.714	0.506	0.006
6.395	17.682	0.527	0.007
7.533	10.547	0.550	0.007
8.533	8.043	0.574	0.007
9.945	8.018	0.599	0.006
12.959	7.325	0.624	0.005
17.853	6.016	0.647	0.004
24.801	6.337	0.668	0.004
33.596	8.396	0.684	0.003
44.672	9.947	0.697	0.003
56.029	10.191	0.707	0.003
65.748	10.955	0.715	0.004
72.932	14.792	0.722	0.005
78.464	22.249	0.727	0.006
82.636	32.371	0.731	0.007
84.033	47.348	0.732	0.009
79.721	73.769	0.732	0.010
69.138	116.111	0.731	0.012
55.054	167.667	0.730	0.014
41.638	209.939	0.729	0.016
30.932	224.478	0.728	0.018
22.391	205.970	0.728	0.019
14.859	165.186	0.727	0.019
8.573	119.262	0.726	0.019
4.593	79.849	0.725	0.018
3.107	49.843	0.725	0.016
2.957	27.914	0.725	0.014
2.724	13.283	0.726	0.012
2.014	5.812	0.727	0.010
1.358	3.717	0.727	0.008
1.195	3.523	0.728	0.006
1.314	2.561	0.729	0.005
1.343	0.803	0.730	0.004
1.292	-0.227	0.731	0.003
1.544	0.149	0.732	0.002
2.446	1.056	0.732	0.002
4.076	1.494	0.731	0.001
6.445	1.775	0.729	0.002
9.946	3.287	0.725	0.002
14.881	7.281	0.718	0.003
21.444	14.439	0.709	0.004
29.969	25.295	0.697	0.005
40.652	40.531	0.684	0.007
52.761	60.531	0.670	0.009
64.523	85.204	0.655	0.011
72.072	113.469	0.640	0.012
71.796	141.931	0.623	0.014
64.923	165.007	0.605	0.016
56.243	176.493	0.587	0.017
49.657	173.844	0.573	0.018
45.180	159.669	0.561	0.018
40.662	140.358	0.549	0.019
34.079	121.824	0.535	0.018
26.613	106.538	0.515	0.018
20.719	91.745	0.491	0.017
16.905	73.045	0.465	0.016
14.260	49.948	0.441	0.014
11.649	27.612	0.419	0.013
8.875	12.886	0.398	0.011
6.608	8.602	0.378	0.010
5.178	10.955	0.357	0.008
4.240	13.570	0.338	0.007
3.140	12.895	0.321	0.006
1.869	9.909	0.306	0.005
0.888	7.308	0.293	0.005
0.561	6.057	0.282	0.005
0.811	4.906	0.272	0.004
1.373	2.839	0.264	0.004
2.224	0.668	0.257	0.003
3.900	-0.003	0.250	0.003
6.460	1.331	0.243	0.002
9.854	3.965	0.235	0.002
13.842	7.441	0.228	0.003
18.988	12.270	0.220	0.004
26.228	19.021	0.213	0.005
35.371	27.103	0.205	0.006
46.084	36.145	0.195	0.007
56.953	48.466	0.185	0.009
67.891	67.168	0.172	0.010
75.161	92.591	0.158	0.012
79.370	123.443	0.144	0.014
81.374	157.772	0.135	0.015
81.258	193.595	0.137	0.017
77.495	226.878	0.152	0.019
69.028	247.365	0.174	0.020
58.086	245.371	0.199	0.021
48.626	220.148	0.221	0.022
42.282	180.499	0.240	0.021
37.717	139.867	0.257	0.021
32.438	108.297	0.273	0.020
26.437	87.373	0.288	0.019
21.570	72.773	0.299	0.017
19.012	59.830	0.307	0.015
17.226	47.558	0.313	0.014
14.333	37.988	0.318	0.013
10.195	32.282	0.322	0.011
6.568	28.668	0.324	0.010
4.743	23.827	0.326	0.009
4.168	16.634	0.328	0.008
3.375	9.402	0.331	0.007
1.856	5.165	0.333	0.006
0.471	4.339	0.335	0.006
0.224	4.572	0.335	0.005
1.165	3.497	0.333	0.004
2.661	1.139	0.329	0.003
4.399	-0.553	0.321	0.002
6.627	0.051	0.308	0.002
10.255	3.016	0.291	0.002
15.794	7.668	0.270	0.003
23.294	14.361	0.246	0.004
33.225	25.164	0.219	0.005
45.417	42.094	0.191	0.007
59.250	64.861	0.162	0.009
75.314	90.323	0.134	0.011
93.961	115.362	0.108	0.013
113.832	141.177	0.088	0.015
130.772	174.318	0.075	0.017
143.140	220.136	0.075	0.019
149.849	277.114	0.083	0.021
152.136	338.904	0.096	0.023
150.126	396.616	0.109	0.025
145.252	437.178	0.120	0.027
138.334	443.295	0.132	0.028
130.199	403.414	0.148	0.028
119.914	322.708	0.167	0.028
107.107	224.782	0.186	0.027
92.776	137.433	0.205	0.025
79.350	76.440	0.223	0.022
70.352	41.016	0.241	0.020
65.092	21.825	0.259	0.017
60.570	12.240	0.276	0.014
54.511	11.632	0.291	0.011
46.533	19.561	0.304	0.010
38.004	31.556	0.317	0.009
30.283	40.698	0.330	0.008
23.895	43.001	0.342	0.008
18.399	40.348	0.352	0.009
13.542	36.445	0.361	0.009
9.766	32.178	0.368	0.009
7.618	26.711	0.374	0.009
7.069	19.896	0.380	0.008
7.745	13.856	0.384	0.008
9.042	11.032	0.387	0.007
10.883	11.980	0.388	0.007
13.642	14.763	0.388	0.006
18.115	17.263	0.388	0.006
24.317	18.779	0.387	0.006
31.892	20.256	0.388	0.007
41.153	23.030	0.390	0.007
53.013	27.955	0.395	0.007
67.151	34.594	0.399	0.008
81.534	41.632	0.401	0.009
92.891	47.601	0.401	0.009
101.300	52.576	0.397	0.010
108.282	57.699	0.392	0.010
115.515	62.944	0.390	0.011
117.377	66.361	0.391	0.011
109.820	66.522	0.396	0.012
94.816	64.148	0.401	0.012
81.491	61.666	0.406	0.012
76.704	60.622	0.410	0.012
79.561	60.731	0.414	0.012
81.632	61.204	0.418	0.012
78.052	62.706	0.419	0.012
68.550	67.572	0.416	0.012
58.033	78.051	0.409	0.013
52.519	93.949	0.396	0.013
52.524	112.753	0.378	0.014
55.790	130.853	0.353	0.015
61.694	145.472	0.325	0.016
70.843	155.461	0.293	0.017
83.725	161.232	0.261	0.018
97.999	165.691	0.230	0.019
111.012	175.068	0.199	0.020
121.892	195.538	0.170	0.021
130.110	229.502	0.143	0.022
135.691	274.031	0.120	0.023
137.522	318.966	0.101	0.024
134.321	353.673	0.086	0.025
126.535	370.024	0.077	0.027
115.853	366.148	0.074	0.027
105.135	346.720	0.078	0.028
95.896	317.730	0.087	0.028
88.879	281.705	0.098	0.027
82.834	240.593	0.109	0.027
76.276	199.575	0.118	0.025
68.994	165.485	0.127	0.024
62.022	141.162	0.135	0.022
56.204	122.778	0.142	0.021
51.439	104.168	0.148	0.019
47.105	83.554	0.153	0.017
42.646	64.978	0.157	0.016
38.094	52.987	0.161	0.015
33.793	47.573	0.166	0.013
29.847	44.711	0.170	0.012
26.042	40.979	0.174	0.011
22.183	36.321	0.177	0.011
18.452	32.404	0.180	0.010
15.141	29.700	0.183	0.009
12.423	27.035	0.187	0.009
10.156	23.518	0.190	0.008
8.149	19.838	0.193	0.008
6.446	17.307	0.196	0.008
5.242	16.139	0.200	0.007
4.632	15.277	0.205	0.007
4.521	13.736	0.210	0.006
4.525	11.623	0.215	0.006
4.315	9.765	0.222	0.006
3.777	8.623	0.230	0.005
3.110	7.899	0.239	0.005
2.545	7.080	0.249	0.005
2.187	6.077	0.259	0.004
1.965	5.177	0.271	0.004
1.746	4.561	0.282	0.004
1.493	4.078	0.294	0.004
1.247	3.479	0.305	0.003
1.045	2.739	0.315	0.003
0.875	2.041	0.323	0.003
0.728	1.530	0.330	0.003
0.615	1.163	0.334	0.002
0.562	0.827	0.336	0.002
0.570	0.497	0.339	0.002
0.592	0.256	0.344	0.001
0.594	0.163	0.350	0.001
0.562	0.167	0.358	0.001
0.541	0.166	0.366	0.001
0.528	0.117	0.375	0.001
0.494	0.063	0.384	0.001
0.429	0.052	0.393	0.001
0.358	0.075	0.402	0.000
0.320	0.087	0.410	0.000
0.326	0.067	0.418	0.000
0.338	0.040	0.427	0.000
0.321	0.039	0.436	0.000
0.270	0.061	0.446	0.000
0.215	0.075	0.454	0.000
0.180	0.067	0.462	0.000
0.161	0.048	0.470	0.000
0.140	0.044	0.477	0.000
0.114	0.059	0.483	0.000
0.097	0.080	0.489	0.000
0.095	0.090	0.496	0.000
0.103	0.093	0.503	0.000
0.105	0.102	0.511	0.000
0.094	0.128	0.520	0.000
0.078	0.170	0.530	0.001
0.071	0.214	0.540	0.001
0.075	0.242	0.551	0.001
0.081	0.241	0.564	0.001
0.082	0.212	0.578	0.001
0.080	0.169	0.594	0.001
0.081	0.137	0.612	0.001
0.086	0.137	0.632	0.001
0.093	0.168	0.655	0.001
0.103	0.208	0.681	0.001
0.107	0.231	0.708	0.001
0.104	0.229	0.737	0.001
0.099	0.216	0.768	0.001
0.093	0.211	0.800	0.001
0.088	0.220	0.832	0.001
0.086	0.226	0.862	0.001
0.086	0.218	0.889	0.001
0.086	0.198	0.910	0.001
0.086	0.187	0.924	0.001
0.084	0.199	0.931	0.001
0.080	0.222	0.933	0.001
0.075	0.227	0.932	0.001
0.075	0.200	0.930	0.001
0.075	0.160	0.929	0.001
0.082	0.136	0.928	0.001
0.085	0.141	0.926	0.001
0.077	0.156	0.923	0.001
0.066	0.166	0.921	0.001
0.062	0.169	0.918	0.001
0.063	0.167	0.915	0.001
0.061	0.159	0.912	0.001
0.048	0.140	0.908	0.001
0.032	0.114	0.903	0.001
0.026	0.088	0.898	0.001
0.031	0.069	0.892	0.001
0.036	0.059	0.886	0.000
0.031	0.050	0.879	0.000
0.019	0.040	0.872	0.000
0.012	0.029	0.864	0.000
0.013	0.022	0.856	0.000
0.017	0.019	0.847	0.000
0.019	0.020	0.837	0.000
0.017	0.024	0.826	0.000
0.019	0.030	0.814	0.000
0.030	0.036	0.801	0.000
0.048	0.038	0.787	0.000
0.061	0.033	0.772	0.000
0.064	0.026	0.755	0.000
