0.000	0.000	0.000	0.000
0.004	0.000	0.000	0.000
0.012	0.000	0.000	0.000
0.018	0.000	0.000	0.000
0.020	0.001	0.000	0.000
0.017	0.004	0.000	0.000
0.014	0.009	0.000	0.000
0.015	0.016	0.000	0.000
0.017	0.023	0.000	0.000
0.017	0.030	0.000	0.000
0.013	0.036	0.000	0.000
0.007	0.036	0.000	0.000
0.007	0.029	0.000	0.000
0.011	0.019	0.000	0.000
0.014	0.011	0.000	0.000
0.013	0.009	0.000	0.000
0.008	0.010	0.000	0.000
0.004	0.010	0.000	0.000
0.004	0.008	0.000	0.000
0.005	0.003	0.000	0.000
0.004	0.001	0.000	0.000
0.003	0.000	0.000	0.000
0.002	0.001	0.000	0.000
0.002	0.001	0.000	0.000
0.003	0.001	0.000	0.000
0.004	0.001	0.000	0.000
0.003	0.002	0.000	0.000
0.003	0.003	0.000	0.000
0.004	0.003	0.000	0.000
0.006	0.002	0.000	0.000
0.007	0.001	0.000	0.000
0.007	0.002	0.000	0.000
0.007	0.003	0.000	0.000
0.009	0.005	0.000	0.000
0.011	0.005	0.000	0.000
0.013	0.005	0.000	0.000
0.012	0.005	0.000	0.000
0.012	0.005	0.000	0.000
0.013	0.005	0.000	0.000
0.013	0.004	0.000	0.000
0.013	0.004	0.000	0.000
0.013	0.004	0.000	0.000
0.014	0.005	0.000	0.000
0.017	0.006	0.000	0.000
0.019	0.007	0.000	0.000
0.019	0.007	0.000	0.000
0.016	0.008	0.000	0.000
0.013	0.010	0.000	0.000
0.010	0.010	0.000	0.000
0.010	0.008	0.000	0.000
0.010	0.007	0.000	0.000
0.009	0.007	0.000	0.000
0.007	0.009	0.000	0.000
0.006	0.011	0.000	0.000
0.006	0.011	0.000	0.000
0.007	0.009	0.000	0.000
0.007	0.007	0.000	0.000
0.007	0.005	0.000	0.000
0.006	0.005	0.000	0.000
0.006	0.005	0.000	0.000
0.006	0.005	0.000	0.000
0.005	0.005	0.000	0.000
0.003	0.006	0.000	0.000
0.002	0.006	0.000	0.000
0.003	0.004	0.000	0.000
0.003	0.003	0.000	0.000
0.004	0.002	0.000	0.000
0.005	0.003	0.000	0.000
0.006	0.004	0.000	0.000
0.005	0.004	0.000	0.000
0.004	0.003	0.000	0.000
0.003	0.002	0.000	0.000
0.002	0.003	0.000	0.000
0.002	0.004	0.000	0.000
0.002	0.003	0.000	0.000
0.003	0.002	0.000	0.000
0.004	0.000	0.000	0.000
0.006	-0.000	0.000	0.000
0.008	0.001	0.000	0.000
0.009	0.002	0.000	0.000
0.010	0.002	0.000	0.000
0.014	0.002	0.000	0.000
0.024	0.002	0.000	0.000
0.043	0.003	0.000	0.000
0.082	0.003	0.000	0.000
0.170	0.003	0.000	0.000
0.346	0.002	0.000	0.000
0.667	0.001	0.000	0.000
1.177	0.001	0.000	0.000
1.852	0.004	0.000	0.000
2.611	0.007	0.000	0.000
3.413	0.012	0.000	0.000
4.198	0.021	0.000	0.000
4.894	0.036	0.000	0.000
5.496	0.059	0.000	0.000
5.888	0.081	0.000	0.000
6.000	0.092	0.000	0.000
5.878	0.085	0.000	0.000
5.683	0.071	0.000	0.000
5.526	0.062	0.000	0.000
5.414	0.061	0.037	0.000
5.268	0.060	0.115	0.000
5.062	0.051	0.204	0.000
4.837	0.040	0.261	0.000
4.555	0.032	0.273	0.000
4.235	0.028	0.265	0.000
3.904	0.022	0.267	0.000
3.651	0.012	0.291	0.000
3.440	0.005	0.317	0.000
3.216	0.004	0.328	0.000
2.920	0.009	0.328	0.000
2.559	0.015	0.332	0.000
2.265	0.016	0.346	0.000
2.077	0.013	0.364	0.000
1.945	0.011	0.374	0.000
1.775	0.013	0.377	0.000
1.541	0.017	0.382	0.000
1.309	0.021	0.390	0.000
1.187	0.023	0.400	0.000
1.163	0.028	0.403	0.000
1.060	0.038	0.401	0.000
0.829	0.054	0.398	0.000
0.579	0.074	0.396	0.000
0.449	0.089	0.394	0.000
0.448	0.096	0.389	0.000
0.465	0.094	0.381	0.000
0.400	0.089	0.374	0.000
0.286	0.090	0.369	0.000
0.224	0.102	0.367	0.000
0.254	0.122	0.364	0.001
0.313	0.142	0.359	0.001
0.329	0.154	0.355	0.001
0.294	0.157	0.352	0.001
0.264	0.157	0.350	0.001
0.270	0.163	0.347	0.001
0.299	0.175	0.343	0.001
0.306	0.188	0.338	0.001
0.287	0.199	0.336	0.001
0.268	0.200	0.335	0.001
0.263	0.193	0.334	0.001
0.267	0.182	0.330	0.001
0.262	0.178	0.325	0.001
0.246	0.186	0.321	0.001
0.233	0.206	0.320	0.001
0.230	0.226	0.325	0.001
0.237	0.236	0.333	0.001
0.246	0.233	0.344	0.001
0.268	0.229	0.357	0.001
0.300	0.229	0.370	0.001
0.328	0.235	0.382	0.001
0.338	0.240	0.394	0.001
0.336	0.242	0.407	0.001
0.348	0.244	0.422	0.001
0.388	0.247	0.438	0.001
0.452	0.242	0.455	0.001
0.521	0.222	0.473	0.001
0.581	0.201	0.491	0.001
0.646	0.202	0.509	0.001
0.722	0.230	0.527	0.001
0.804	0.252	0.545	0.001
0.880	0.240	0.562	0.001
0.937	0.193	0.578	0.001
0.982	0.155	0.592	0.001
1.030	0.176	0.605	0.001
1.062	0.269	0.617	0.001
1.059	0.405	0.628	0.001
1.034	0.541	0.638	0.001
1.028	0.620	0.647	0.001
1.050	0.626	0.655	0.001
1.075	0.586	0.663	0.001
1.073	0.541	0.670	0.001
1.031	0.517	0.677	0.001
0.988	0.515	0.681	0.001
1.029	0.511	0.685	0.001
1.089	0.488	0.687	0.001
1.086	0.447	0.689	0.001
1.058	0.402	0.690	0.001
1.014	0.361	0.691	0.001
0.978	0.327	0.691	0.001
0.936	0.299	0.691	0.001
0.862	0.277	0.689	0.001
0.751	0.260	0.688	0.001
0.655	0.240	0.686	0.001
0.591	0.219	0.685	0.001
0.601	0.203	0.684	0.001
0.619	0.198	0.684	0.001
0.581	0.202	0.685	0.001
0.478	0.205	0.687	0.001
0.394	0.203	0.690	0.001
0.367	0.195	0.692	0.001
0.384	0.191	0.690	0.001
0.406	0.198	0.686	0.001
0.400	0.217	0.679	0.001
0.397	0.240	0.673	0.001
0.415	0.247	0.670	0.001
0.427	0.226	0.667	0.001
0.387	0.191	0.664	0.001
0.296	0.171	0.660	0.001
0.211	0.177	0.657	0.001
0.176	0.189	0.653	0.001
0.186	0.178	0.647	0.001
0.199	0.144	0.636	0.001
0.187	0.115	0.622	0.001
0.163	0.120	0.605	0.001
0.159	0.154	0.585	0.001
0.193	0.183	0.562	0.001
0.265	0.180	0.535	0.001
0.330	0.152	0.506	0.001
0.362	0.131	0.475	0.001
0.360	0.134	0.443	0.001
0.338	0.147	0.414	0.001
0.318	0.149	0.388	0.001
0.311	0.133	0.364	0.001
0.337	0.117	0.343	0.001
0.379	0.116	0.323	0.001
0.406	0.131	0.304	0.001
0.426	0.152	0.284	0.001
0.466	0.174	0.262	0.001
0.559	0.203	0.238	0.001
0.668	0.251	0.214	0.001
0.742	0.322	0.191	0.001
0.772	0.412	0.171	0.001
0.797	0.513	0.154	0.001
0.935	0.616	0.140	0.001
1.128	0.697	0.129	0.001
1.301	0.723	0.123	0.001
1.366	0.687	0.120	0.001
1.337	0.638	0.121	0.001
1.285	0.646	0.123	0.001
1.302	0.740	0.126	0.001
1.383	0.864	0.129	0.001
1.522	0.940	0.132	0.001
1.649	0.937	0.134	0.001
1.756	0.906	0.136	0.001
1.819	0.918	0.137	0.001
1.839	1.001	0.139	0.002
1.856	1.115	0.139	0.002
1.870	1.198	0.138	0.002
1.933	1.207	0.135	0.002
1.936	1.140	0.132	0.002
1.863	1.012	0.129	0.002
1.728	0.841	0.126	0.002
1.612	0.649	0.122	0.001
1.608	0.479	0.116	0.001
1.652	0.381	0.111	0.001
1.695	0.372	0.107	0.001
1.636	0.411	0.104	0.001
1.490	0.430	0.101	0.001
1.317	0.389	0.097	0.001
1.201	0.317	0.094	0.001
1.137	0.263	0.093	0.001
1.216	0.245	0.096	0.001
1.281	0.237	0.101	0.001
1.202	0.211	0.108	0.001
0.976	0.171	0.116	0.001
0.737	0.138	0.125	0.001
0.640	0.123	0.136	0.001
0.670	0.116	0.148	0.001
0.685	0.109	0.161	0.001
0.586	0.111	0.176	0.001
0.425	0.133	0.191	0.001
0.327	0.164	0.206	0.001
0.329	0.183	0.222	0.001
0.359	0.184	0.239	0.001
0.351	0.185	0.257	0.001
0.316	0.208	0.275	0.001
0.326	0.253	0.294	0.001
0.420	0.302	0.314	0.001
0.549	0.340	0.335	0.001
0.618	0.371	0.356	0.001
0.607	0.408	0.376	0.001
0.559	0.464	0.392	0.001
0.512	0.531	0.405	0.001
0.642	0.587	0.416	0.001
0.771	0.618	0.426	0.001
0.719	0.621	0.436	0.001
0.463	0.605	0.444	0.001
0.189	0.574	0.451	0.001
0.093	0.534	0.456	0.001
0.182	0.491	0.461	0.001
0.289	0.456	0.464	0.001
0.288	0.438	0.466	0.001
0.213	0.432	0.467	0.001
0.185	0.427	0.468	0.001
0.242	0.418	0.469	0.001
0.312	0.410	0.471	0.001
0.303	0.405	0.474	0.001
0.237	0.401	0.476	0.001
0.187	0.392	0.479	0.001
0.192	0.379	0.482	0.001
0.218	0.370	0.485	0.001
0.215	0.369	0.487	0.001
0.177	0.365	0.490	0.001
0.142	0.345	0.492	0.001
0.132	0.309	0.495	0.001
0.135	0.267	0.497	0.001
0.129	0.230	0.500	0.001
0.112	0.200	0.502	0.001
0.101	0.171	0.504	0.001
0.110	0.142	0.506	0.001
0.129	0.123	0.509	0.001
0.141	0.117	0.511	0.001
0.142	0.120	0.514	0.001
0.141	0.125	0.518	0.001
0.144	0.129	0.522	0.001
0.152	0.141	0.527	0.001
0.158	0.164	0.531	0.001
0.167	0.199	0.536	0.001
0.183	0.242	0.541	0.001
0.199	0.286	0.546	0.001
0.206	0.327	0.552	0.001
0.209	0.357	0.558	0.001
0.211	0.376	0.564	0.001
0.216	0.391	0.572	0.001
0.217	0.409	0.580	0.001
0.207	0.426	0.588	0.001
0.188	0.427	0.598	0.001
0.171	0.404	0.608	0.001
0.167	0.371	0.619	0.001
0.177	0.350	0.630	0.001
0.176	0.348	0.642	0.001
0.148	0.354	0.653	0.001
0.103	0.352	0.663	0.001
0.068	0.338	0.672	0.001
0.059	0.320	0.679	0.001
0.067	0.309	0.685	0.001
0.087	0.305	0.689	0.001
0.094	0.302	0.692	0.001
0.078	0.293	0.695	0.001
0.052	0.279	0.698	0.001
0.034	0.269	0.700	0.001
0.032	0.270	0.701	0.001
0.049	0.283	0.701	0.001
0.067	0.292	0.699	0.001
0.073	0.279	0.697	0.001
0.070	0.241	0.693	0.001
0.068	0.200	0.686	0.001
0.074	0.176	0.678	0.001
0.086	0.172	0.668	0.001
0.098	0.174	0.656	0.001
0.100	0.166	0.644	0.001
0.099	0.151	0.630	0.001
0.108	0.140	0.615	0.001
0.137	0.139	0.600	0.001
0.155	0.141	0.584	0.001
0.135	0.136	0.570	0.001
0.086	0.124	0.557	0.001
0.041	0.107	0.546	0.001
0.024	0.088	0.536	0.001
0.029	0.070	0.528	0.000
0.034	0.053	0.521	0.000
0.025	0.041	0.515	0.000
0.011	0.034	0.511	0.000
0.007	0.029	0.509	0.000
0.014	0.025	0.507	0.000
0.020	0.020	0.506	0.000
0.018	0.016	0.506	0.000
0.011	0.014	0.506	0.000
0.008	0.014	0.508	0.000
0.011	0.014	0.510	0.000
0.016	0.013	0.512	0.000
0.016	0.014	0.514	0.000
0.013	0.017	0.515	0.000
0.013	0.023	0.515	0.000
0.015	0.030	0.512	0.000
0.019	0.035	0.508	0.000
0.021	0.039	0.501	0.000
0.020	0.043	0.491	0.000
0.018	0.048	0.478	0.000
0.018	0.050	0.464	0.000
0.020	0.048	0.449	0.000
0.022	0.043	0.435	0.000
0.024	0.040	0.424	0.000
0.025	0.044	0.414	0.000
0.024	0.053	0.406	0.000
0.023	0.064	0.400	0.000
0.024	0.071	0.396	0.000
0.027	0.075	0.394	0.000
0.034	0.080	0.394	0.000
0.040	0.091	0.395	0.000
0.044	0.107	0.397	0.000
0.046	0.123	0.400	0.000
0.048	0.133	0.404	0.000
0.053	0.134	0.408	0.001
0.061	0.125	0.413	0.001
0.071	0.114	0.417	0.001
0.086	0.107	0.423	0.001
0.107	0.114	0.427	0.001
0.129	0.133	0.431	0.001
0.155	0.154	0.435	0.001
0.164	0.163	0.436	0.001
0.147	0.153	0.437	0.001
0.114	0.127	0.437	0.001
0.082	0.093	0.436	0.001
0.062	0.063	0.433	0.000
0.052	0.043	0.431	0.000
0.047	0.037	0.428	0.000
0.044	0.050	0.424	0.000
0.052	0.082	0.418	0.000
0.069	0.134	0.410	0.000
0.091	0.210	0.402	0.001
0.113	0.325	0.393	0.001
0.134	0.490	0.384	0.001
0.166	0.702	0.378	0.001
0.214	0.922	0.374	0.001
0.266	1.092	0.373	0.001
0.309	1.170	0.375	0.001
0.326	1.146	0.378	0.001
0.320	1.040	0.382	0.001
0.301	0.882	0.387	0.001
0.286	0.706	0.392	0.001
0.284	0.541	0.399	0.001
0.297	0.417	0.408	0.001
0.312	0.347	0.418	0.001
0.329	0.320	0.429	0.001
0.332	0.313	0.439	0.001
0.311	0.299	0.450	0.001
0.273	0.265	0.461	0.001
0.239	0.214	0.472	0.001
0.225	0.155	0.484	0.001
0.231	0.098	0.495	0.001
0.235	0.051	0.506	0.001
0.219	0.019	0.515	0.000
0.188	0.004	0.522	0.000
0.164	0.002	0.527	0.000
0.163	0.009	0.531	0.000
0.176	0.022	0.534	0.000
0.183	0.040	0.536	0.000
0.176	0.064	0.537	0.000
0.165	0.094	0.537	0.000
0.169	0.128	0.535	0.000
0.188	0.160	0.532	0.000
0.214	0.192	0.529	0.001
0.235	0.234	0.523	0.001
0.248	0.287	0.514	0.001
0.260	0.338	0.502	0.001
0.269	0.364	0.489	0.001
0.274	0.357	0.477	0.001
0.276	0.333	0.465	0.001
0.279	0.316	0.452	0.001
0.286	0.318	0.436	0.001
0.293	0.334	0.419	0.001
0.294	0.353	0.402	0.001
0.293	0.381	0.384	0.001
0.296	0.427	0.366	0.001
0.310	0.478	0.346	0.001
0.322	0.510	0.324	0.001
0.318	0.513	0.304	0.001
0.302	0.507	0.284	0.001
0.289	0.525	0.265	0.001
0.288	0.564	0.247	0.001
0.296	0.595	0.229	0.001
0.305	0.600	0.212	0.001
0.312	0.593	0.198	0.001
0.316	0.601	0.186	0.001
0.319	0.624	0.176	0.001
0.321	0.630	0.167	0.001
0.318	0.594	0.162	0.001
0.312	0.520	0.159	0.001
0.311	0.439	0.158	0.001
0.316	0.378	0.160	0.001
0.322	0.346	0.163	0.001
0.320	0.342	0.167	0.001
0.308	0.349	0.172	0.001
0.291	0.347	0.177	0.001
0.271	0.316	0.182	0.001
0.246	0.266	0.186	0.001
0.211	0.229	0.189	0.001
0.171	0.236	0.192	0.001
0.138	0.284	0.193	0.001
0.117	0.339	0.194	0.001
0.101	0.369	0.193	0.001
0.086	0.370	0.192	0.001
0.075	0.362	0.189	0.001
0.078	0.360	0.185	0.001
0.099	0.360	0.180	0.001
0.135	0.351	0.174	0.001
0.175	0.336	0.167	0.001
0.222	0.330	0.158	0.001
0.279	0.347	0.148	0.001
0.342	0.383	0.137	0.001
0.402	0.416	0.126	0.001
0.455	0.425	0.115	0.001
0.497	0.410	0.105	0.001
0.508	0.380	0.097	0.001
0.482	0.345	0.091	0.001
0.433	0.302	0.086	0.001
0.393	0.252	0.082	0.001
0.381	0.202	0.078	0.001
0.391	0.167	0.076	0.001
0.404	0.147	0.074	0.001
0.411	0.133	0.073	0.001
0.417	0.118	0.073	0.001
0.428	0.100	0.076	0.001
0.440	0.091	0.081	0.001
0.451	0.099	0.087	0.001
0.461	0.126	0.095	0.001
0.465	0.166	0.105	0.001
0.457	0.217	0.115	0.001
0.436	0.266	0.125	0.001
0.408	0.296	0.135	0.001
0.385	0.295	0.145	0.001
0.378	0.272	0.155	0.001
0.384	0.252	0.164	0.001
0.384	0.262	0.172	0.001
0.366	0.301	0.179	0.001
0.336	0.346	0.185	0.001
0.311	0.375	0.191	0.001
0.302	0.379	0.195	0.001
0.298	0.366	0.200	0.001
0.282	0.347	0.205	0.001
0.246	0.333	0.210	0.001
0.200	0.331	0.214	0.001
0.165	0.345	0.218	0.001
0.156	0.365	0.221	0.001
0.167	0.377	0.224	0.001
0.177	0.368	0.226	0.001
0.181	0.339	0.228	0.001
0.182	0.309	0.228	0.001
0.196	0.292	0.227	0.001
0.223	0.286	0.225	0.001
0.250	0.281	0.222	0.001
0.266	0.274	0.218	0.001
0.280	0.275	0.213	0.001
0.306	0.288	0.208	0.001
0.353	0.305	0.201	0.001
0.411	0.308	0.193	0.001
0.464	0.291	0.185	0.001
0.497	0.268	0.175	0.001
0.520	0.253	0.166	0.001
0.542	0.245	0.156	0.001
0.565	0.228	0.147	0.001
0.580	0.195	0.139	0.001
0.580	0.164	0.132	0.001
0.583	0.155	0.125	0.001
0.600	0.172	0.119	0.001
0.630	0.197	0.112	0.001
0.652	0.209	0.106	0.001
0.660	0.204	0.100	0.001
0.653	0.193	0.095	0.001
0.642	0.189	0.090	0.001
0.626	0.196	0.087	0.001
0.613	0.209	0.085	0.001
0.595	0.226	0.084	0.001
0.615	0.240	0.084	0.001
0.627	0.248	0.086	0.001
0.593	0.246	0.088	0.001
0.502	0.239	0.092	0.001
0.409	0.235	0.096	0.001
0.374	0.237	0.101	0.001
0.417	0.241	0.106	0.001
0.467	0.245	0.111	0.001
0.470	0.250	0.117	0.001
0.425	0.262	0.122	0.001
0.386	0.281	0.128	0.001
0.379	0.297	0.134	0.001
0.390	0.302	0.140	0.001
0.395	0.294	0.146	0.001
0.383	0.281	0.151	0.001
0.364	0.276	0.157	0.001
0.359	0.284	0.162	0.001
0.365	0.303	0.166	0.001
0.416	0.324	0.171	0.001
0.511	0.334	0.175	0.001
0.579	0.329	0.178	0.001
0.567	0.313	0.182	0.001
0.498	0.295	0.185	0.001
0.446	0.282	0.187	0.001
0.464	0.278	0.190	0.001
0.541	0.281	0.192	0.001
0.614	0.286	0.194	0.001
0.636	0.284	0.197	0.001
0.605	0.272	0.199	0.001
0.553	0.255	0.202	0.001
0.510	0.250	0.205	0.001
0.476	0.273	0.209	0.001
0.440	0.326	0.214	0.001
0.418	0.396	0.221	0.001
0.417	0.459	0.228	0.001
0.433	0.502	0.237	0.001
0.468	0.531	0.248	0.001
0.498	0.558	0.259	0.001
0.524	0.584	0.271	0.001
0.550	0.596	0.284	0.001
0.586	0.586	0.296	0.001
0.647	0.565	0.308	0.001
0.726	0.548	0.319	0.001
0.806	0.534	0.329	0.001
0.895	0.503	0.338	0.001
0.971	0.435	0.347	0.001
1.016	0.335	0.356	0.001
1.019	0.226	0.366	0.001
1.000	0.139	0.377	0.001
0.976	0.093	0.389	0.001
0.966	0.086	0.402	0.001
0.999	0.102	0.416	0.001
1.084	0.113	0.432	0.001
1.192	0.100	0.449	0.000
1.283	0.068	0.466	0.000
1.340	0.041	0.483	0.000
1.375	0.035	0.500	0.000
1.422	0.050	0.517	0.000
1.499	0.071	0.535	0.000
1.609	0.089	0.553	0.000
1.767	0.107	0.571	0.000
1.918	0.133	0.590	0.000
1.990	0.171	0.607	0.001
1.974	0.216	0.623	0.001
1.908	0.263	0.639	0.001
1.885	0.309	0.654	0.001
1.982	0.346	0.668	0.001
2.255	0.366	0.680	0.001
2.714	0.373	0.690	0.001
3.373	0.380	0.697	0.001
4.176	0.412	0.703	0.001
4.987	0.490	0.709	0.001
5.672	0.627	0.715	0.001
6.148	0.828	0.720	0.001
6.423	1.097	0.724	0.001
6.588	1.444	0.727	0.002
6.685	1.876	0.729	0.002
6.714	2.393	0.731	0.002
6.673	2.992	0.732	0.002
6.624	3.676	0.733	0.002
6.627	4.461	0.734	0.003
6.618	5.370	0.734	0.003
6.529	6.415	0.735	0.003
6.407	7.593	0.736	0.004
6.420	8.901	0.737	0.004
6.718	10.359	0.739	0.004
7.306	11.996	0.741	0.005
8.084	13.852	0.743	0.005
8.980	15.956	0.745	0.005
10.019	18.359	0.748	0.006
11.269	21.165	0.750	0.006
12.685	24.488	0.752	0.007
14.543	28.394	0.754	0.007
16.574	32.926	0.755	0.008
18.239	38.049	0.756	0.008
19.384	43.579	0.758	0.009
20.237	49.221	0.761	0.010
21.169	54.736	0.763	0.010
22.281	60.075	0.765	0.011
23.367	65.372	0.767	0.011
24.132	70.655	0.770	0.012
24.546	75.784	0.773	0.012
24.805	80.610	0.776	0.013
24.930	84.967	0.779	0.013
24.768	88.538	0.782	0.014
24.221	90.752	0.786	0.014
23.366	91.078	0.789	0.014
22.381	89.572	0.792	0.014
21.338	86.971	0.795	0.014
20.159	84.116	0.798	0.014
18.866	81.318	0.801	0.014
17.502	78.238	0.804	0.014
16.220	74.422	0.806	0.014
14.987	69.761	0.809	0.014
13.684	64.667	0.811	0.013
12.273	59.625	0.813	0.013
10.891	54.576	0.814	0.012
10.089	48.917	0.816	0.012
9.864	42.929	0.817	0.011
9.873	37.337	0.817	0.011
9.753	32.647	0.818	0.010
9.807	28.517	0.818	0.010
9.772	24.275	0.818	0.009
9.402	19.831	0.817	0.008
8.461	15.914	0.817	0.008
7.205	12.897	0.816	0.007
6.242	10.570	0.815	0.006
5.954	8.484	0.814	0.006
6.163	6.539	0.813	0.005
6.337	4.936	0.810	0.005
6.267	3.759	0.806	0.004
6.064	2.788	0.800	0.004
6.014	1.829	0.792	0.003
6.175	0.970	0.783	0.003
6.405	0.460	0.773	0.002
6.594	0.346	0.763	0.002
6.689	0.388	0.752	0.001
6.790	0.334	0.741	0.001
7.154	0.189	0.731	0.001
7.535	0.167	0.722	0.001
7.708	0.450	0.715	0.001
7.672	0.862	0.707	0.001
7.599	1.172	0.701	0.001
8.394	1.474	0.694	0.002
9.591	2.242	0.688	0.002
10.221	3.891	0.682	0.002
9.949	6.244	0.677	0.003
9.495	8.463	0.670	0.003
9.788	10.206	0.664	0.004
11.086	11.764	0.656	0.004
12.792	13.603	0.647	0.005
14.465	15.704	0.636	0.005
16.007	17.664	0.624	0.006
17.596	19.154	0.611	0.006
19.327	20.500	0.597	0.006
20.949	22.590	0.583	0.007
22.169	26.175	0.569	0.007
23.345	31.276	0.555	0.008
24.756	37.110	0.541	0.008
26.359	42.644	0.526	0.009
27.750	47.379	0.510	0.009
28.550	51.647	0.495	0.010
28.791	56.003	0.480	0.011
28.797	60.595	0.465	0.011
29.011	64.711	0.451	0.011
28.832	67.574	0.436	0.012
28.153	68.978	0.423	0.012
26.769	69.254	0.411	0.012
25.070	68.677	0.401	0.013
23.588	67.614	0.391	0.013
22.672	66.697	0.383	0.013
22.172	67.061	0.374	0.013
21.715	69.323	0.367	0.013
21.024	72.721	0.360	0.013
20.141	75.205	0.355	0.013
19.331	74.938	0.350	0.013
18.699	71.688	0.345	0.013
18.032	66.750	0.341	0.013
17.108	61.776	0.338	0.013
15.930	57.178	0.335	0.012
14.647	52.314	0.333	0.012
13.462	47.051	0.333	0.012
12.451	42.202	0.332	0.011
11.491	38.993	0.333	0.011
10.617	37.855	0.335	0.010
9.914	37.389	0.337	0.010
9.359	35.894	0.339	0.010
8.820	33.043	0.343	0.009
8.207	30.058	0.347	0.009
7.532	28.284	0.353	0.009
6.923	27.594	0.360	0.009
6.452	26.502	0.367	0.008
6.095	23.979	0.377	0.008
5.787	20.472	0.388	0.008
5.405	17.275	0.400	0.007
4.989	15.131	0.413	0.007
4.635	13.707	0.428	0.007
4.397	12.284	0.444	0.006
4.222	10.701	0.462	0.006
4.063	9.295	0.481	0.006
3.873	8.355	0.501	0.005
3.666	7.770	0.522	0.005
3.498	7.253	0.544	0.005
3.305	6.705	0.566	0.004
3.034	6.227	0.590	0.004
2.703	5.831	0.614	0.004
2.362	5.408	0.638	0.004
2.076	4.855	0.662	0.004
1.884	4.245	0.685	0.004
1.741	3.783	0.709	0.003
1.589	3.636	0.733	0.003
1.409	3.693	0.755	0.003
1.224	3.652	0.778	0.003
1.084	3.338	0.799	0.003
0.990	2.859	0.819	0.003
0.912	2.449	0.838	0.003
0.844	2.235	0.855	0.003
0.773	2.117	0.871	0.003
0.700	1.934	0.885	0.002
0.614	1.652	0.899	0.002
0.519	1.373	0.910	0.002
0.437	1.181	0.921	0.002
0.387	1.055	0.930	0.002
0.366	0.919	0.938	0.002
0.350	0.760	0.944	0.002
0.315	0.621	0.948	0.001
0.268	0.525	0.951	0.001
0.230	0.446	0.952	0.001
0.208	0.356	0.952	0.001
0.197	0.274	0.952	0.001
0.179	0.242	0.952	0.001
0.166	0.258	0.953	0.001
0.167	0.273	0.954	0.001
0.171	0.259	0.955	0.001
0.191	0.241	0.955	0.001
0.197	0.251	0.956	0.001
0.174	0.275	0.957	0.001
0.128	0.262	0.958	0.001
0.086	0.192	0.959	0.001
0.065	0.105	0.959	0.001
0.064	0.054	0.960	0.001
0.067	0.051	0.961	0.001
0.060	0.058	0.962	0.000
0.044	0.042	0.962	0.000
0.031	0.010	0.963	0.000
0.026	-0.007	0.964	0.000
0.028	0.004	0.965	0.000
0.028	0.024	0.965	0.000
0.022	0.028	0.966	0.000
0.016	0.016	0.966	0.000
0.013	0.009	0.966	0.000
0.014	0.019	0.966	0.000
0.016	0.036	0.966	0.000
0.016	0.043	0.965	0.000
0.017	0.034	0.965	0.000
0.017	0.020	0.964	0.000
0.018	0.013	0.962	0.000
0.017	0.014	0.961	0.000
0.015	0.016	0.960	0.000
0.013	0.013	0.960	0.000
0.011	0.009	0.959	0.000
0.010	0.008	0.959	0.000
0.010	0.012	0.958	0.000
0.012	0.017	0.957	0.000
0.012	0.017	0.957	0.000
0.012	0.012	0.957	0.000
0.010	0.010	0.956	0.000
0.009	0.013	0.956	0.000
0.009	0.021	0.954	0.000
0.012	0.028	0.953	0.000
0.015	0.029	0.951	0.000
0.016	0.026	0.950	0.000
0.016	0.025	0.948	0.000
0.014	0.030	0.947	0.000
0.014	0.038	0.945	0.000
0.015	0.045	0.942	0.000
0.017	0.046	0.940	0.000
0.017	0.043	0.937	0.000
0.018	0.040	0.934	0.000
0.018	0.038	0.932	0.000
0.018	0.036	0.929	0.000
0.019	0.037	0.926	0.000
0.019	0.044	0.923	0.000
0.020	0.059	0.920	0.000
0.021	0.080	0.917	0.000
0.020	0.096	0.913	0.000
0.019	0.101	0.910	0.000
0.020	0.094	0.905	0.000
0.022	0.084	0.900	0.000
0.025	0.078	0.893	0.000
0.026	0.077	0.887	0.000
0.027	0.076	0.881	0.000
0.026	0.069	0.875	0.000
0.028	0.056	0.869	0.000
0.032	0.044	0.862	0.000
0.040	0.038	0.855	0.000
0.051	0.038	0.848	0.000
0.062	0.038	0.841	0.000
0.073	0.034	0.833	0.000
0.084	0.034	0.825	0.000
0.100	0.043	0.815	0.000
0.128	0.062	0.805	0.000
0.184	0.087	0.793	0.000
0.286	0.111	0.780	0.000
0.441	0.131	0.766	0.000
0.656	0.145	0.752	0.000
0.967	0.153	0.739	0.001
1.450	0.159	0.728	0.001
2.165	0.172	0.720	0.001
3.075	0.197	0.717	0.001
4.164	0.234	0.720	0.001
5.377	0.273	0.731	0.001
6.341	0.312	0.748	0.001
6.854	0.359	0.766	0.001
7.453	0.435	0.784	0.001
9.004	0.546	0.800	0.001
11.630	0.677	0.813	0.001
14.849	0.822	0.824	0.001
18.272	1.051	0.832	0.001
21.207	1.568	0.835	0.002
22.963	2.630	0.834	0.002
23.415	4.316	0.826	0.002
22.912	6.294	0.814	0.003
22.351	7.882	0.799	0.003
22.547	8.659	0.782	0.004
23.876	8.745	0.763	0.004
26.059	8.582	0.743	0.004
28.304	8.404	0.722	0.004
30.079	8.200	0.701	0.004
31.601	8.154	0.682	0.005
32.980	8.754	0.664	0.005
33.502	10.225	0.647	0.005
32.357	12.087	0.631	0.005
29.712	13.354	0.616	0.005
26.573	13.538	0.602	0.005
24.288	13.108	0.588	0.005
23.574	12.986	0.574	0.005
23.683	13.586	0.559	0.006
23.395	14.462	0.544	0.006
22.074	14.769	0.527	0.006
20.001	13.993	0.511	0.006
17.958	12.268	0.494	0.006
16.399	10.121	0.478	0.005
15.104	7.995	0.462	0.005
13.758	6.091	0.445	0.005
12.295	4.464	0.427	0.004
10.981	3.155	0.410	0.004
10.081	2.203	0.392	0.003
9.642	1.564	0.375	0.003
9.508	1.120	0.357	0.003
9.554	0.770	0.338	0.002
9.751	0.523	0.319	0.002
10.028	0.487	0.300	0.002
10.108	0.797	0.281	0.002
9.918	1.509	0.262	0.002
9.751	2.567	0.244	0.002
10.070	3.858	0.225	0.002
11.015	5.289	0.207	0.003
12.312	6.817	0.188	0.003
13.382	8.393	0.169	0.004
13.949	9.908	0.150	0.004
14.236	11.339	0.131	0.004
14.545	12.689	0.113	0.005
14.939	13.872	0.096	0.005
15.347	14.764	0.079	0.005
15.698	15.405	0.064	0.006
16.011	16.253	0.051	0.006
16.369	17.769	0.041	0.006
16.990	19.667	0.037	0.006
17.632	21.174	0.040	0.007
18.075	21.923	0.048	0.007
18.290	22.427	0.060	0.007
18.259	23.519	0.073	0.007
18.342	25.217	0.087	0.007
18.977	26.614	0.099	0.008
20.029	26.887	0.112	0.008
20.989	26.304	0.126	0.008
21.348	25.989	0.139	0.008
21.321	26.469	0.152	0.008
21.500	27.163	0.164	0.008
22.093	27.030	0.176	0.008
22.606	25.868	0.187	0.008
22.412	24.367	0.199	0.008
21.714	22.885	0.210	0.008
21.364	20.746	0.220	0.007
21.844	17.614	0.230	0.007
22.408	14.143	0.239	0.007
22.061	11.465	0.247	0.006
20.674	9.619	0.255	0.006
20.016	7.732	0.261	0.005
21.336	5.287	0.267	0.005
23.242	2.998	0.271	0.004
23.727	2.292	0.273	0.004
22.843	3.986	0.275	0.003
22.799	7.639	0.275	0.004
25.218	12.341	0.274	0.004
29.031	18.025	0.272	0.005
32.395	25.624	0.270	0.006
34.974	35.852	0.267	0.007
37.706	48.116	0.264	0.008
41.601	61.017	0.261	0.010
46.587	73.526	0.257	0.011
51.438	85.668	0.254	0.012
55.290	97.518	0.251	0.013
58.732	109.251	0.248	0.014
63.200	121.561	0.246	0.015
68.765	135.602	0.245	0.016
73.455	151.716	0.244	0.017
76.216	167.802	0.244	0.018
77.104	180.202	0.245	0.019
77.381	187.998	0.247	0.020
77.493	194.288	0.249	0.020
77.196	202.897	0.252	0.021
75.546	213.773	0.255	0.022
72.364	221.887	0.258	0.022
68.353	221.897	0.261	0.022
64.575	213.506	0.265	0.022
60.939	201.210	0.268	0.022
56.898	189.010	0.272	0.022
52.428	176.669	0.276	0.022
47.747	161.241	0.279	0.021
43.128	141.112	0.281	0.020
38.700	117.871	0.282	0.019
34.640	94.033	0.282	0.018
31.157	71.049	0.281	0.016
28.457	49.843	0.280	0.015
26.444	32.179	0.277	0.013
24.553	19.803	0.273	0.011
22.382	12.572	0.269	0.010
20.186	8.391	0.265	0.008
18.610	5.254	0.260	0.007
17.864	3.081	0.255	0.006
17.567	2.982	0.249	0.005
17.216	5.031	0.243	0.004
16.764	7.618	0.237	0.004
16.868	9.145	0.230	0.004
17.924	9.618	0.223	0.004
19.768	10.328	0.216	0.004
21.691	12.326	0.208	0.005
23.212	15.579	0.199	0.005
24.611	19.504	0.190	0.006
26.096	24.035	0.181	0.006
28.668	29.633	0.171	0.007
31.498	36.625	0.162	0.008
35.861	45.144	0.152	0.009
42.808	55.644	0.142	0.010
52.237	69.283	0.131	0.011
62.585	87.515	0.121	0.012
72.384	110.922	0.110	0.014
81.074	138.427	0.099	0.015
89.357	167.992	0.088	0.017
98.198	197.789	0.079	0.018
107.727	226.343	0.071	0.020
117.212	252.138	0.065	0.021
125.529	273.881	0.063	0.023
131.658	292.033	0.063	0.024
135.295	308.864	0.067	0.025
137.029	325.056	0.073	0.026
137.676	336.679	0.080	0.027
137.071	337.262	0.089	0.027
135.098	323.369	0.098	0.027
131.304	297.904	0.107	0.027
124.404	267.250	0.115	0.027
115.040	236.533	0.123	0.026
104.767	207.378	0.130	0.025
94.467	179.926	0.136	0.024
84.386	154.933	0.140	0.022
74.495	133.569	0.144	0.021
65.317	116.464	0.147	0.020
57.951	102.183	0.149	0.018
53.512	87.643	0.151	0.017
51.800	71.259	0.151	0.016
50.657	53.969	0.151	0.014
49.998	37.964	0.150	0.013
50.193	24.621	0.147	0.011
52.270	14.128	0.144	0.010
55.909	6.544	0.139	0.008
60.095	2.354	0.134	0.006
64.172	1.867	0.128	0.005
68.945	4.700	0.122	0.004
75.240	10.405	0.115	0.004
83.402	18.780	0.107	0.005
93.292	29.987	0.099	0.006
106.008	43.572	0.092	0.007
122.321	59.940	0.087	0.009
140.666	80.200	0.085	0.011
157.725	113.889	0.086	0.013
171.229	164.155	0.092	0.015
181.357	218.201	0.102	0.017
189.276	254.519	0.115	0.019
194.985	265.392	0.129	0.021
196.545	267.924	0.143	0.023
192.209	293.858	0.156	0.025
183.525	349.315	0.168	0.026
171.731	414.198	0.179	0.028
157.273	462.089	0.188	0.029
140.290	483.317	0.196	0.031
122.768	485.321	0.202	0.032
107.223	477.187	0.207	0.032
94.474	458.547	0.211	0.033
83.378	424.737	0.213	0.032
72.789	376.235	0.214	0.032
62.984	319.671	0.214	0.030
55.725	261.705	0.213	0.029
51.669	205.070	0.210	0.027
49.152	151.414	0.207	0.025
46.270	104.630	0.203	0.022
43.065	69.157	0.198	0.020
40.037	45.680	0.193	0.017
36.698	30.252	0.187	0.014
32.655	18.256	0.182	0.012
28.003	8.443	0.176	0.010
23.883	2.394	0.171	0.008
21.331	0.884	0.166	0.006
20.136	1.985	0.161	0.005
19.060	2.831	0.156	0.004
17.284	2.324	0.151	0.003
15.298	1.517	0.147	0.003
14.259	1.713	0.143	0.002
14.691	2.922	0.139	0.002
16.059	4.337	0.135	0.003
17.618	5.755	0.131	0.003
19.178	7.946	0.127	0.004
21.080	11.637	0.122	0.004
23.533	16.636	0.118	0.005
26.238	22.177	0.114	0.006
29.062	27.877	0.110	0.007
31.618	34.044	0.105	0.007
34.279	41.074	0.101	0.008
37.248	48.775	0.097	0.009
40.462	56.286	0.094	0.010
43.477	62.764	0.091	0.011
46.005	68.082	0.088	0.011
47.931	72.700	0.086	0.012
49.540	77.026	0.085	0.013
51.284	80.803	0.083	0.013
52.988	82.941	0.083	0.013
54.305	82.699	0.084	0.014
54.858	81.189	0.086	0.014
54.736	81.410	0.089	0.014
54.268	85.874	0.092	0.014
53.564	93.802	0.095	0.014
52.459	100.898	0.098	0.015
50.645	103.084	0.100	0.015
48.611	100.158	0.103	0.015
46.874	94.666	0.106	0.015
45.124	89.330	0.109	0.015
42.554	84.881	0.112	0.015
38.507	80.578	0.114	0.015
33.361	75.257	0.115	0.014
28.097	68.037	0.117	0.014
23.527	58.295	0.119	0.013
19.519	46.395	0.123	0.012
15.977	33.357	0.128	0.011
13.798	20.859	0.134	0.010
14.612	11.407	0.141	0.009
19.015	7.741	0.151	0.008
25.954	11.524	0.164	0.007
33.610	22.574	0.180	0.007
41.206	39.647	0.198	0.007
49.378	61.870	0.219	0.009
58.796	89.325	0.240	0.011
69.379	123.217	0.262	0.013
80.226	164.656	0.285	0.015
90.661	214.276	0.308	0.018
99.573	271.635	0.329	0.020
106.558	331.709	0.348	0.023
109.661	381.408	0.365	0.025
107.116	402.008	0.379	0.026
101.097	379.283	0.392	0.027
99.620	317.675	0.403	0.027
107.270	241.322	0.412	0.027
120.870	178.408	0.418	0.026
132.865	141.694	0.422	0.024
138.232	123.225	0.423	0.022
138.222	106.810	0.423	0.020
136.894	84.699	0.420	0.018
135.698	61.391	0.416	0.016
132.496	44.380	0.411	0.014
124.897	34.889	0.405	0.013
113.617	28.230	0.397	0.011
100.927	20.391	0.388	0.010
88.011	12.129	0.378	0.008
74.365	6.580	0.367	0.007
60.088	4.760	0.354	0.006
46.431	4.633	0.339	0.005
34.828	3.805	0.323	0.004
26.609	2.019	0.306	0.004
22.939	0.671	0.287	0.003
24.652	0.718	0.266	0.003
32.091	1.730	0.244	0.002
42.820	2.811	0.221	0.002
54.053	3.770	0.197	0.002
63.369	5.062	0.174	0.003
71.023	6.781	0.152	0.003
78.121	8.221	0.133	0.003
84.535	8.548	0.119	0.004
88.601	7.688	0.111	0.004
89.520	6.323	0.111	0.004
87.693	5.178	0.118	0.004
83.954	4.378	0.131	0.004
78.568	3.596	0.147	0.003
71.353	2.594	0.166	0.003
62.661	1.522	0.186	0.003
53.521	0.695	0.208	0.002
45.305	0.293	0.230	0.002
38.629	0.250	0.252	0.002
33.728	0.366	0.273	0.001
30.996	0.530	0.293	0.001
31.018	0.811	0.312	0.001
33.145	1.400	0.330	0.001
35.382	2.678	0.347	0.002
35.688	5.035	0.361	0.002
33.459	8.624	0.374	0.003
30.107	12.702	0.383	0.004
26.858	15.557	0.392	0.004
23.916	15.984	0.399	0.005
20.405	14.360	0.404	0.005
16.092	12.661	0.407	0.005
12.110	13.173	0.407	0.006
10.078	16.744	0.406	0.006
10.904	22.101	0.405	0.006
13.317	26.995	0.403	0.007
15.110	30.104	0.400	0.007
15.441	31.714	0.395	0.008
15.222	32.738	0.390	0.008
15.541	33.700	0.383	0.008
16.466	34.525	0.375	0.009
17.210	35.174	0.367	0.009
17.009	36.140	0.358	0.009
16.110	38.138	0.349	0.009
15.544	41.141	0.339	0.009
15.685	43.500	0.327	0.010
16.266	43.113	0.315	0.010
16.590	39.170	0.302	0.009
16.220	32.737	0.289	0.009
15.475	25.836	0.275	0.009
14.680	19.930	0.262	0.008
13.984	15.460	0.249	0.008
13.247	12.486	0.239	0.007
12.304	10.720	0.230	0.007
11.434	9.444	0.224	0.006
10.560	7.869	0.222	0.005
9.682	5.943	0.222	0.005
9.002	4.627	0.225	0.004
8.715	4.963	0.232	0.004
8.639	6.859	0.242	0.004
8.745	9.056	0.255	0.004
8.890	10.402	0.269	0.004
9.024	10.995	0.285	0.004
9.105	11.853	0.300	0.005
9.124	13.727	0.313	0.005
9.070	16.518	0.323	0.006
8.975	19.712	0.329	0.006
8.892	23.069	0.330	0.006
8.861	26.607	0.329	0.007
8.864	29.925	0.326	0.007
8.808	32.003	0.320	0.008
8.731	32.005	0.312	0.008
8.585	30.117	0.302	0.008
8.289	27.443	0.292	0.008
7.816	24.768	0.283	0.008
7.287	21.754	0.279	0.008
6.756	17.687	0.280	0.007
6.173	12.666	0.290	0.007
5.495	7.842	0.307	0.006
4.843	4.405	0.331	0.005
4.365	2.557	0.357	0.005
4.095	1.637	0.384	0.004
3.872	0.986	0.407	0.003
3.531	0.532	0.425	0.003
3.122	0.523	0.438	0.002
2.796	0.947	0.446	0.002
2.661	1.405	0.451	0.002
2.644	1.526	0.452	0.002
2.625	1.319	0.449	0.002
2.549	1.067	0.444	0.002
2.462	0.975	0.438	0.002
2.452	0.993	0.432	0.002
2.511	0.966	0.426	0.002
2.540	0.879	0.420	0.002
2.491	0.870	0.414	0.002
2.403	0.995	0.410	0.002
2.332	1.123	0.406	0.001
2.298	1.051	0.403	0.001
2.289	0.760	0.401	0.001
2.275	0.447	0.400	0.001
2.242	0.300	0.401	0.001
2.184	0.317	0.404	0.001
2.138	0.347	0.409	0.001
2.103	0.284	0.414	0.001
2.056	0.167	0.421	0.001
1.989	0.096	0.429	0.001
1.926	0.099	0.438	0.001
1.867	0.109	0.446	0.001
1.812	0.073	0.453	0.001
1.736	0.015	0.460	0.000
1.649	-0.006	0.467	0.000
1.553	0.021	0.475	0.000
1.444	0.051	0.485	0.000
1.326	0.052	0.496	0.000
1.187	0.034	0.510	0.000
1.048	0.027	0.525	0.000
0.910	0.040	0.542	0.000
0.788	0.051	0.559	0.000
0.669	0.045	0.577	0.000
0.543	0.031	0.595	0.000
0.424	0.025	0.616	0.000
0.341	0.031	0.637	0.000
0.286	0.036	0.659	0.000
0.241	0.029	0.678	0.000
0.189	0.014	0.696	0.000
0.130	0.005	0.712	0.000
0.084	0.009	0.727	0.000
0.063	0.023	0.738	0.000
0.061	0.039	0.743	0.000
0.059	0.055	0.743	0.000
0.049	0.068	0.741	0.000
0.034	0.074	0.739	0.000
0.023	0.067	0.737	0.000
0.020	0.047	0.736	0.000
0.020	0.024	0.733	0.000
0.017	0.009	0.729	0.000
0.014	0.006	0.724	0.000
0.015	0.011	0.719	0.000
0.019	0.017	0.712	0.000
0.023	0.019	0.705	0.000
0.024	0.019	0.697	0.000
0.025	0.021	0.689	0.000
0.026	0.025	0.681	0.000
0.028	0.031	0.673	0.000
0.027	0.038	0.664	0.000
0.024	0.044	0.656	0.000
0.021	0.047	0.649	0.000
0.024	0.048	0.642	0.000
0.029	0.054	0.635	0.000
0.032	0.067	0.628	0.000
0.031	0.083	0.622	0.000
0.028	0.090	0.618	0.000
0.026	0.084	0.615	0.000
0.025	0.070	0.613	0.000
0.024	0.061	0.610	0.000
0.022	0.058	0.606	0.000
0.022	0.060	0.600	0.000
0.024	0.064	0.594	0.000
0.028	0.070	0.588	0.000
0.029	0.081	0.583	0.000
0.025	0.091	0.581	0.000
0.020	0.087	0.583	0.000
0.017	0.067	0.589	0.000
0.017	0.040	0.598	0.000
0.018	0.022	0.608	0.000
0.018	0.019	0.619	0.000
0.018	0.029	0.630	0.000
0.018	0.043	0.640	0.000
0.017	0.051	0.647	0.000
0.016	0.053	0.651	0.000
0.016	0.049	0.652	0.000
0.017	0.046	0.652	0.000
0.016	0.042	0.652	0.000
0.016	0.034	0.653	0.000
0.018	0.023	0.653	0.000
0.020	0.013	0.652	0.000
0.020	0.008	0.648	0.000
0.019	0.008	0.642	0.000
0.016	0.009	0.633	0.000
0.015	0.009	0.623	0.000
0.015	0.008	0.612	0.000
0.014	0.009	0.604	0.000
0.012	0.012	0.598	0.000
0.010	0.015	0.593	0.000
0.008	0.015	0.587	0.000
0.008	0.014	0.581	0.000
0.008	0.013	0.575	0.000
0.009	0.014	0.571	0.000
0.010	0.019	0.565	0.000
0.011	0.024	0.556	0.000
0.015	0.026	0.546	0.000
0.023	0.023	0.534	0.000
0.033	0.019	0.523	0.000
0.046	0.016	0.509	0.000
0.064	0.023	0.493	0.000
0.091	0.048	0.474	0.000
0.134	0.097	0.454	0.000
0.196	0.182	0.431	0.000
0.278	0.316	0.407	0.001
0.386	0.492	0.382	0.001
0.531	0.713	0.355	0.001
0.726	0.977	0.328	0.001
0.978	1.307	0.302	0.001
1.289	1.782	0.278	0.002
1.642	2.511	0.261	0.002
2.013	3.504	0.254	0.002
2.401	4.755	0.262	0.003
2.854	6.133	0.284	0.003
3.386	7.531	0.318	0.003
3.986	8.951	0.360	0.004
4.627	10.513	0.405	0.004
5.358	12.349	0.453	0.005
6.188	14.481	0.502	0.005
6.893	16.783	0.551	0.006
7.472	19.068	0.598	0.006
8.082	21.303	0.644	0.006
8.817	23.638	0.687	0.007
9.617	26.279	0.727	0.007
10.329	29.293	0.763	0.008
10.790	32.559	0.793	0.008
10.930	35.859	0.819	0.008
11.024	38.988	0.842	0.009
11.406	41.667	0.861	0.009
12.232	43.536	0.877	0.009
13.268	44.325	0.890	0.010
14.063	44.059	0.900	0.010
14.575	43.035	0.908	0.010
14.410	41.535	0.913	0.010
13.362	39.525	0.918	0.010
11.668	36.803	0.921	0.010
10.069	33.375	0.922	0.010
9.229	29.619	0.922	0.009
9.158	26.069	0.920	0.009
9.693	23.032	0.918	0.008
9.795	20.493	0.915	0.008
8.986	18.352	0.911	0.008
7.635	16.661	0.908	0.007
6.455	15.541	0.905	0.007
5.826	14.950	0.903	0.007
5.571	14.585	0.901	0.006
5.187	14.090	0.900	0.006
4.540	13.276	0.898	0.006
3.882	12.197	0.897	0.006
3.465	10.925	0.897	0.005
3.236	9.503	0.896	0.005
2.952	7.981	0.896	0.005
2.529	6.481	0.895	0.005
2.124	5.162	0.894	0.004
1.912	4.127	0.893	0.004
1.914	3.376	0.892	0.004
1.969	2.861	0.890	0.003
1.937	2.554	0.888	0.003
1.834	2.451	0.885	0.003
1.716	2.517	0.883	0.003
1.617	2.665	0.881	0.003
1.555	2.805	0.878	0.003
1.562	2.876	0.874	0.003
1.683	2.869	0.868	0.003
1.952	2.789	0.862	0.003
2.443	2.651	0.853	0.003
3.077	2.495	0.843	0.003
3.796	2.379	0.830	0.002
4.530	2.284	0.816	0.002
5.372	2.194	0.800	0.002
6.411	2.165	0.785	0.002
7.668	2.317	0.769	0.002
9.210	2.711	0.751	0.002
10.566	3.200	0.733	0.002
11.388	3.498	0.714	0.003
11.942	3.486	0.696	0.003
12.340	3.324	0.677	0.003
12.643	3.320	0.657	0.003
12.389	3.697	0.638	0.003
11.482	4.500	0.620	0.003
10.274	5.573	0.603	0.003
9.296	6.735	0.585	0.004
8.678	7.925	0.567	0.004
8.235	9.144	0.549	0.004
7.640	10.280	0.531	0.004
6.927	11.085	0.513	0.005
6.469	11.348	0.495	0.005
6.460	11.107	0.478	0.005
6.787	10.663	0.459	0.005
7.271	10.308	0.441	0.005
7.803	10.226	0.422	0.005
8.573	10.583	0.404	0.005
9.636	11.581	0.387	0.005
11.040	13.344	0.371	0.005
12.833	15.743	0.354	0.006
15.163	18.393	0.337	0.006
17.962	20.993	0.320	0.006
21.077	23.629	0.302	0.007
24.670	26.774	0.285	0.007
28.084	30.499	0.269	0.008
30.811	34.434	0.254	0.008
32.323	38.058	0.241	0.009
33.009	41.033	0.231	0.009
33.561	43.440	0.222	0.009
34.416	45.734	0.216	0.010
35.305	48.559	0.211	0.010
36.153	52.997	0.209	0.011
37.118	59.360	0.209	0.011
38.475	66.485	0.210	0.012
39.697	72.752	0.214	0.012
40.189	76.809	0.220	0.013
39.892	79.129	0.229	0.013
39.252	81.710	0.242	0.013
38.607	86.050	0.259	0.014
38.167	92.216	0.278	0.014
37.602	98.392	0.298	0.014
36.888	101.772	0.320	0.015
36.311	100.971	0.343	0.015
35.837	97.048	0.367	0.015
35.297	92.500	0.391	0.015
34.315	89.647	0.415	0.015
33.004	88.599	0.439	0.015
31.682	87.702	0.463	0.015
30.643	85.205	0.488	0.015
29.858	80.866	0.511	0.014
28.965	75.600	0.535	0.014
27.766	70.651	0.558	0.014
26.115	66.386	0.580	0.013
24.355	62.380	0.602	0.013
22.923	58.066	0.623	0.013
21.913	53.528	0.645	0.012
20.970	49.603	0.666	0.012
19.734	47.099	0.687	0.012
18.146	45.968	0.707	0.011
16.643	44.963	0.726	0.011
15.477	42.918	0.744	0.011
14.531	40.060	0.760	0.010
13.498	37.290	0.776	0.010
12.446	35.097	0.790	0.010
11.628	32.975	0.804	0.009
11.134	29.916	0.816	0.009
10.634	26.147	0.829	0.009
9.814	22.992	0.840	0.008
8.718	21.347	0.851	0.008
7.719	20.932	0.861	0.008
7.077	20.480	0.870	0.007
6.651	19.007	0.879	0.007
6.461	16.602	0.887	0.007
6.089	14.022	0.895	0.007
5.384	11.950	0.901	0.006
4.451	10.441	0.906	0.006
3.577	9.286	0.911	0.006
2.918	8.281	0.914	0.005
2.457	7.218	0.917	0.005
2.074	5.913	0.919	0.004
1.699	4.422	0.920	0.004
1.344	3.080	0.921	0.004
1.091	2.209	0.923	0.003
0.945	1.779	0.924	0.003
0.811	1.481	0.925	0.003
0.734	1.074	0.926	0.002
0.656	0.611	0.926	0.002
0.538	0.322	0.926	0.002
0.371	0.299	0.927	0.001
0.208	0.396	0.928	0.001
0.114	0.414	0.930	0.001
0.118	0.308	0.932	0.001
0.163	0.182	0.934	0.001
0.168	0.135	0.936	0.001
0.119	0.149	0.938	0.001
0.068	0.150	0.940	0.001
0.062	0.113	0.941	0.001
0.088	0.079	0.943	0.001
0.106	0.088	0.944	0.001
0.097	0.124	0.946	0.001
0.079	0.144	0.947	0.001
0.078	0.132	0.949	0.001
0.104	0.110	0.950	0.001
0.119	0.101	0.951	0.001
0.101	0.107	0.951	0.001
0.061	0.110	0.952	0.001
0.031	0.100	0.953	0.001
0.028	0.087	0.953	0.000
0.039	0.081	0.954	0.000
0.041	0.082	0.955	0.000
0.029	0.080	0.956	0.000
0.014	0.069	0.957	0.000
0.011	0.055	0.957	0.000
0.017	0.043	0.958	0.000
0.023	0.036	0.958	0.000
0.025	0.031	0.959	0.000
0.025	0.025	0.959	0.000
0.035	0.021	0.959	0.000
0.054	0.021	0.958	0.000
0.069	0.022	0.958	0.000
0.073	0.019	0.957	0.000
0.068	0.011	0.957	0.000
0.063	0.003	0.956	0.000
0.072	0.000	0.956	0.000
0.095	0.005	0.955	0.000
0.126	0.014	0.954	0.000
0.146	0.024	0.953	0.000
0.153	0.040	0.952	0.000
0.158	0.066	0.951	0.000
0.166	0.101	0.950	0.000
0.183	0.138	0.949	0.000
0.210	0.171	0.948	0.000
0.226	0.199	0.947	0.001
0.220	0.227	0.946	0.001
0.206	0.255	0.944	0.001
0.195	0.278	0.942	0.001
0.191	0.292	0.940	0.001
0.199	0.296	0.938	0.001
0.223	0.292	0.936	0.001
0.281	0.292	0.934	0.001
0.365	0.310	0.930	0.001
0.436	0.333	0.926	0.001
0.462	0.340	0.923	0.001
0.500	0.344	0.921	0.001
0.748	0.347	0.920	0.001
1.239	0.346	0.918	0.001
1.913	0.331	0.914	0.001
2.664	0.309	0.910	0.001
3.481	0.307	0.904	0.001
4.856	0.371	0.896	0.001
7.691	0.534	0.883	0.001
13.132	0.796	0.865	0.001
17.838	1.177	0.843	0.001
19.260	1.646	0.818	0.001
17.477	2.087	0.791	0.002
15.185	2.507	0.759	0.002
14.708	2.956	0.720	0.002
16.608	3.430	0.676	0.002
19.742	3.755	0.628	0.002
22.366	3.727	0.576	0.003
24.061	3.358	0.522	0.003
25.715	2.720	0.467	0.003
26.643	2.175	0.415	0.003
25.405	2.255	0.369	0.003
21.826	2.664	0.330	0.002
17.397	2.513	0.299	0.002
14.023	1.499	0.274	0.002
12.316	0.287	0.255	0.002
11.430	-0.299	0.244	0.001
10.289	-0.010	0.238	0.001
8.784	0.624	0.237	0.001
7.509	0.964	0.240	0.001
6.765	0.935	0.247	0.001
6.153	0.928	0.256	0.001
5.199	1.150	0.267	0.001
4.020	1.349	0.277	0.001
3.183	1.196	0.286	0.001
2.985	0.741	0.294	0.001
3.223	0.349	0.299	0.001
3.422	0.272	0.303	0.001
3.360	0.417	0.305	0.001
3.186	0.545	0.305	0.001
3.102	0.596	0.304	0.001
3.093	0.728	0.301	0.001
3.091	1.076	0.298	0.001
2.949	1.564	0.293	0.002
2.614	1.992	0.288	0.002
2.231	2.245	0.282	0.002
2.013	2.366	0.275	0.002
2.008	2.440	0.268	0.002
2.106	2.483	0.259	0.002
2.159	2.462	0.250	0.002
2.106	2.369	0.241	0.002
2.073	2.264	0.232	0.002
2.163	2.236	0.223	0.002
2.420	2.378	0.213	0.002
2.733	2.763	0.204	0.003
3.003	3.394	0.194	0.003
3.303	4.173	0.186	0.003
3.784	4.979	0.178	0.003
4.406	5.749	0.172	0.003
5.288	6.454	0.169	0.003
6.419	7.035	0.168	0.004
7.608	7.634	0.169	0.004
8.546	8.588	0.173	0.004
9.091	10.071	0.177	0.004
9.190	12.043	0.183	0.005
9.164	14.473	0.191	0.005
9.347	17.713	0.200	0.006
9.834	21.739	0.210	0.006
10.645	25.657	0.220	0.007
11.697	28.441	0.231	0.007
12.724	30.321	0.241	0.008
13.749	33.343	0.252	0.008
15.346	40.021	0.262	0.009
17.780	50.074	0.271	0.010
21.011	61.202	0.281	0.010
25.004	71.692	0.290	0.011
30.029	82.444	0.299	0.012
36.069	95.694	0.308	0.013
42.774	111.954	0.318	0.014
49.095	128.989	0.329	0.015
53.878	144.516	0.340	0.016
57.612	158.215	0.351	0.017
62.162	171.191	0.362	0.018
67.283	183.064	0.374	0.019
71.043	191.274	0.386	0.020
72.215	193.801	0.398	0.020
71.952	191.652	0.410	0.021
71.738	187.606	0.421	0.021
71.427	182.667	0.432	0.021
69.292	174.334	0.443	0.021
64.188	159.960	0.453	0.020
57.289	140.198	0.462	0.020
51.101	119.231	0.469	0.019
46.886	101.396	0.476	0.018
43.504	87.912	0.483	0.017
39.249	76.981	0.488	0.016
33.758	66.541	0.493	0.015
28.474	55.491	0.498	0.014
24.676	44.187	0.502	0.013
21.802	33.449	0.507	0.011
18.547	24.062	0.511	0.010
14.667	16.283	0.515	0.009
11.137	9.962	0.519	0.008
8.913	4.979	0.524	0.006
7.821	1.555	0.530	0.005
6.921	-0.133	0.537	0.004
5.669	-0.376	0.545	0.003
4.445	0.080	0.554	0.002
3.897	0.619	0.565	0.002
3.978	1.332	0.577	0.001
4.091	2.781	0.591	0.002
3.917	4.923	0.605	0.002
3.583	6.946	0.617	0.003
3.515	7.989	0.626	0.003
4.067	8.044	0.632	0.004
4.926	7.988	0.636	0.004
5.611	8.775	0.639	0.004
6.295	10.728	0.638	0.005
7.555	13.635	0.635	0.005
9.888	17.261	0.627	0.006
13.263	21.622	0.616	0.006
17.361	26.869	0.602	0.007
21.823	33.197	0.584	0.008
26.610	40.703	0.563	0.008
31.911	49.416	0.540	0.009
37.704	59.222	0.516	0.010
43.703	69.824	0.490	0.011
49.584	80.917	0.463	0.012
55.240	92.303	0.435	0.013
60.634	103.685	0.407	0.014
65.791	114.728	0.379	0.015
70.757	124.507	0.351	0.016
75.468	132.460	0.323	0.016
79.933	139.823	0.295	0.017
84.096	148.816	0.268	0.018
88.282	160.251	0.241	0.018
92.207	172.348	0.216	0.019
95.252	182.305	0.191	0.020
97.107	189.257	0.168	0.020
97.600	193.590	0.146	0.021
96.395	194.111	0.126	0.021
93.633	188.011	0.108	0.021
89.111	174.425	0.094	0.021
83.062	157.198	0.082	0.020
76.611	142.565	0.073	0.020
70.245	133.263	0.068	0.019
62.658	126.180	0.067	0.019
55.458	116.098	0.068	0.018
49.953	101.136	0.070	0.017
46.151	83.952	0.073	0.016
43.431	67.828	0.076	0.015
40.706	53.527	0.080	0.014
37.919	40.497	0.083	0.013
35.859	28.955	0.086	0.011
35.547	19.806	0.088	0.010
37.448	12.954	0.090	0.008
41.189	7.345	0.091	0.007
45.783	3.397	0.091	0.005
50.980	3.872	0.091	0.004
56.264	11.746	0.090	0.004
61.376	27.326	0.089	0.005
67.120	48.096	0.088	0.006
74.473	71.402	0.088	0.008
83.978	96.187	0.089	0.011
94.944	120.920	0.093	0.013
105.786	141.443	0.099	0.015
114.447	154.562	0.107	0.016
119.768	163.966	0.118	0.018
121.947	179.369	0.129	0.019
121.975	208.556	0.140	0.020
120.645	248.975	0.150	0.022
117.878	288.640	0.160	0.023
113.127	317.004	0.169	0.024
106.535	332.872	0.177	0.025
99.270	341.801	0.184	0.027
92.337	348.382	0.189	0.027
85.563	350.735	0.193	0.028
78.797	343.307	0.195	0.028
71.613	323.558	0.196	0.028
64.197	294.807	0.196	0.028
56.822	262.273	0.194	0.027
49.922	228.075	0.191	0.026
43.872	191.050	0.187	0.024
38.963	150.815	0.182	0.023
35.061	110.582	0.176	0.021
31.472	75.730	0.169	0.019
27.625	49.772	0.161	0.017
23.640	32.390	0.154	0.014
20.259	20.965	0.145	0.012
17.717	13.226	0.137	0.010
15.617	8.176	0.128	0.009
13.746	5.271	0.121	0.007
12.205	3.615	0.113	0.006
11.237	2.299	0.106	0.004
11.014	1.125	0.100	0.004
11.485	0.568	0.093	0.003
11.868	0.944	0.087	0.002
11.434	1.856	0.082	0.002
10.359	2.583	0.077	0.002
9.795	2.890	0.072	0.002
10.336	3.282	0.068	0.002
11.200	4.493	0.064	0.003
11.550	6.890	0.061	0.003
11.587	10.365	0.059	0.004
12.147	14.606	0.058	0.005
13.664	19.305	0.057	0.005
15.585	24.181	0.057	0.006
17.031	29.020	0.058	0.007
17.998	33.812	0.059	0.008
19.202	38.694	0.061	0.008
21.293	43.678	0.064	0.009
24.275	48.382	0.067	0.010
27.318	52.198	0.070	0.010
29.629	54.808	0.074	0.011
31.320	56.571	0.077	0.011
32.991	58.281	0.080	0.011
35.201	60.309	0.083	0.012
37.509	62.140	0.086	0.012
39.289	62.935	0.089	0.012
40.532	62.510	0.092	0.012
41.612	61.693	0.094	0.012
42.881	61.595	0.096	0.012
43.911	62.572	0.100	0.012
44.022	64.057	0.104	0.012
43.085	65.193	0.108	0.012
41.710	65.513	0.113	0.012
40.443	65.095	0.118	0.012
38.949	64.233	0.124	0.012
36.789	62.997	0.130	0.012
33.840	61.031	0.137	0.012
30.618	57.602	0.145	0.012
27.632	52.082	0.152	0.012
24.994	44.537	0.160	0.011
22.566	35.875	0.168	0.011
20.298	27.343	0.177	0.010
18.511	19.896	0.187	0.009
17.461	14.011	0.199	0.008
17.312	10.034	0.213	0.007
18.096	8.636	0.227	0.006
19.966	10.658	0.243	0.006
23.216	16.497	0.260	0.006
28.228	26.259	0.279	0.006
34.548	40.341	0.298	0.007
41.171	59.386	0.316	0.009
47.719	83.350	0.335	0.011
54.557	110.498	0.353	0.012
61.915	137.924	0.371	0.014
68.404	163.877	0.387	0.016
71.995	188.134	0.400	0.018
71.767	210.597	0.412	0.019
69.272	227.528	0.423	0.020
66.981	230.018	0.432	0.021
67.980	211.331	0.440	0.021
72.365	174.766	0.446	0.021
78.743	133.565	0.450	0.020
85.266	101.428	0.452	0.019
91.354	82.599	0.452	0.018
97.456	71.379	0.450	0.017
103.757	60.483	0.446	0.015
108.747	48.087	0.440	0.014
110.366	37.376	0.433	0.012
107.532	30.843	0.424	0.011
101.802	27.075	0.415	0.010
94.481	22.959	0.403	0.009
86.329	17.596	0.390	0.008
77.001	12.831	0.375	0.007
66.426	10.453	0.358	0.007
55.250	9.979	0.341	0.006
44.459	9.509	0.322	0.006
34.402	7.985	0.304	0.005
25.103	6.007	0.285	0.005
16.872	4.670	0.266	0.004
11.399	4.232	0.249	0.004
10.824	4.133	0.232	0.004
15.583	3.974	0.217	0.004
23.955	4.166	0.203	0.004
33.604	5.698	0.190	0.004
43.088	9.419	0.179	0.004
52.364	15.251	0.171	0.005
62.003	21.790	0.166	0.005
71.718	26.987	0.164	0.006
80.457	29.455	0.166	0.007
87.380	29.341	0.170	0.007
92.413	27.945	0.175	0.007
95.555	26.330	0.183	0.008
96.555	24.220	0.192	0.008
94.864	20.587	0.204	0.007
90.407	15.530	0.217	0.007
83.932	10.898	0.229	0.007
76.618	8.503	0.241	0.006
68.813	8.085	0.253	0.006
60.354	7.624	0.265	0.005
51.282	5.627	0.276	0.004
42.340	2.656	0.287	0.004
34.573	0.494	0.297	0.003
28.665	0.162	0.308	0.003
24.646	1.107	0.319	0.002
22.365	2.168	0.330	0.002
21.452	2.862	0.340	0.002
21.066	3.503	0.349	0.002
20.650	4.306	0.357	0.002
19.973	4.933	0.365	0.003
18.851	4.950	0.372	0.003
16.752	4.496	0.379	0.003
13.874	4.324	0.384	0.003
10.884	5.128	0.388	0.003
8.624	6.977	0.391	0.004
7.629	9.346	0.393	0.004
7.698	11.576	0.394	0.004
8.140	13.228	0.394	0.005
8.350	14.174	0.393	0.005
8.266	14.435	0.392	0.005
8.191	13.995	0.392	0.005
8.389	12.775	0.390	0.005
8.846	10.748	0.387	0.005
9.305	8.109	0.382	0.005
9.600	5.340	0.378	0.005
9.693	3.048	0.374	0.004
9.684	1.643	0.371	0.004
9.780	1.145	0.369	0.003
10.066	1.205	0.368	0.003
10.494	1.370	0.368	0.002
10.871	1.399	0.370	0.002
10.967	1.358	0.374	0.002
10.779	1.467	0.380	0.002
10.486	1.835	0.387	0.002
10.256	2.307	0.396	0.002
10.137	2.637	0.405	0.002
9.995	2.723	0.416	0.002
9.917	2.691	0.426	0.002
9.778	2.774	0.436	0.002
9.751	3.099	0.446	0.003
9.572	3.599	0.454	0.003
9.103	4.177	0.460	0.003
8.445	4.809	0.463	0.003
7.924	5.559	0.464	0.003
7.732	6.478	0.463	0.003
7.752	7.523	0.458	0.004
7.774	8.582	0.452	0.004
7.735	9.573	0.444	0.004
7.722	10.513	0.433	0.005
7.883	11.462	0.422	0.005
8.150	12.388	0.410	0.005
8.318	13.107	0.397	0.005
8.321	13.357	0.384	0.005
8.299	12.965	0.371	0.005
8.426	12.008	0.359	0.005
8.665	10.808	0.345	0.005
8.829	9.739	0.329	0.005
8.924	8.993	0.312	0.005
9.004	8.498	0.294	0.005
9.181	8.066	0.275	0.005
9.407	7.563	0.254	0.005
9.538	6.983	0.231	0.004
9.505	6.371	0.209	0.004
9.379	5.755	0.187	0.004
9.314	5.123	0.168	0.004
9.390	4.467	0.151	0.004
9.616	3.817	0.137	0.003
9.904	3.227	0.129	0.003
10.257	2.662	0.130	0.003
10.705	2.166	0.140	0.003
11.178	1.803	0.156	0.003
11.392	1.563	0.178	0.002
11.308	1.429	0.203	0.002
10.774	1.443	0.230	0.002
10.172	1.646	0.257	0.002
10.033	2.031	0.285	0.002
10.065	2.221	0.312	0.002
9.915	1.940	0.337	0.002
9.549	1.362	0.362	0.002
9.402	0.910	0.384	0.002
9.678	0.806	0.404	0.002
9.915	0.897	0.422	0.002
9.431	0.889	0.439	0.002
8.142	0.701	0.455	0.001
6.802	0.522	0.471	0.001
6.125	0.526	0.487	0.001
6.228	0.637	0.503	0.001
6.448	0.636	0.518	0.001
6.183	0.438	0.531	0.001
5.443	0.187	0.541	0.001
4.735	0.070	0.550	0.001
4.355	0.118	0.557	0.001
4.133	0.208	0.564	0.001
3.764	0.232	0.569	0.001
3.063	0.205	0.572	0.001
2.357	0.217	0.576	0.001
1.938	0.305	0.579	0.001
1.806	0.409	0.583	0.001
1.695	0.446	0.586	0.001
1.456	0.403	0.589	0.001
1.079	0.337	0.592	0.001
0.801	0.304	0.595	0.001
0.725	0.307	0.600	0.001
0.752	0.317	0.606	0.001
0.716	0.317	0.612	0.001
0.577	0.323	0.618	0.001
0.428	0.350	0.623	0.001
0.360	0.389	0.628	0.001
0.360	0.412	0.632	0.001
0.348	0.406	0.636	0.001
0.285	0.385	0.641	0.001
0.210	0.370	0.646	0.001
0.218	0.362	0.652	0.001
0.267	0.350	0.658	0.001
0.269	0.326	0.664	0.001
0.190	0.296	0.670	0.001
0.087	0.268	0.678	0.001
0.036	0.242	0.687	0.001
0.092	0.201	0.697	0.001
0.201	0.139	0.706	0.001
0.235	0.072	0.715	0.001
0.154	0.031	0.725	0.001
0.031	0.027	0.737	0.001
-0.038	0.045	0.749	0.000
-0.024	0.053	0.761	0.000
0.020	0.042	0.772	0.000
0.033	0.024	0.784	0.000
0.009	0.016	0.795	0.000
-0.014	0.020	0.806	0.000
-0.008	0.023	0.816	0.000
0.013	0.017	0.825	0.000
0.021	0.006	0.832	0.000
0.009	-0.000	0.838	0.000
-0.003	0.001	0.842	0.000
-0.001	0.005	0.846	0.000
0.012	0.006	0.849	0.000
0.018	0.004	0.852	0.000
0.012	0.006	0.855	0.000
0.005	0.012	0.857	0.000
0.006	0.020	0.858	0.000
0.013	0.022	0.859	0.000
0.018	0.021	0.860	0.000
0.017	0.020	0.860	0.000
0.015	0.025	0.859	0.000
0.017	0.034	0.858	0.000
0.021	0.043	0.857	0.000
0.024	0.048	0.855	0.000
0.025	0.050	0.854	0.000
0.025	0.049	0.851	0.000
0.027	0.048	0.849	0.000
0.033	0.051	0.847	0.000
0.040	0.060	0.845	0.000
0.044	0.073	0.842	0.000
0.047	0.089	0.839	0.000
0.050	0.099	0.837	0.000
0.055	0.103	0.834	0.000
0.063	0.104	0.832	0.000
0.100	0.107	0.829	0.000
0.176	0.117	0.826	0.001
0.324	0.132	0.823	0.001
0.534	0.149	0.819	0.001
0.743	0.172	0.813	0.001
0.941	0.211	0.804	0.001
1.267	0.279	0.793	0.001
1.934	0.389	0.779	0.001
3.035	0.553	0.760	0.001
4.315	0.799	0.738	0.001
5.547	1.160	0.712	0.001
6.630	1.653	0.683	0.002
7.745	2.283	0.650	0.002
9.098	3.111	0.615	0.002
10.636	4.243	0.577	0.003
11.982	5.723	0.536	0.003
13.042	7.427	0.494	0.003
14.179	9.082	0.450	0.004
15.701	10.440	0.407	0.004
17.193	11.427	0.367	0.004
17.965	12.140	0.330	0.005
17.985	12.738	0.297	0.005
17.912	13.329	0.271	0.005
18.365	13.931	0.254	0.005
19.208	14.494	0.249	0.006
19.836	14.936	0.256	0.006
19.789	15.181	0.274	0.006
19.218	15.165	0.299	0.006
18.519	14.946	0.328	0.006
17.868	14.644	0.361	0.006
17.151	14.342	0.396	0.006
16.388	13.920	0.431	0.006
15.655	13.145	0.465	0.006
15.113	11.884	0.499	0.006
14.855	10.293	0.531	0.005
15.003	8.736	0.563	0.005
15.889	7.543	0.594	0.005
17.051	6.788	0.622	0.005
17.664	6.326	0.646	0.004
17.503	6.026	0.667	0.004
17.325	5.925	0.687	0.004
18.262	6.155	0.705	0.004
20.548	6.783	0.722	0.004
23.490	7.743	0.737	0.004
25.847	8.934	0.749	0.004
27.079	10.308	0.761	0.005
27.673	11.847	0.771	0.005
28.233	13.506	0.780	0.005
28.989	15.215	0.788	0.005
29.280	16.891	0.794	0.006
28.686	18.564	0.799	0.006
27.208	20.374	0.804	0.006
25.565	22.513	0.807	0.007
24.354	25.139	0.811	0.007
23.648	28.238	0.813	0.008
23.291	31.629	0.815	0.008
23.231	35.205	0.817	0.008
23.810	39.044	0.818	0.009
25.424	43.337	0.819	0.009
27.050	48.142	0.820	0.010
27.982	53.319	0.820	0.010
27.856	58.676	0.819	0.011
26.949	64.095	0.819	0.011
25.659	69.403	0.819	0.012
24.013	74.079	0.819	0.012
22.259	77.182	0.820	0.013
20.566	77.864	0.820	0.013
19.159	75.938	0.820	0.013
18.011	71.934	0.820	0.013
17.064	66.585	0.820	0.013
16.239	60.338	0.821	0.013
15.577	53.378	0.822	0.012
15.323	46.026	0.823	0.012
15.313	38.921	0.825	0.011
15.286	32.723	0.826	0.011
15.139	27.707	0.828	0.010
15.016	23.685	0.829	0.009
14.969	20.307	0.830	0.008
14.910	17.335	0.831	0.008
14.637	14.693	0.832	0.007
14.020	12.346	0.833	0.007
13.305	10.247	0.833	0.006
12.540	8.392	0.833	0.006
11.640	6.862	0.832	0.005
10.386	5.738	0.832	0.005
8.873	4.983	0.831	0.004
7.372	4.456	0.831	0.004
6.124	4.015	0.830	0.004
5.130	3.587	0.830	0.003
4.215	3.151	0.829	0.003
3.368	2.693	0.829	0.003
2.687	2.210	0.829	0.003
2.238	1.743	0.829	0.003
1.973	1.361	0.829	0.002
1.729	1.113	0.828	0.002
1.405	0.989	0.828	0.002
1.102	0.930	0.828	0.002
0.930	0.882	0.828	0.002
0.878	0.829	0.827	0.002
0.853	0.795	0.827	0.002
0.793	0.801	0.826	0.001
0.710	0.846	0.826	0.001
0.668	0.908	0.825	0.001
0.689	0.973	0.824	0.001
0.735	1.039	0.824	0.001
0.750	1.105	0.825	0.002
0.722	1.156	0.826	0.002
0.678	1.166	0.828	0.002
0.670	1.126	0.830	0.002
0.672	1.061	0.833	0.002
0.647	1.002	0.836	0.002
0.598	0.965	0.838	0.002
0.554	0.938	0.841	0.002
0.545	0.912	0.844	0.002
0.566	0.900	0.847	0.002
0.592	0.924	0.850	0.002
0.618	0.993	0.854	0.002
0.666	1.092	0.857	0.002
0.741	1.195	0.860	0.002
0.821	1.287	0.864	0.002
0.891	1.376	0.868	0.002
0.961	1.479	0.871	0.002
1.049	1.584	0.875	0.002
1.169	1.640	0.879	0.002
1.291	1.585	0.882	0.002
1.344	1.404	0.886	0.002
1.309	1.140	0.889	0.002
1.223	0.869	0.891	0.002
1.156	0.651	0.894	0.002
1.130	0.507	0.896	0.001
1.153	0.424	0.898	0.001
1.229	0.375	0.899	0.001
1.350	0.335	0.900	0.001
1.503	0.295	0.902	0.001
1.657	0.268	0.903	0.001
1.780	0.277	0.904	0.001
1.855	0.324	0.904	0.001
1.881	0.385	0.904	0.001
1.855	0.426	0.903	0.001
1.822	0.437	0.902	0.001
1.783	0.448	0.901	0.001
1.705	0.509	0.899	0.001
1.577	0.648	0.896	0.001
1.440	0.852	0.891	0.001
1.343	1.092	0.885	0.001
1.321	1.350	0.878	0.002
1.354	1.633	0.868	0.002
1.413	1.960	0.857	0.002
1.554	2.349	0.844	0.002
1.768	2.829	0.830	0.002
2.002	3.419	0.814	0.002
2.238	4.107	0.796	0.003
2.460	4.847	0.776	0.003
2.690	5.601	0.755	0.003
2.963	6.366	0.732	0.003
3.264	7.166	0.707	0.004
3.561	8.033	0.680	0.004
3.821	8.999	0.651	0.004
4.056	10.066	0.621	0.004
4.297	11.188	0.590	0.005
4.552	12.257	0.558	0.005
4.786	13.172	0.524	0.005
4.956	13.910	0.490	0.005
5.107	14.553	0.455	0.006
5.257	15.201	0.421	0.006
5.398	15.891	0.387	0.006
5.504	16.595	0.355	0.006
5.500	17.287	0.327	0.006
5.458	17.962	0.304	0.006
5.381	18.597	0.289	0.006
5.266	19.059	0.281	0.007
5.054	19.174	0.282	0.007
4.791	18.871	0.290	0.007
4.510	18.278	0.304	0.007
4.250	17.640	0.322	0.007
3.990	17.085	0.342	0.007
3.716	16.536	0.362	0.006
3.478	15.819	0.381	0.006
3.336	14.847	0.400	0.006
3.287	13.709	0.418	0.006
3.283	12.495	0.435	0.006
3.286	11.197	0.452	0.006
3.291	9.795	0.467	0.005
3.357	8.388	0.482	0.005
3.368	7.186	0.495	0.005
3.226	6.317	0.508	0.005
2.937	5.664	0.519	0.004
2.584	4.994	0.530	0.004
2.280	4.214	0.540	0.004
2.121	3.461	0.550	0.003
2.007	2.933	0.558	0.003
1.818	2.657	0.565	0.003
1.592	2.480	0.571	0.003
1.479	2.246	0.576	0.003
1.581	1.953	0.579	0.002
1.836	1.720	0.582	0.002
2.051	1.621	0.584	0.002
2.116	1.605	0.585	0.002
2.064	1.561	0.585	0.002
1.983	1.440	0.586	0.002
1.924	1.292	0.586	0.002
1.908	1.195	0.588	0.002
1.864	1.168	0.590	0.002
1.776	1.176	0.592	0.002
1.668	1.178	0.595	0.002
1.576	1.164	0.598	0.002
1.550	1.147	0.601	0.002
1.597	1.140	0.605	0.002
1.705	1.148	0.608	0.002
1.827	1.173	0.611	0.002
1.917	1.223	0.613	0.002
1.956	1.306	0.616	0.002
1.985	1.419	0.619	0.002
2.053	1.557	0.622	0.002
2.153	1.719	0.625	0.002
2.221	1.916	0.628	0.002
2.228	2.157	0.631	0.002
2.219	2.430	0.635	0.002
2.280	2.679	0.639	0.002
2.511	2.854	0.643	0.002
2.858	2.960	0.645	0.002
3.168	3.077	0.646	0.003
3.381	3.311	0.645	0.003
3.619	3.723	0.644	0.003
4.021	4.311	0.643	0.003
4.613	5.083	0.641	0.003
5.328	6.121	0.637	0.003
6.074	7.541	0.631	0.004
6.807	9.381	0.625	0.004
7.593	11.527	0.618	0.004
8.422	13.775	0.611	0.005
9.123	16.029	0.602	0.005
9.693	18.429	0.593	0.006
10.367	21.291	0.583	0.006
11.344	24.876	0.573	0.007
12.635	29.238	0.562	0.007
13.913	34.218	0.551	0.008
14.909	39.607	0.540	0.009
15.757	45.233	0.529	0.009
16.729	50.886	0.519	0.010
17.789	56.432	0.511	0.010
18.889	61.869	0.503	0.011
19.912	67.285	0.498	0.012
20.830	72.670	0.493	0.012
21.784	77.784	0.490	0.013
22.677	82.255	0.489	0.013
23.273	85.759	0.489	0.013
23.391	88.023	0.491	0.014
23.092	88.877	0.495	0.014
22.281	88.311	0.499	0.014
21.146	86.398	0.505	0.014
19.926	83.265	0.512	0.014
18.426	79.137	0.520	0.014
16.629	74.409	0.528	0.014
14.952	69.570	0.536	0.014
13.571	64.878	0.545	0.013
12.428	60.086	0.555	0.013
11.348	54.665	0.565	0.012
10.263	48.356	0.575	0.012
9.232	41.489	0.586	0.011
8.436	34.702	0.597	0.011
7.851	28.421	0.608	0.010
7.428	22.722	0.619	0.009
6.959	17.631	0.630	0.008
6.471	13.389	0.641	0.008
5.976	10.247	0.653	0.007
5.543	8.102	0.664	0.006
5.211	6.480	0.676	0.005
4.902	4.931	0.687	0.005
4.534	3.388	0.699	0.004
4.107	2.094	0.710	0.004
3.730	1.249	0.721	0.003
3.492	0.806	0.731	0.003
3.412	0.595	0.741	0.002
3.424	0.556	0.750	0.002
3.497	0.791	0.758	0.002
3.621	1.403	0.765	0.002
3.784	2.390	0.770	0.002
4.048	3.627	0.775	0.002
4.436	5.003	0.779	0.003
4.917	6.557	0.783	0.003
5.446	8.420	0.786	0.004
5.995	10.651	0.788	0.004
6.594	13.091	0.788	0.005
7.304	15.430	0.788	0.005
8.055	17.566	0.787	0.006
8.746	19.707	0.785	0.006
9.333	21.969	0.781	0.006
9.936	24.172	0.777	0.007
10.556	25.822	0.770	0.007
11.177	26.622	0.763	0.007
11.795	26.694	0.754	0.008
12.324	26.489	0.746	0.008
12.766	26.346	0.738	0.008
13.145	26.477	0.731	0.008
13.390	26.660	0.724	0.008
13.462	26.722	0.717	0.008
13.472	26.527	0.709	0.008
13.507	25.949	0.702	0.008
13.578	24.906	0.695	0.008
13.557	23.412	0.689	0.008
13.382	21.506	0.682	0.008
13.158	19.252	0.676	0.007
12.871	16.614	0.669	0.007
12.483	13.723	0.661	0.007
11.982	10.919	0.653	0.006
11.426	8.554	0.645	0.006
10.844	6.799	0.637	0.005
10.149	5.546	0.630	0.005
9.173	4.578	0.622	0.004
8.113	3.735	0.616	0.004
7.300	2.973	0.610	0.003
6.788	2.340	0.606	0.003
6.334	1.868	0.602	0.003
5.691	1.528	0.598	0.003
4.751	1.250	0.593	0.002
4.008	0.997	0.589	0.002
3.677	0.808	0.585	0.002
3.499	0.758	0.581	0.002
3.149	0.802	0.576	0.002
2.599	0.822	0.571	0.001
2.101	0.758	0.565	0.001
1.869	0.644	0.559	0.001
1.787	0.598	0.552	0.001
1.649	0.678	0.546	0.001
1.629	0.814	0.539	0.001
1.652	0.870	0.531	0.001
1.602	0.777	0.524	0.001
1.342	0.641	0.517	0.001
0.969	0.649	0.509	0.001
0.675	0.811	0.500	0.001
0.593	0.938	0.492	0.001
0.630	0.823	0.482	0.001
0.592	0.479	0.472	0.001
0.423	0.140	0.461	0.001
0.246	0.025	0.450	0.001
0.179	0.117	0.439	0.001
0.205	0.230	0.428	0.001
0.240	0.236	0.417	0.001
0.206	0.162	0.406	0.001
0.127	0.119	0.396	0.001
0.070	0.148	0.386	0.001
0.062	0.206	0.376	0.001
0.075	0.207	0.368	0.001
0.080	0.140	0.361	0.001
0.075	0.067	0.356	0.001
0.072	0.041	0.352	0.001
0.076	0.056	0.351	0.001
0.076	0.065	0.354	0.000
0.063	0.047	0.361	0.000
0.044	0.021	0.371	0.000
0.032	0.015	0.385	0.000
0.032	0.028	0.401	0.000
0.038	0.037	0.421	0.000
0.038	0.029	0.444	0.000
0.033	0.020	0.468	0.000
0.032	0.030	0.495	0.000
0.045	0.059	0.522	0.000
0.064	0.077	0.550	0.000
0.074	0.067	0.578	0.000
0.074	0.041	0.605	0.000
0.076	0.027	0.630	0.000
0.090	0.035	0.655	0.000
0.118	0.061	0.678	0.000
0.143	0.078	0.699	0.000
0.155	0.075	0.717	0.000
0.154	0.068	0.734	0.000
0.150	0.066	0.750	0.000
0.155	0.069	0.764	0.000
0.170	0.066	0.777	0.000
0.189	0.059	0.786	0.000
0.212	0.058	0.794	0.000
0.244	0.076	0.800	0.000
0.304	0.120	0.805	0.000
0.416	0.198	0.809	0.001
0.600	0.313	0.811	0.001
0.883	0.470	0.811	0.001
1.302	0.673	0.809	0.001
1.905	0.938	0.807	0.001
2.738	1.309	0.803	0.001
3.856	1.854	0.796	0.002
5.396	2.646	0.788	0.002
7.201	3.732	0.780	0.002
9.249	5.070	0.770	0.003
11.569	6.596	0.761	0.003
14.249	8.330	0.751	0.004
17.120	10.583	0.741	0.004
20.126	13.857	0.731	0.005
23.128	18.489	0.722	0.005
26.154	24.366	0.713	0.006
29.252	31.000	0.706	0.007
32.412	38.088	0.699	0.008
35.198	46.201	0.693	0.009
37.372	55.328	0.687	0.010
38.668	64.616	0.680	0.010
39.239	72.081	0.671	0.011
39.458	75.641	0.660	0.012
39.819	74.184	0.646	0.012
40.779	67.961	0.626	0.012
42.005	57.833	0.599	0.012
43.281	45.943	0.562	0.012
44.598	34.523	0.516	0.011
46.312	25.462	0.464	0.010
49.223	19.898	0.410	0.009
52.844	18.440	0.358	0.008
56.151	20.924	0.308	0.008
58.237	26.458	0.259	0.008
59.676	33.773	0.210	0.008
61.007	41.772	0.162	0.008
62.266	50.730	0.116	0.009
62.907	62.274	0.077	0.010
62.100	77.975	0.052	0.011
59.942	97.386	0.052	0.013
57.034	117.076	0.076	0.014
53.719	132.729	0.113	0.015
49.929	141.224	0.148	0.016
45.380	141.645	0.175	0.017
40.152	134.738	0.196	0.017
34.999	122.095	0.215	0.017
30.911	105.649	0.235	0.017
28.478	87.472	0.253	0.016
27.207	69.626	0.268	0.015
26.378	53.769	0.279	0.014
25.286	40.741	0.290	0.013
23.996	30.583	0.300	0.012
22.975	22.962	0.309	0.010
22.527	17.586	0.315	0.009
22.677	14.464	0.318	0.008
23.169	13.646	0.320	0.007
23.621	14.958	0.320	0.007
24.034	17.964	0.317	0.007
24.347	22.044	0.311	0.007
24.660	26.621	0.303	0.007
24.989	31.391	0.291	0.007
25.340	36.352	0.277	0.008
25.737	41.637	0.261	0.009
26.154	47.146	0.244	0.009
26.594	52.361	0.225	0.010
27.036	56.331	0.206	0.010
27.614	57.944	0.188	0.011
28.459	56.596	0.169	0.011
29.440	52.713	0.151	0.011
30.335	47.631	0.133	0.011
30.788	42.876	0.116	0.011
30.977	39.404	0.101	0.011
31.247	37.364	0.090	0.010
31.736	36.202	0.082	0.010
32.302	35.043	0.078	0.010
32.749	33.537	0.079	0.009
33.122	31.959	0.083	0.009
33.599	30.994	0.091	0.009
34.319	31.226	0.100	0.009
35.130	32.800	0.110	0.009
35.830	35.246	0.120	0.009
36.643	37.597	0.130	0.009
37.732	38.818	0.141	0.009
38.986	38.686	0.152	0.009
39.231	37.749	0.162	0.009
37.606	36.651	0.172	0.009
34.235	35.228	0.180	0.009
30.307	33.053	0.187	0.009
27.067	30.223	0.192	0.009
24.779	27.341	0.196	0.009
22.890	24.680	0.199	0.008
21.071	21.608	0.200	0.008
19.753	17.236	0.198	0.007
19.208	11.735	0.195	0.007
19.596	6.837	0.188	0.006
20.727	4.622	0.180	0.005
22.656	5.735	0.169	0.005
25.379	8.937	0.157	0.005
28.806	12.389	0.144	0.005
32.700	15.393	0.130	0.005
36.485	19.067	0.116	0.006
39.682	25.670	0.103	0.006
42.261	36.752	0.091	0.008
44.413	51.224	0.080	0.009
46.155	66.444	0.073	0.010
47.238	80.590	0.070	0.011
47.524	93.614	0.072	0.012
47.039	106.009	0.079	0.013
45.986	116.285	0.090	0.014
44.394	121.493	0.104	0.015
41.927	120.422	0.119	0.016
38.764	114.901	0.135	0.016
35.177	107.998	0.150	0.016
31.432	100.988	0.166	0.016
27.693	92.450	0.181	0.016
24.079	80.440	0.196	0.015
20.644	65.190	0.210	0.014
17.521	49.350	0.223	0.013
15.286	35.843	0.236	0.012
13.889	25.874	0.248	0.011
12.861	18.856	0.258	0.010
12.181	13.722	0.266	0.009
11.676	9.930	0.273	0.007
11.258	7.374	0.276	0.006
10.905	5.904	0.277	0.006
10.888	5.230	0.275	0.005
11.226	5.227	0.270	0.004
12.078	5.954	0.263	0.004
13.166	7.484	0.254	0.004
14.179	9.774	0.244	0.004
14.924	12.801	0.233	0.005
15.497	16.603	0.221	0.005
16.286	21.077	0.208	0.006
17.418	25.773	0.195	0.006
18.612	30.080	0.180	0.007
19.514	33.346	0.164	0.008
20.036	35.164	0.147	0.008
20.642	35.354	0.128	0.008
21.420	33.984	0.108	0.009
22.336	31.439	0.086	0.009
23.040	28.575	0.063	0.009
23.567	26.594	0.040	0.009
24.113	26.477	0.020	0.009
24.735	28.259	0.012	0.009
25.359	30.895	0.023	0.008
25.615	33.027	0.047	0.009
25.667	34.097	0.076	0.009
25.921	34.746	0.100	0.009
26.638	36.277	0.119	0.009
27.294	39.552	0.137	0.009
27.381	44.417	0.156	0.010
26.975	49.948	0.176	0.010
26.909	55.087	0.193	0.010
27.994	59.031	0.206	0.011
30.634	61.228	0.217	0.011
34.776	61.263	0.228	0.011
40.285	58.896	0.239	0.012
47.554	54.209	0.247	0.011
56.898	47.718	0.252	0.011
68.311	40.468	0.256	0.011
81.162	33.721	0.259	0.010
93.836	28.361	0.261	0.010
106.304	24.395	0.261	0.009
120.117	21.018	0.258	0.008
137.622	17.380	0.254	0.008
158.922	13.392	0.249	0.007
181.409	9.985	0.242	0.006
202.102	8.485	0.233	0.006
218.916	9.707	0.221	0.005
231.457	13.824	0.208	0.005
240.203	20.341	0.193	0.006
245.614	29.563	0.175	0.006
247.501	43.580	0.154	0.008
247.745	65.193	0.130	0.009
244.902	94.348	0.106	0.011
237.609	126.186	0.087	0.012
226.282	151.830	0.078	0.014
214.757	164.532	0.082	0.015
207.753	164.130	0.097	0.017
205.534	158.273	0.118	0.018
204.406	157.097	0.142	0.019
200.457	165.708	0.167	0.019
194.792	183.486	0.191	0.020
192.018	208.190	0.216	0.021
194.551	237.918	0.241	0.022
199.012	268.576	0.264	0.022
200.321	291.215	0.287	0.023
196.594	296.267	0.306	0.024
190.508	282.222	0.323	0.024
185.629	257.766	0.335	0.024
181.278	233.610	0.345	0.024
174.993	214.597	0.352	0.024
165.894	199.167	0.357	0.023
156.469	185.142	0.359	0.023
148.948	173.527	0.360	0.022
143.163	166.817	0.360	0.021
136.157	164.495	0.358	0.021
127.751	162.300	0.354	0.020
119.106	156.171	0.349	0.020
112.390	146.707	0.342	0.019
107.407	137.650	0.335	0.019
102.317	131.597	0.326	0.019
96.006	127.679	0.318	0.018
89.102	123.033	0.310	0.018
82.873	115.759	0.304	0.017
77.594	105.845	0.299	0.017
72.883	93.895	0.297	0.016
67.864	80.659	0.297	0.015
62.716	67.431	0.300	0.015
58.496	56.531	0.305	0.014
55.545	49.874	0.312	0.013
53.000	47.292	0.322	0.012
49.503	46.576	0.333	0.012
45.220	45.705	0.345	0.011
41.836	44.823	0.359	0.011
40.677	46.191	0.373	0.011
41.281	52.160	0.387	0.011
42.253	62.909	0.401	0.011
42.598	75.906	0.414	0.012
41.758	87.473	0.426	0.013
40.599	94.707	0.435	0.013
39.617	96.428	0.443	0.014
38.705	93.185	0.448	0.014
37.492	86.706	0.452	0.014
35.766	79.182	0.455	0.014
33.732	72.025	0.457	0.014
32.049	65.245	0.458	0.014
30.639	58.273	0.459	0.013
29.452	51.077	0.460	0.012
28.151	44.204	0.460	0.012
26.847	37.907	0.459	0.011
25.664	31.621	0.458	0.010
24.779	24.424	0.456	0.009
24.363	16.310	0.455	0.008
24.516	8.758	0.454	0.007
24.808	3.639	0.452	0.006
24.831	1.726	0.450	0.005
24.419	2.334	0.446	0.004
23.325	4.109	0.442	0.004
21.833	6.333	0.438	0.003
20.128	8.805	0.433	0.003
18.299	11.265	0.429	0.004
16.432	13.052	0.425	0.004
14.704	13.718	0.420	0.005
13.435	13.577	0.416	0.005
12.625	13.522	0.412	0.005
11.971	13.931	0.408	0.006
11.182	14.431	0.405	0.006
10.294	14.265	0.401	0.006
9.478	13.070	0.397	0.006
8.863	11.044	0.393	0.005
8.329	8.650	0.388	0.005
7.779	6.226	0.384	0.005
7.023	4.098	0.379	0.004
6.241	2.603	0.375	0.004
5.866	1.906	0.371	0.003
5.907	1.824	0.367	0.003
6.146	1.945	0.364	0.003
6.321	1.952	0.361	0.002
6.416	1.939	0.358	0.002
6.639	2.101	0.355	0.002
7.203	2.359	0.353	0.002
8.039	2.467	0.351	0.002
8.731	2.381	0.349	0.002
9.130	2.364	0.348	0.002
9.434	2.636	0.348	0.002
9.781	3.000	0.350	0.002
10.153	3.055	0.355	0.002
10.555	2.684	0.361	0.002
11.005	2.222	0.369	0.002
11.497	2.095	0.381	0.002
12.033	2.346	0.396	0.002
12.307	2.622	0.417	0.002
12.204	2.560	0.441	0.002
11.891	2.161	0.469	0.002
12.227	1.711	0.495	0.002
13.818	1.428	0.519	0.002
17.020	1.252	0.540	0.002
21.128	0.993	0.559	0.002
25.565	0.616	0.578	0.002
30.500	0.359	0.593	0.001
37.124	0.566	0.601	0.001
46.759	1.450	0.602	0.001
59.394	3.033	0.596	0.002
75.080	5.252	0.586	0.002
89.543	8.027	0.570	0.003
97.677	11.301	0.547	0.004
97.075	15.044	0.515	0.004
90.315	19.129	0.478	0.005
82.899	22.961	0.440	0.006
78.217	25.311	0.401	0.006
74.312	24.973	0.363	0.007
68.277	22.007	0.326	0.007
59.829	18.076	0.290	0.007
50.664	15.167	0.256	0.007
43.346	13.971	0.226	0.007
38.298	13.494	0.197	0.006
34.099	12.329	0.170	0.006
29.417	10.115	0.146	0.006
24.656	7.634	0.123	0.005
20.665	5.743	0.104	0.005
18.009	4.544	0.088	0.004
15.961	3.617	0.074	0.004
13.766	2.728	0.062	0.004
11.311	2.060	0.053	0.003
9.114	1.815	0.047	0.003
7.781	1.847	0.045	0.003
7.249	1.816	0.045	0.002
6.987	1.575	0.047	0.002
6.440	1.277	0.051	0.002
5.575	1.110	0.057	0.002
4.737	1.061	0.063	0.002
4.246	0.986	0.070	0.002
4.049	0.814	0.077	0.002
3.894	0.614	0.083	0.001
3.632	0.487	0.090	0.001
3.351	0.443	0.098	0.001
3.162	0.420	0.106	0.001
3.039	0.380	0.114	0.001
2.885	0.344	0.121	0.001
2.641	0.340	0.128	0.001
2.363	0.356	0.135	0.001
2.139	0.359	0.141	0.001
2.016	0.345	0.147	0.001
1.933	0.357	0.153	0.001
1.852	0.434	0.159	0.001
1.803	0.564	0.164	0.001
1.808	0.697	0.169	0.001
1.829	0.803	0.173	0.001
1.838	0.920	0.176	0.001
1.841	1.118	0.179	0.001
1.857	1.435	0.181	0.002
1.903	1.842	0.182	0.002
1.973	2.283	0.184	0.002
2.069	2.735	0.185	0.002
2.134	3.227	0.186	0.002
2.129	3.797	0.186	0.003
2.110	4.387	0.186	0.003
2.113	4.844	0.185	0.003
2.179	5.036	0.185	0.003
2.239	4.981	0.186	0.003
2.211	4.825	0.187	0.003
2.193	4.692	0.188	0.003
2.222	4.577	0.189	0.003
2.244	4.407	0.192	0.003
2.183	4.171	0.194	0.003
2.023	3.928	0.197	0.003
1.815	3.702	0.200	0.003
1.680	3.444	0.202	0.003
1.678	3.097	0.204	0.003
1.754	2.684	0.205	0.003
1.824	2.300	0.207	0.003
1.829	2.018	0.208	0.003
1.825	1.845	0.209	0.002
1.895	1.727	0.210	0.002
2.094	1.633	0.212	0.002
2.361	1.584	0.214	0.002
2.580	1.619	0.216	0.002
2.691	1.744	0.218	0.002
2.783	1.937	0.220	0.002
2.972	2.177	0.222	0.002
3.250	2.517	0.226	0.002
3.514	3.072	0.230	0.002
3.629	3.857	0.234	0.003
3.556	4.634	0.240	0.003
3.404	5.105	0.245	0.003
3.281	5.219	0.252	0.003
3.343	5.244	0.259	0.003
3.453	5.462	0.267	0.003
3.458	5.904	0.275	0.004
3.352	6.404	0.283	0.004
3.197	6.846	0.292	0.004
3.129	7.307	0.301	0.004
3.244	7.912	0.310	0.004
3.421	8.654	0.319	0.004
3.516	9.390	0.327	0.004
3.473	10.025	0.336	0.005
3.374	10.567	0.344	0.005
3.339	11.042	0.354	0.005
3.394	11.370	0.363	0.005
3.478	11.473	0.373	0.005
3.513	11.456	0.383	0.005
3.475	11.574	0.393	0.005
3.437	11.989	0.404	0.005
3.478	12.593	0.416	0.005
3.594	13.104	0.429	0.005
3.733	13.313	0.439	0.005
3.846	13.262	0.448	0.006
3.956	13.170	0.453	0.006
4.024	13.108	0.456	0.006
4.144	13.029	0.457	0.006
4.236	12.886	0.457	0.006
4.287	12.774	0.454	0.006
4.743	12.675	0.449	0.006
5.273	12.379	0.441	0.005
5.479	11.713	0.432	0.005
5.186	10.957	0.422	0.005
4.920	10.638	0.411	0.005
5.007	10.948	0.397	0.005
5.516	11.335	0.381	0.005
6.042	11.103	0.365	0.005
6.262	10.135	0.347	0.005
6.353	9.077	0.330	0.005
6.595	8.686	0.313	0.005
7.003	9.083	0.298	0.005
7.242	9.728	0.286	0.005
7.073	10.051	0.279	0.005
6.684	9.968	0.278	0.005
6.412	9.790	0.282	0.005
6.416	9.740	0.290	0.005
6.500	9.737	0.303	0.005
6.455	9.620	0.320	0.005
6.408	9.354	0.341	0.005
6.429	9.023	0.364	0.005
6.438	8.683	0.388	0.005
6.276	8.342	0.413	0.005
5.866	8.014	0.439	0.005
5.315	7.723	0.466	0.004
4.862	7.420	0.493	0.004
4.571	7.041	0.520	0.004
4.397	6.614	0.546	0.004
4.317	6.297	0.571	0.004
4.363	6.235	0.596	0.004
4.481	6.362	0.619	0.004
4.566	6.490	0.642	0.004
4.542	6.439	0.663	0.004
4.404	6.142	0.684	0.004
4.272	5.656	0.705	0.004
4.306	5.127	0.725	0.004
4.529	4.773	0.743	0.004
4.804	4.784	0.761	0.004
4.944	5.118	0.777	0.004
4.864	5.403	0.792	0.004
4.631	5.379	0.806	0.004
4.366	5.079	0.818	0.004
4.133	4.808	0.828	0.004
3.958	4.794	0.838	0.004
3.827	4.955	0.847	0.003
3.693	5.022	0.855	0.003
3.650	4.888	0.861	0.003
3.659	4.715	0.867	0.003
3.637	4.679	0.872	0.003
3.511	4.749	0.877	0.003
3.337	4.756	0.880	0.003
3.217	4.593	0.883	0.003
3.187	4.396	0.884	0.003
3.175	4.383	0.885	0.003
3.132	4.596	0.885	0.003
2.953	4.820	0.884	0.003
2.755	4.796	0.883	0.003
2.675	4.493	0.883	0.003
2.725	4.128	0.882	0.003
2.791	3.898	0.882	0.003
2.776	3.822	0.882	0.003
2.695	3.790	0.882	0.003
2.556	3.722	0.883	0.003
2.432	3.619	0.883	0.003
2.333	3.492	0.883	0.003
2.242	3.313	0.883	0.003
2.161	3.053	0.884	0.003
2.103	2.746	0.884	0.003
2.068	2.482	0.885	0.003
2.057	2.319	0.885	0.003
2.032	2.223	0.885	0.003
1.989	2.119	0.885	0.002
1.980	1.992	0.885	0.002
1.985	1.875	0.884	0.002
1.971	1.806	0.884	0.002
1.912	1.770	0.884	0.002
1.836	1.736	0.883	0.002
1.757	1.689	0.883	0.002
1.738	1.656	0.882	0.002
1.744	1.656	0.882	0.002
1.669	1.697	0.881	0.002
1.499	1.753	0.880	0.002
1.315	1.803	0.880	0.002
1.213	1.834	0.879	0.002
1.187	1.847	0.878	0.002
1.180	1.832	0.877	0.002
1.118	1.767	0.876	0.002
0.998	1.652	0.875	0.002
0.880	1.533	0.873	0.002
0.806	1.471	0.872	0.002
0.755	1.498	0.870	0.002
0.682	1.573	0.868	0.002
0.588	1.613	0.866	0.002
0.504	1.601	0.865	0.002
0.448	1.482	0.863	0.002
0.419	1.172	0.861	0.002
0.405	0.703	0.859	0.002
0.386	0.265	0.857	0.001
0.353	0.088	0.855	0.001
0.309	0.275	0.853	0.001
0.263	0.608	0.851	0.001
0.220	0.780	0.849	0.001
0.187	0.675	0.847	0.001
0.164	0.444	0.846	0.001
0.149	0.311	0.844	0.001
0.149	0.354	0.843	0.001
0.155	0.455	0.841	0.001
0.157	0.475	0.839	0.001
0.149	0.405	0.837	0.001
0.139	0.332	0.835	0.001
0.135	0.313	0.834	0.001
0.139	0.325	0.832	0.001
0.144	0.324	0.830	0.001
0.139	0.302	0.828	0.001
0.124	0.288	0.826	0.001
0.102	0.293	0.825	0.001
0.078	0.302	0.824	0.001
0.058	0.296	0.824	0.001
0.042	0.269	0.825	0.001
0.032	0.232	0.826	0.001
0.028	0.192	0.828	0.001
0.027	0.152	0.830	0.001
0.027	0.120	0.833	0.001
0.027	0.105	0.836	0.001
0.025	0.106	0.838	0.001
0.022	0.109	0.840	0.001
0.018	0.098	0.841	0.001
0.014	0.073	0.842	0.000
0.011	0.048	0.843	0.000
0.010	0.036	0.845	0.000
0.012	0.034	0.846	0.000
0.016	0.031	0.848	0.000
0.032	0.022	0.849	0.000
0.048	0.011	0.851	0.000
0.052	0.011	0.852	0.000
0.044	0.021	0.853	0.000
0.036	0.032	0.853	0.000
0.038	0.040	0.854	0.000
0.050	0.035	0.855	0.000
0.067	0.027	0.855	0.000
0.085	0.020	0.855	0.000
0.104	0.023	0.854	0.000
0.132	0.063	0.852	0.000
0.176	0.164	0.850	0.000
0.245	0.292	0.848	0.000
0.346	0.361	0.845	0.001
0.473	0.318	0.841	0.001
0.619	0.213	0.837	0.001
0.793	0.149	0.833	0.001
1.022	0.156	0.828	0.001
1.346	0.176	0.822	0.001
1.814	0.153	0.816	0.001
2.424	0.095	0.809	0.001
3.082	0.073	0.800	0.001
3.705	0.133	0.791	0.001
4.301	0.262	0.783	0.001
5.090	0.420	0.775	0.001
5.798	0.577	0.768	0.001
6.363	0.715	0.762	0.001
6.863	0.835	0.756	0.001
7.382	0.934	0.751	0.001
7.931	1.002	0.747	0.001
8.311	1.023	0.742	0.001
8.570	0.983	0.736	0.001
8.929	0.891	0.727	0.001
9.502	0.763	0.717	0.001
10.106	0.637	0.709	0.001
11.096	0.570	0.703	0.001
11.926	0.630	0.697	0.001
12.206	0.875	0.691	0.001
12.053	1.296	0.684	0.001
12.083	1.829	0.678	0.002
12.897	2.412	0.673	0.002
14.408	3.032	0.672	0.002
16.178	3.712	0.674	0.002
17.737	4.431	0.679	0.003
19.012	5.120	0.685	0.003
20.213	5.824	0.693	0.003
21.460	6.653	0.703	0.003
22.542	7.541	0.713	0.004
23.209	8.268	0.722	0.004
23.351	8.795	0.732	0.004
23.155	9.468	0.741	0.004
22.765	10.662	0.751	0.005
22.256	12.316	0.762	0.005
21.716	13.940	0.772	0.005
21.094	15.405	0.783	0.006
20.383	17.276	0.793	0.006
19.717	20.069	0.803	0.006
19.027	23.288	0.812	0.007
18.296	25.532	0.820	0.007
17.611	25.951	0.826	0.007
17.095	25.091	0.831	0.007
16.864	24.500	0.835	0.008
17.101	25.271	0.838	0.008
17.601	27.233	0.841	0.008
18.231	29.490	0.844	0.008
18.662	31.379	0.847	0.008
18.648	32.773	0.849	0.008
18.252	34.041	0.849	0.009
17.966	35.645	0.849	0.009
18.049	37.944	0.849	0.009
18.527	40.826	0.848	0.009
19.076	43.548	0.847	0.010
19.439	45.303	0.844	0.010
19.595	46.160	0.840	0.010
19.553	47.101	0.836	0.010
19.321	49.189	0.831	0.011
18.772	52.404	0.826	0.011
18.060	55.736	0.821	0.011
17.660	58.239	0.815	0.011
18.010	59.915	0.807	0.011
19.246	61.443	0.797	0.012
20.918	63.229	0.784	0.012
22.651	64.768	0.770	0.012
23.561	65.003	0.754	0.012
23.769	63.141	0.739	0.012
23.476	59.235	0.727	0.012
22.989	54.012	0.717	0.012
22.266	48.389	0.711	0.012
21.087	43.047	0.705	0.011
19.559	38.335	0.700	0.011
18.103	34.377	0.695	0.010
17.335	31.131	0.690	0.010
17.713	28.351	0.687	0.009
19.240	25.672	0.685	0.009
21.471	22.907	0.682	0.008
23.536	20.200	0.679	0.008
24.770	17.813	0.676	0.007
25.110	15.795	0.674	0.007
24.923	13.996	0.672	0.007
24.474	12.425	0.669	0.006
23.542	11.399	0.666	0.006
21.818	11.211	0.664	0.006
19.433	11.700	0.661	0.006
16.620	12.307	0.659	0.005
13.745	12.608	0.656	0.005
11.201	12.714	0.654	0.005
9.129	13.067	0.651	0.006
7.686	13.920	0.649	0.006
7.027	15.130	0.647	0.006
7.110	16.391	0.646	0.006
7.608	17.545	0.645	0.006
8.148	18.590	0.645	0.006
8.609	19.457	0.645	0.006
8.825	19.934	0.645	0.007
8.674	19.810	0.645	0.007
8.199	19.071	0.646	0.007
7.611	17.915	0.646	0.007
7.021	16.627	0.647	0.007
6.643	15.412	0.649	0.006
6.364	14.352	0.650	0.006
6.143	13.467	0.651	0.006
6.089	12.769	0.653	0.006
6.351	12.247	0.654	0.006
6.901	11.804	0.655	0.006
7.415	11.254	0.656	0.005
7.622	10.449	0.658	0.005
7.524	9.418	0.659	0.005
7.201	8.340	0.660	0.005
6.788	7.387	0.660	0.005
6.267	6.576	0.661	0.004
5.704	5.779	0.661	0.004
5.235	4.901	0.662	0.004
4.928	4.009	0.662	0.004
4.720	3.298	0.663	0.003
4.434	2.904	0.663	0.003
4.025	2.725	0.664	0.003
3.648	2.493	0.665	0.003
3.434	2.017	0.666	0.003
3.328	1.360	0.665	0.002
3.208	0.767	0.664	0.002
2.968	0.432	0.663	0.002
2.668	0.352	0.663	0.002
2.395	0.416	0.663	0.001
2.206	0.551	0.663	0.001
2.069	0.664	0.663	0.001
1.931	0.665	0.663	0.001
1.760	0.569	0.663	0.001
1.582	0.471	0.664	0.001
1.403	0.407	0.664	0.001
1.215	0.360	0.664	0.001
1.006	0.290	0.664	0.001
0.791	0.190	0.665	0.001
0.602	0.106	0.665	0.001
0.463	0.079	0.666	0.001
0.375	0.100	0.667	0.001
0.321	0.123	0.668	0.001
0.288	0.135	0.669	0.001
0.261	0.163	0.670	0.001
0.234	0.191	0.671	0.001
0.214	0.171	0.670	0.001
0.210	0.097	0.669	0.000
0.215	0.019	0.667	0.000
0.219	0.021	0.665	0.000
0.209	0.097	0.663	0.000
0.190	0.193	0.662	0.000
0.183	0.237	0.660	0.000
0.183	0.211	0.657	0.001
0.200	0.168	0.654	0.001
0.199	0.161	0.651	0.001
0.173	0.175	0.649	0.001
0.137	0.250	0.645	0.001
0.117	0.297	0.642	0.001
0.121	0.279	0.638	0.001
0.136	0.200	0.634	0.001
0.143	0.121	0.632	0.001
0.139	0.081	0.632	0.001
0.133	0.080	0.633	0.001
0.134	0.089	0.637	0.001
0.138	0.090	0.643	0.001
0.138	0.099	0.652	0.001
0.129	0.116	0.663	0.001
0.118	0.153	0.676	0.001
0.112	0.179	0.691	0.001
0.107	0.183	0.709	0.001
0.097	0.165	0.730	0.001
0.079	0.142	0.748	0.001
0.060	0.122	0.764	0.001
0.046	0.122	0.777	0.001
0.051	0.141	0.790	0.001
0.062	0.158	0.805	0.001
0.075	0.145	0.820	0.001
0.078	0.100	0.832	0.001
0.079	0.050	0.842	0.000
0.087	0.031	0.851	0.000
0.112	0.102	0.859	0.001
0.148	0.286	0.866	0.001
0.190	0.482	0.871	0.001
0.221	0.528	0.873	0.001
0.237	0.379	0.873	0.001
0.248	0.167	0.873	0.001
0.267	0.067	0.872	0.001
0.298	0.124	0.869	0.001
0.336	0.236	0.865	0.001
0.383	0.273	0.860	0.001
0.435	0.238	0.853	0.001
0.493	0.220	0.846	0.001
0.528	0.414	0.839	0.001
0.532	0.780	0.831	0.002
0.518	1.108	0.822	0.003
0.533	1.957	0.812	0.003
0.612	2.650	0.801	0.003
0.808	2.812	0.788	0.003
1.077	2.065	0.770	0.003
1.345	0.891	0.748	0.003
1.583	-0.006	0.722	0.002
1.760	-0.078	0.693	0.002
1.900	0.515	0.663	0.001
2.027	1.088	0.631	0.001
2.134	1.075	0.598	0.001
2.245	0.548	0.565	0.001
2.420	0.012	0.532	0.001
2.694	-0.157	0.495	0.001
2.995	0.020	0.456	0.001
3.277	0.288	0.413	0.001
3.390	0.478	0.367	0.001
3.333	0.622	0.321	0.001
3.184	0.804	0.274	0.001
3.065	0.981	0.229	0.001
3.052	1.013	0.186	0.001
3.101	0.854	0.151	0.001
3.102	0.632	0.128	0.001
3.001	0.512	0.122	0.001
2.840	0.554	0.135	0.001
2.709	0.708	0.164	0.001
2.647	0.901	0.200	0.001
2.665	1.099	0.238	0.001
2.673	1.292	0.276	0.002
2.526	1.511	0.313	0.002
2.223	1.732	0.349	0.002
1.895	1.831	0.383	0.002
1.676	1.740	0.416	0.002
1.637	1.578	0.445	0.002
1.758	1.465	0.473	0.002
2.001	1.441	0.499	0.002
2.430	1.428	0.522	0.002
3.154	1.364	0.544	0.002
4.148	1.299	0.563	0.002
5.216	1.372	0.579	0.002
6.162	1.655	0.593	0.002
6.920	2.127	0.605	0.002
7.502	2.767	0.616	0.002
7.906	3.615	0.624	0.003
8.044	4.728	0.632	0.003
7.945	6.080	0.638	0.003
7.835	7.579	0.643	0.004
7.953	9.177	0.648	0.004
8.370	10.910	0.653	0.004
8.902	12.829	0.658	0.005
9.466	14.932	0.665	0.005
10.112	17.155	0.672	0.006
10.912	19.358	0.680	0.006
11.822	21.297	0.688	0.006
12.685	22.766	0.695	0.007
13.436	23.634	0.702	0.007
13.961	23.872	0.707	0.007
14.410	23.490	0.710	0.007
14.872	22.519	0.713	0.007
15.203	21.113	0.715	0.007
15.170	19.645	0.716	0.007
14.890	18.596	0.718	0.007
14.573	18.298	0.720	0.007
14.273	18.660	0.722	0.007
13.812	19.212	0.725	0.007
13.141	19.384	0.729	0.007
12.479	18.857	0.732	0.007
12.152	17.656	0.737	0.007
11.970	15.955	0.742	0.006
11.501	13.839	0.748	0.006
10.648	11.329	0.755	0.006
9.574	8.623	0.760	0.006
8.556	6.159	0.765	0.005
7.547	4.373	0.771	0.005
6.384	3.367	0.776	0.004
5.032	2.842	0.781	0.004
3.771	2.404	0.785	0.003
2.818	1.891	0.788	0.003
2.156	1.409	0.790	0.003
1.629	1.099	0.790	0.002
1.161	0.958	0.790	0.002
0.807	0.870	0.790	0.002
0.646	0.767	0.789	0.002
0.623	0.691	0.789	0.002
0.589	0.712	0.789	0.001
0.471	0.819	0.790	0.001
0.323	0.927	0.790	0.001
0.232	0.984	0.790	0.001
0.224	1.002	0.791	0.001
0.246	0.982	0.793	0.001
0.235	0.890	0.794	0.001
0.184	0.718	0.795	0.001
0.139	0.524	0.796	0.001
0.132	0.375	0.796	0.001
0.160	0.284	0.796	0.001
0.195	0.212	0.795	0.001
0.229	0.136	0.793	0.001
0.303	0.081	0.792	0.001
0.483	0.092	0.790	0.001
0.856	0.159	0.786	0.001
1.523	0.216	0.778	0.001
2.520	0.209	0.765	0.001
3.850	0.150	0.747	0.001
5.514	0.107	0.725	0.001
7.543	0.140	0.699	0.001
9.826	0.260	0.671	0.001
12.287	0.443	0.640	0.001
14.931	0.660	0.607	0.001
17.498	0.896	0.575	0.001
19.578	1.148	0.543	0.001
20.825	1.399	0.512	0.001
21.174	1.613	0.483	0.002
20.997	1.731	0.457	0.002
20.804	1.729	0.433	0.002
20.725	1.667	0.411	0.002
20.699	1.651	0.390	0.002
20.424	1.764	0.370	0.002
19.958	2.046	0.351	0.002
19.182	2.520	0.332	0.002
18.111	3.201	0.315	0.002
16.812	4.020	0.298	0.003
15.558	4.781	0.283	0.003
14.414	5.271	0.268	0.003
13.432	5.428	0.254	0.003
12.435	5.370	0.240	0.003
11.517	5.279	0.227	0.003
10.995	5.302	0.213	0.004
10.914	5.533	0.200	0.004
11.159	6.012	0.188	0.004
11.512	6.706	0.179	0.004
11.880	7.556	0.172	0.004
12.233	8.527	0.167	0.004
12.683	9.589	0.165	0.004
13.805	10.667	0.166	0.005
14.817	11.646	0.170	0.005
15.020	12.444	0.177	0.005
14.437	13.035	0.187	0.005
14.433	13.428	0.198	0.005
15.276	13.685	0.212	0.005
16.332	13.851	0.227	0.006
16.749	13.945	0.241	0.006
16.555	13.983	0.254	0.006
16.143	14.000	0.265	0.006
16.073	14.151	0.275	0.006
16.393	14.691	0.284	0.006
16.753	15.816	0.293	0.006
17.070	17.502	0.302	0.006
17.571	19.735	0.311	0.006
18.392	22.702	0.322	0.007
19.369	26.500	0.334	0.007
20.313	30.981	0.347	0.008
21.288	35.691	0.360	0.008
22.537	39.998	0.374	0.009
23.663	43.713	0.389	0.009
24.791	46.995	0.404	0.010
26.018	50.151	0.419	0.010
27.389	53.450	0.432	0.011
28.834	56.678	0.445	0.011
29.625	59.178	0.456	0.011
29.288	60.560	0.466	0.011
27.997	61.097	0.475	0.012
26.392	61.363	0.482	0.012
25.018	61.523	0.489	0.012
23.948	61.135	0.495	0.012
22.820	59.256	0.501	0.012
21.451	55.944	0.506	0.012
19.926	51.531	0.512	0.012
18.496	46.198	0.517	0.011
