0.001	0.000	0.000	0.000
0.002	0.000	0.000	0.000
0.003	0.000	0.000	0.000
0.004	0.000	0.000	0.000
0.004	0.000	0.000	0.000
0.004	0.001	0.000	0.000
0.003	0.002	0.000	0.000
0.003	0.003	0.000	0.000
0.003	0.004	0.000	0.000
0.003	0.003	0.000	0.000
0.003	0.003	0.000	0.000
0.002	0.004	0.000	0.000
0.002	0.005	0.000	0.000
0.002	0.007	0.000	0.000
0.002	0.007	0.000	0.000
0.002	0.006	0.000	0.000
0.002	0.006	0.000	0.000
0.003	0.005	0.000	0.000
0.003	0.005	0.000	0.000
0.004	0.006	0.000	0.000
0.004	0.006	0.000	0.000
0.004	0.006	0.000	0.000
0.004	0.006	0.000	0.000
0.004	0.005	0.000	0.000
0.004	0.004	0.000	0.000
0.004	0.003	0.000	0.000
0.004	0.002	0.000	0.000
0.004	0.002	0.000	0.000
0.004	0.002	0.000	0.000
0.003	0.002	0.000	0.000
0.002	0.001	0.000	0.000
0.002	0.001	0.000	0.000
0.002	0.001	0.000	0.000
0.002	0.000	0.000	0.000
0.002	0.000	0.000	0.000
0.001	0.000	0.000	0.000
0.001	0.000	0.000	0.000
0.001	0.000	0.000	0.000
0.001	0.000	0.000	0.000
0.001	0.001	0.000	0.000
0.001	0.001	0.000	0.000
0.001	0.001	0.000	0.000
0.001	0.001	0.000	0.000
0.002	0.001	0.000	0.000
0.002	0.001	0.000	0.000
0.003	0.001	0.000	0.000
0.003	0.001	0.000	0.000
0.003	0.002	0.000	0.000
0.002	0.002	0.000	0.000
0.002	0.003	0.000	0.000
0.001	0.003	0.000	0.000
0.002	0.003	0.000	0.000
0.002	0.004	0.000	0.000
0.002	0.005	0.000	0.000
0.003	0.005	0.000	0.000
0.003	0.005	0.000	0.000
0.003	0.006	0.000	0.000
0.004	0.006	0.000	0.000
0.005	0.007	0.000	0.000
0.005	0.007	0.000	0.000
0.005	0.008	0.000	0.000
0.006	0.008	0.000	0.000
0.005	0.007	0.000	0.000
0.005	0.007	0.000	0.000
0.005	0.007	0.000	0.000
0.004	0.007	0.000	0.000
0.004	0.007	0.000	0.000
0.004	0.007	0.000	0.000
0.004	0.007	0.000	0.000
0.005	0.007	0.000	0.000
0.005	0.006	0.000	0.000
0.004	0.005	0.000	0.000
0.003	0.005	0.000	0.000
0.003	0.005	0.000	0.000
0.002	0.006	0.000	0.000
0.003	0.005	0.000	0.000
0.002	0.005	0.000	0.000
0.002	0.004	0.000	0.000
0.002	0.003	0.000	0.000
0.002	0.003	0.000	0.000
0.002	0.003	0.000	0.000
0.002	0.003	0.000	0.000
0.002	0.003	0.000	0.000
0.002	0.002	0.000	0.000
0.002	0.002	0.000	0.000
0.002	0.002	0.000	0.000
0.002	0.003	0.000	0.000
0.002	0.003	0.000	0.000
0.001	0.002	0.000	0.000
0.001	0.002	0.000	0.000
0.001	0.002	0.000	0.000
0.002	0.002	0.000	0.000
0.002	0.002	0.000	0.000
0.003	0.002	0.000	0.000
0.003	0.002	0.000	0.000
0.010	0.001	0.000	0.000
0.016	0.002	0.000	0.000
0.018	0.002	0.000	0.000
0.014	0.002	0.000	0.000
0.011	0.001	0.000	0.000
0.019	0.001	0.122	0.000
0.054	0.001	0.375	0.000
0.150	0.002	0.640	0.000
0.356	0.002	0.767	0.000
0.749	0.003	0.719	0.000
1.416	0.004	0.591	0.000
2.318	0.007	0.508	0.000
3.376	0.008	0.501	0.000
4.489	0.007	0.510	0.000
5.555	0.005	0.478	0.000
6.417	0.005	0.421	0.000
6.952	0.009	0.391	0.000
7.187	0.018	0.406	0.000
7.128	0.034	0.434	0.000
6.829	0.048	0.437	0.000
6.840	0.057	0.420	0.000
6.816	0.067	0.407	0.000
6.337	0.087	0.411	0.000
5.356	0.109	0.416	0.000
4.675	0.114	0.407	0.000
4.374	0.094	0.388	0.000
4.138	0.060	0.377	0.000
3.893	0.029	0.382	0.000
3.392	0.017	0.394	0.000
2.756	0.023	0.400	0.000
2.205	0.042	0.399	0.000
1.831	0.063	0.400	0.000
1.554	0.075	0.409	0.000
1.342	0.076	0.421	0.000
1.198	0.068	0.430	0.000
1.101	0.054	0.434	0.000
1.000	0.041	0.435	0.000
0.873	0.030	0.439	0.000
0.749	0.023	0.442	0.000
0.660	0.021	0.443	0.000
0.594	0.020	0.441	0.000
0.516	0.015	0.438	0.000
0.418	0.009	0.436	0.000
0.325	0.004	0.437	0.000
0.264	0.003	0.438	0.000
0.226	0.007	0.442	0.000
0.189	0.011	0.447	0.000
0.145	0.012	0.454	0.000
0.110	0.009	0.463	0.000
0.097	0.006	0.472	0.000
0.093	0.004	0.481	0.000
0.081	0.005	0.489	0.000
0.059	0.007	0.497	0.000
0.040	0.008	0.502	0.000
0.036	0.009	0.504	0.000
0.050	0.011	0.504	0.000
0.061	0.013	0.502	0.000
0.053	0.013	0.496	0.000
0.032	0.012	0.488	0.000
0.016	0.011	0.477	0.000
0.013	0.010	0.464	0.000
0.019	0.011	0.450	0.000
0.023	0.012	0.435	0.000
0.020	0.014	0.420	0.000
0.016	0.014	0.405	0.000
0.019	0.015	0.389	0.000
0.025	0.015	0.373	0.000
0.028	0.015	0.357	0.000
0.026	0.013	0.342	0.000
0.022	0.013	0.329	0.000
0.020	0.016	0.317	0.000
0.022	0.022	0.308	0.000
0.023	0.029	0.300	0.000
0.023	0.031	0.292	0.000
0.022	0.032	0.287	0.000
0.023	0.032	0.284	0.000
0.028	0.037	0.284	0.000
0.033	0.045	0.286	0.000
0.035	0.051	0.292	0.000
0.036	0.052	0.298	0.000
0.039	0.047	0.305	0.000
0.044	0.040	0.309	0.000
0.049	0.036	0.313	0.000
0.048	0.038	0.316	0.000
0.044	0.043	0.318	0.000
0.040	0.044	0.320	0.000
0.040	0.039	0.321	0.000
0.045	0.029	0.321	0.000
0.049	0.024	0.320	0.000
0.047	0.027	0.319	0.000
0.042	0.035	0.317	0.000
0.038	0.038	0.317	0.000
0.038	0.034	0.316	0.000
0.038	0.026	0.317	0.000
0.044	0.023	0.316	0.000
0.047	0.026	0.315	0.000
0.042	0.027	0.313	0.000
0.029	0.024	0.310	0.000
0.016	0.018	0.307	0.000
0.011	0.014	0.305	0.000
0.014	0.016	0.303	0.000
0.020	0.019	0.301	0.000
0.023	0.022	0.299	0.000
0.023	0.023	0.295	0.000
0.024	0.026	0.291	0.000
0.025	0.030	0.284	0.000
0.026	0.036	0.277	0.000
0.026	0.039	0.269	0.000
0.026	0.040	0.263	0.000
0.028	0.039	0.262	0.000
0.029	0.039	0.269	0.000
0.030	0.040	0.285	0.000
0.029	0.041	0.306	0.000
0.027	0.041	0.329	0.000
0.024	0.041	0.349	0.000
0.021	0.042	0.365	0.000
0.018	0.045	0.377	0.000
0.016	0.051	0.385	0.000
0.016	0.056	0.389	0.000
0.017	0.061	0.391	0.000
0.018	0.065	0.390	0.000
0.018	0.069	0.388	0.000
0.018	0.070	0.386	0.000
0.018	0.067	0.385	0.000
0.018	0.061	0.383	0.000
0.017	0.057	0.380	0.000
0.015	0.055	0.375	0.000
0.014	0.054	0.367	0.000
0.014	0.051	0.360	0.000
0.015	0.045	0.354	0.000
0.016	0.039	0.349	0.000
0.016	0.038	0.347	0.000
0.016	0.041	0.347	0.000
0.018	0.044	0.348	0.000
0.020	0.043	0.352	0.000
0.021	0.038	0.358	0.000
0.019	0.033	0.366	0.000
0.018	0.032	0.376	0.000
0.017	0.035	0.387	0.000
0.017	0.040	0.398	0.000
0.017	0.042	0.409	0.000
0.014	0.041	0.420	0.000
0.011	0.040	0.431	0.000
0.009	0.040	0.439	0.000
0.009	0.042	0.446	0.000
0.010	0.045	0.450	0.000
0.009	0.046	0.453	0.000
0.009	0.046	0.455	0.000
0.009	0.042	0.455	0.000
0.009	0.037	0.454	0.000
0.009	0.033	0.452	0.000
0.009	0.031	0.452	0.000
0.008	0.030	0.453	0.000
0.008	0.027	0.455	0.000
0.009	0.023	0.458	0.000
0.009	0.020	0.461	0.000
0.010	0.019	0.465	0.000
0.010	0.021	0.471	0.000
0.010	0.024	0.476	0.000
0.010	0.026	0.482	0.000
0.010	0.028	0.486	0.000
0.011	0.029	0.490	0.000
0.011	0.031	0.494	0.000
0.011	0.034	0.499	0.000
0.011	0.036	0.505	0.000
0.011	0.037	0.512	0.000
0.012	0.036	0.519	0.000
0.012	0.035	0.529	0.000
0.012	0.034	0.541	0.000
0.013	0.034	0.553	0.000
0.014	0.034	0.566	0.000
0.014	0.033	0.580	0.000
0.014	0.031	0.594	0.000
0.014	0.029	0.607	0.000
0.014	0.028	0.620	0.000
0.014	0.030	0.631	0.000
0.014	0.033	0.641	0.000
0.013	0.035	0.651	0.000
0.013	0.037	0.662	0.000
0.012	0.037	0.674	0.000
0.013	0.038	0.687	0.000
0.015	0.041	0.701	0.000
0.016	0.044	0.717	0.000
0.018	0.046	0.736	0.000
0.019	0.046	0.757	0.000
0.019	0.045	0.779	0.000
0.018	0.044	0.801	0.000
0.017	0.043	0.823	0.000
0.016	0.043	0.846	0.000
0.015	0.045	0.868	0.000
0.015	0.048	0.889	0.000
0.017	0.050	0.907	0.000
0.017	0.050	0.921	0.000
0.015	0.049	0.931	0.000
0.013	0.049	0.937	0.000
0.012	0.051	0.941	0.000
0.012	0.053	0.942	0.000
0.011	0.052	0.942	0.000
0.010	0.048	0.940	0.000
0.008	0.044	0.939	0.000
0.008	0.038	0.937	0.000
0.008	0.032	0.936	0.000
0.007	0.025	0.936	0.000
0.006	0.018	0.936	0.000
0.005	0.017	0.938	0.000
0.005	0.020	0.940	0.000
0.005	0.023	0.942	0.000
0.004	0.020	0.943	0.000
0.003	0.013	0.945	0.000
0.003	0.007	0.946	0.000
0.003	0.004	0.947	0.000
0.003	0.005	0.948	0.000
0.003	0.006	0.948	0.000
0.003	0.005	0.948	0.000
0.003	0.004	0.947	0.000
0.004	0.003	0.945	0.000
0.004	0.004	0.943	0.000
0.005	0.005	0.941	0.000
0.007	0.005	0.939	0.000
0.010	0.005	0.937	0.000
0.013	0.006	0.935	0.000
0.013	0.009	0.934	0.000
0.013	0.012	0.932	0.000
0.012	0.015	0.929	0.000
0.013	0.018	0.927	0.000
0.014	0.021	0.925	0.000
0.016	0.025	0.923	0.000
0.017	0.030	0.922	0.000
0.018	0.033	0.920	0.000
0.018	0.035	0.918	0.000
0.018	0.035	0.916	0.000
0.019	0.036	0.915	0.000
0.019	0.039	0.913	0.000
0.021	0.046	0.912	0.000
0.030	0.056	0.911	0.000
0.045	0.065	0.910	0.000
0.063	0.071	0.910	0.000
0.091	0.076	0.910	0.000
0.438	0.077	0.910	0.000
1.232	0.075	0.911	0.000
1.784	0.070	0.912	0.000
1.614	0.065	0.913	0.000
0.931	0.059	0.914	0.000
0.441	0.051	0.915	0.000
0.666	0.040	0.915	0.000
1.441	0.033	0.913	0.000
2.276	0.037	0.910	0.000
2.858	0.059	0.905	0.000
3.354	0.098	0.900	0.000
3.897	0.147	0.895	0.000
4.353	0.199	0.887	0.000
4.480	0.260	0.878	0.001
4.237	0.348	0.870	0.001
4.205	0.475	0.863	0.001
4.527	0.615	0.857	0.001
4.920	0.703	0.850	0.001
4.959	0.675	0.842	0.001
4.679	0.522	0.834	0.001
4.476	0.307	0.826	0.001
4.773	0.122	0.820	0.001
5.428	0.023	0.816	0.001
5.837	0.004	0.812	0.001
5.837	0.025	0.808	0.001
5.698	0.062	0.803	0.001
5.825	0.113	0.797	0.000
6.345	0.187	0.792	0.001
6.982	0.280	0.786	0.001
7.424	0.383	0.781	0.001
7.699	0.490	0.778	0.001
8.043	0.609	0.778	0.001
8.584	0.741	0.780	0.001
9.215	0.880	0.783	0.001
9.742	1.017	0.786	0.001
10.010	1.146	0.788	0.001
10.100	1.258	0.792	0.002
10.099	1.341	0.796	0.002
10.131	1.408	0.800	0.002
10.158	1.501	0.803	0.002
10.032	1.674	0.804	0.002
9.666	1.955	0.803	0.002
9.188	2.344	0.800	0.002
8.732	2.826	0.794	0.002
8.493	3.387	0.785	0.002
8.301	4.022	0.773	0.003
8.049	4.728	0.760	0.003
7.861	5.521	0.745	0.003
9.042	6.359	0.731	0.003
10.744	7.175	0.717	0.004
11.863	7.980	0.707	0.004
11.774	8.936	0.699	0.004
11.058	10.297	0.694	0.005
10.768	12.203	0.692	0.005
11.415	14.545	0.692	0.005
12.600	17.055	0.696	0.006
13.768	19.601	0.702	0.006
14.749	22.233	0.709	0.006
15.524	24.906	0.718	0.007
16.034	27.311	0.728	0.007
16.211	28.984	0.739	0.008
16.239	29.770	0.750	0.008
16.428	30.195	0.760	0.008
16.952	31.012	0.770	0.008
17.619	32.625	0.779	0.009
18.092	34.877	0.788	0.009
18.236	37.327	0.797	0.009
18.222	39.696	0.805	0.009
18.201	41.905	0.813	0.009
18.224	43.773	0.820	0.010
18.184	44.918	0.827	0.010
18.039	45.130	0.833	0.010
17.813	44.657	0.839	0.010
17.445	44.073	0.845	0.010
16.939	43.760	0.850	0.010
16.439	43.578	0.855	0.010
15.861	43.152	0.859	0.010
15.079	42.330	0.864	0.010
14.102	41.240	0.868	0.010
13.042	39.990	0.871	0.010
12.025	38.421	0.874	0.010
11.032	36.316	0.877	0.010
9.966	33.690	0.880	0.009
8.730	30.785	0.882	0.009
7.384	27.770	0.884	0.009
6.079	24.531	0.886	0.008
4.947	20.818	0.888	0.008
3.988	16.567	0.890	0.007
3.115	12.058	0.891	0.007
2.344	7.759	0.893	0.006
1.846	4.121	0.894	0.005
1.858	1.471	0.895	0.004
2.546	0.032	0.894	0.003
4.006	-0.048	0.887	0.003
6.168	1.353	0.874	0.002
8.965	4.388	0.853	0.002
12.316	9.231	0.825	0.003
16.071	15.931	0.794	0.004
20.027	24.220	0.760	0.005
23.915	33.544	0.723	0.006
27.769	43.350	0.685	0.008
31.425	53.417	0.646	0.009
34.703	63.950	0.607	0.010
38.070	75.227	0.569	0.011
42.427	87.158	0.533	0.012
48.422	98.996	0.499	0.013
55.138	109.415	0.467	0.014
58.106	116.870	0.436	0.015
55.844	120.010	0.409	0.015
51.813	117.770	0.384	0.016
50.305	109.599	0.363	0.016
52.475	95.862	0.344	0.016
55.815	78.356	0.328	0.015
57.597	60.190	0.314	0.014
57.685	44.579	0.302	0.013
57.729	33.224	0.292	0.012
58.487	25.689	0.283	0.011
58.162	20.290	0.277	0.010
54.661	15.605	0.271	0.009
48.132	11.259	0.267	0.007
40.884	7.576	0.262	0.006
34.970	4.822	0.259	0.006
30.779	2.923	0.256	0.005
27.487	1.706	0.254	0.004
24.397	1.154	0.252	0.003
21.495	1.342	0.249	0.003
19.702	2.193	0.246	0.003
19.441	3.347	0.241	0.003
20.224	4.262	0.234	0.003
21.401	4.467	0.227	0.003
22.697	3.943	0.219	0.003
24.429	3.183	0.211	0.003
26.986	2.812	0.203	0.003
30.166	3.121	0.196	0.003
33.333	3.917	0.188	0.003
35.943	4.758	0.180	0.003
38.315	5.229	0.172	0.003
40.919	5.051	0.164	0.003
44.246	4.323	0.156	0.003
48.009	3.584	0.149	0.003
50.822	3.450	0.142	0.003
51.089	4.175	0.137	0.003
48.035	5.506	0.134	0.003
41.933	6.906	0.132	0.004
34.340	7.909	0.131	0.004
27.027	8.381	0.130	0.004
21.305	8.842	0.128	0.004
17.682	10.297	0.126	0.005
15.631	13.011	0.123	0.005
14.161	15.696	0.119	0.005
12.793	16.412	0.116	0.005
11.726	14.290	0.114	0.005
11.118	10.303	0.113	0.005
10.937	6.377	0.113	0.005
10.789	3.835	0.114	0.005
10.359	2.653	0.115	0.004
9.653	2.027	0.117	0.004
9.223	1.419	0.119	0.003
9.082	0.911	0.123	0.003
9.244	0.762	0.128	0.002
9.168	0.943	0.134	0.002
8.574	1.213	0.141	0.002
7.696	1.474	0.148	0.002
7.096	1.900	0.157	0.002
6.920	2.705	0.166	0.002
6.952	3.905	0.176	0.002
6.896	5.367	0.186	0.003
6.680	6.979	0.197	0.003
6.429	8.703	0.208	0.004
6.288	10.530	0.220	0.004
6.241	12.378	0.232	0.005
6.225	14.065	0.244	0.005
6.222	15.383	0.256	0.005
6.255	16.268	0.269	0.006
6.340	16.898	0.281	0.006
6.491	17.574	0.294	0.006
6.603	18.452	0.307	0.006
6.636	19.410	0.319	0.007
6.648	20.254	0.331	0.007
6.768	20.940	0.342	0.007
6.991	21.611	0.353	0.007
7.202	22.440	0.363	0.007
7.288	23.398	0.373	0.007
7.232	24.195	0.381	0.007
7.146	24.518	0.388	0.007
7.143	24.273	0.394	0.007
7.241	23.584	0.397	0.007
7.317	22.698	0.399	0.007
7.346	21.818	0.400	0.007
7.274	21.019	0.398	0.007
7.055	20.238	0.394	0.007
6.700	19.371	0.387	0.007
6.352	18.394	0.379	0.007
6.307	17.534	0.369	0.007
6.444	17.044	0.359	0.007
6.508	16.885	0.348	0.007
6.311	16.797	0.336	0.007
5.875	16.587	0.323	0.006
5.284	16.155	0.309	0.006
4.686	15.364	0.294	0.006
4.174	13.977	0.278	0.006
3.964	11.981	0.260	0.006
4.654	9.789	0.241	0.006
7.120	8.077	0.221	0.005
11.826	7.050	0.201	0.005
17.854	6.197	0.180	0.004
23.333	4.804	0.159	0.004
27.098	2.854	0.140	0.004
29.333	1.112	0.123	0.003
30.435	0.376	0.108	0.003
29.997	0.767	0.096	0.003
27.328	1.871	0.086	0.002
22.918	3.424	0.076	0.003
18.637	6.298	0.067	0.003
16.420	12.129	0.058	0.004
16.978	21.689	0.052	0.005
19.058	32.783	0.051	0.006
21.214	40.475	0.058	0.007
23.004	40.946	0.071	0.008
24.960	35.133	0.089	0.008
27.438	27.740	0.109	0.008
30.164	23.404	0.131	0.008
32.784	23.263	0.152	0.008
34.913	25.111	0.174	0.008
36.334	26.286	0.197	0.008
36.963	26.028	0.219	0.008
37.444	25.272	0.241	0.008
37.796	24.970	0.264	0.008
37.433	25.193	0.286	0.008
35.974	25.582	0.307	0.008
33.713	25.930	0.328	0.008
31.639	26.258	0.347	0.008
30.017	26.540	0.365	0.008
28.575	26.643	0.381	0.008
26.859	26.469	0.398	0.008
24.895	25.946	0.414	0.008
23.273	24.932	0.432	0.008
22.273	23.442	0.451	0.008
21.835	21.866	0.473	0.008
21.698	20.763	0.498	0.008
21.783	20.473	0.526	0.007
22.006	20.855	0.556	0.007
22.370	21.554	0.585	0.007
23.011	22.368	0.613	0.007
23.765	23.287	0.638	0.007
24.408	24.388	0.660	0.007
24.909	25.609	0.678	0.008
25.427	26.654	0.695	0.008
26.174	27.308	0.710	0.008
27.273	27.638	0.723	0.008
28.567	28.070	0.736	0.008
30.118	29.227	0.747	0.008
31.353	31.176	0.756	0.008
32.126	33.741	0.762	0.009
32.641	36.377	0.767	0.009
33.208	38.862	0.769	0.009
34.275	41.862	0.770	0.009
36.164	46.193	0.770	0.010
38.364	51.678	0.768	0.010
39.741	56.959	0.766	0.011
40.007	59.676	0.763	0.011
39.476	58.669	0.759	0.011
38.743	54.759	0.755	0.011
38.528	49.894	0.751	0.011
38.766	45.697	0.745	0.011
38.662	42.425	0.740	0.011
37.758	39.223	0.734	0.010
36.692	35.349	0.728	0.010
36.195	31.067	0.722	0.010
36.222	27.257	0.715	0.009
36.485	24.370	0.708	0.009
36.289	22.079	0.702	0.008
35.624	19.805	0.696	0.008
34.801	17.364	0.689	0.007
34.245	15.201	0.683	0.007
33.581	13.853	0.677	0.007
32.262	13.457	0.671	0.006
30.273	13.678	0.665	0.006
28.286	13.947	0.660	0.006
27.000	13.796	0.656	0.006
26.287	13.140	0.651	0.006
25.434	12.221	0.647	0.006
23.970	11.408	0.642	0.006
22.107	10.989	0.637	0.005
20.441	11.053	0.632	0.005
19.176	11.538	0.626	0.005
18.158	12.391	0.621	0.005
17.294	13.598	0.616	0.006
17.052	15.075	0.611	0.006
18.407	16.547	0.607	0.006
22.259	17.683	0.603	0.006
28.578	18.507	0.599	0.006
36.020	19.571	0.596	0.006
42.316	21.404	0.593	0.007
45.845	23.707	0.591	0.007
47.238	25.311	0.588	0.007
46.599	25.136	0.584	0.007
43.830	23.070	0.579	0.007
38.687	19.937	0.574	0.007
32.199	16.907	0.568	0.007
26.419	15.027	0.562	0.007
22.803	14.833	0.556	0.007
21.087	15.777	0.549	0.006
20.056	16.393	0.543	0.006
18.989	15.705	0.538	0.006
18.320	14.405	0.535	0.006
18.571	14.435	0.533	0.006
19.482	17.005	0.531	0.006
20.624	20.792	0.529	0.006
21.852	22.727	0.529	0.006
23.842	20.920	0.529	0.006
26.476	16.382	0.530	0.006
29.121	11.864	0.532	0.006
30.868	9.242	0.535	0.006
31.372	8.252	0.537	0.006
30.481	7.570	0.539	0.005
28.574	6.602	0.539	0.005
26.631	5.884	0.540	0.005
25.245	6.016	0.540	0.004
24.335	6.699	0.541	0.004
23.286	6.997	0.542	0.004
21.546	6.409	0.543	0.004
19.205	5.370	0.544	0.004
17.322	4.686	0.545	0.004
16.298	4.698	0.546	0.004
15.863	5.137	0.548	0.004
15.227	5.602	0.550	0.004
14.214	5.994	0.552	0.004
13.473	6.458	0.554	0.004
13.515	7.060	0.556	0.004
13.769	7.649	0.557	0.004
13.416	8.005	0.558	0.004
12.458	8.023	0.559	0.004
11.619	7.725	0.559	0.004
11.608	7.137	0.559	0.004
12.344	6.301	0.558	0.004
12.778	5.398	0.557	0.004
12.338	4.768	0.555	0.004
11.444	4.695	0.554	0.004
10.947	5.161	0.551	0.004
11.256	5.898	0.549	0.004
12.048	6.461	0.545	0.004
12.912	6.698	0.541	0.004
13.783	7.055	0.535	0.004
14.895	8.304	0.528	0.004
16.285	10.828	0.520	0.005
17.775	13.913	0.510	0.005
19.180	16.196	0.500	0.005
20.636	17.372	0.489	0.006
22.626	18.553	0.477	0.006
25.523	21.298	0.464	0.007
29.305	26.147	0.451	0.007
33.464	32.196	0.439	0.008
37.501	38.704	0.428	0.008
41.121	45.661	0.418	0.009
44.272	53.179	0.411	0.010
47.284	60.787	0.407	0.011
51.019	68.248	0.407	0.011
55.983	77.226	0.411	0.012
62.127	91.016	0.420	0.013
69.168	111.130	0.432	0.014
76.646	135.165	0.449	0.016
84.144	158.517	0.468	0.017
91.050	178.829	0.488	0.018
96.776	197.810	0.510	0.019
101.261	219.134	0.531	0.021
104.812	245.053	0.551	0.022
108.301	275.054	0.570	0.023
112.295	306.865	0.588	0.025
115.010	337.509	0.604	0.026
114.405	362.694	0.620	0.027
111.160	377.068	0.633	0.028
107.608	375.718	0.646	0.028
105.755	356.368	0.657	0.028
105.748	321.311	0.667	0.028
106.286	277.430	0.677	0.028
105.899	233.521	0.686	0.027
103.859	196.451	0.695	0.025
100.498	168.411	0.703	0.024
97.008	147.075	0.710	0.022
94.571	128.595	0.717	0.021
92.735	110.125	0.724	0.019
90.783	92.462	0.731	0.018
88.579	78.413	0.737	0.017
87.051	69.053	0.744	0.015
86.496	62.601	0.750	0.014
86.288	56.458	0.757	0.013
85.614	49.523	0.764	0.013
84.345	42.893	0.771	0.012
83.277	38.034	0.778	0.011
83.002	35.144	0.785	0.011
83.450	33.052	0.791	0.010
84.062	30.513	0.797	0.009
84.162	27.362	0.802	0.009
83.382	24.261	0.806	0.009
81.974	21.666	0.808	0.008
80.032	19.411	0.809	0.008
77.854	17.125	0.809	0.007
75.030	14.848	0.809	0.007
71.651	12.982	0.808	0.006
68.220	11.633	0.807	0.006
64.988	10.570	0.805	0.006
61.889	9.455	0.802	0.005
58.800	8.469	0.798	0.005
55.742	8.052	0.794	0.005
53.009	8.011	0.790	0.005
50.511	7.844	0.786	0.004
48.012	7.416	0.780	0.004
45.417	7.250	0.774	0.004
42.937	7.946	0.767	0.004
40.675	9.459	0.759	0.004
38.462	11.237	0.751	0.005
35.920	12.915	0.743	0.005
33.100	14.747	0.735	0.005
30.346	17.054	0.728	0.006
28.018	19.589	0.721	0.006
26.030	21.834	0.715	0.006
24.230	23.870	0.709	0.007
22.351	26.310	0.704	0.007
20.605	29.665	0.699	0.008
19.363	34.255	0.695	0.008
18.689	40.146	0.692	0.009
18.468	46.853	0.690	0.009
18.726	52.989	0.687	0.010
20.290	57.515	0.685	0.011
24.116	61.067	0.683	0.011
30.074	66.687	0.683	0.012
38.466	77.294	0.684	0.013
49.725	92.222	0.687	0.014
65.425	112.735	0.691	0.015
86.221	143.682	0.697	0.016
108.638	184.688	0.703	0.017
126.771	224.572	0.710	0.019
134.963	244.882	0.716	0.020
132.201	241.496	0.721	0.022
123.685	237.678	0.726	0.023
117.526	261.509	0.730	0.024
116.838	318.071	0.732	0.026
118.156	385.445	0.734	0.027
115.379	427.828	0.735	0.028
106.931	427.484	0.735	0.029
96.442	397.727	0.736	0.029
88.203	365.209	0.736	0.030
82.969	346.396	0.736	0.030
77.495	336.612	0.735	0.030
69.621	319.486	0.735	0.029
60.626	288.496	0.734	0.028
53.380	252.316	0.733	0.027
48.820	222.750	0.732	0.026
45.318	202.375	0.731	0.025
40.906	183.914	0.729	0.023
35.589	160.683	0.728	0.022
30.877	134.394	0.726	0.021
27.691	112.252	0.724	0.020
25.425	98.321	0.721	0.018
22.998	89.816	0.719	0.017
20.183	80.959	0.716	0.016
17.628	69.752	0.713	0.015
15.964	58.625	0.710	0.014
15.037	50.385	0.707	0.013
14.231	44.839	0.703	0.012
13.187	39.788	0.699	0.011
12.134	33.994	0.695	0.011
11.407	28.332	0.691	0.010
10.891	24.084	0.687	0.009
10.245	21.306	0.683	0.009
9.284	19.128	0.679	0.008
8.188	17.126	0.675	0.008
7.557	15.815	0.671	0.007
8.377	15.717	0.667	0.007
11.837	16.457	0.663	0.007
18.855	16.984	0.659	0.006
29.594	16.549	0.655	0.006
42.413	15.256	0.651	0.006
54.636	13.599	0.646	0.006
64.294	11.751	0.641	0.006
69.475	9.571	0.637	0.005
69.647	7.182	0.632	0.005
65.110	5.175	0.627	0.005
56.063	3.988	0.621	0.004
44.208	3.394	0.616	0.004
31.235	2.778	0.611	0.003
18.749	1.846	0.606	0.003
9.134	0.877	0.601	0.002
5.409	0.312	0.598	0.002
8.470	0.248	0.595	0.002
17.726	0.423	0.593	0.001
28.584	0.601	0.591	0.001
36.902	0.973	0.590	0.001
41.597	2.061	0.588	0.002
44.985	3.999	0.586	0.002
48.917	6.243	0.585	0.003
52.490	8.144	0.584	0.003
52.846	9.585	0.584	0.004
49.342	11.206	0.586	0.004
43.060	13.573	0.589	0.005
36.065	16.310	0.593	0.005
29.448	17.978	0.597	0.005
23.234	17.257	0.602	0.006
17.611	14.265	0.608	0.006
13.414	10.640	0.616	0.006
11.205	8.281	0.625	0.005
10.387	8.014	0.636	0.005
9.749	9.314	0.647	0.005
8.717	10.980	0.658	0.005
7.659	12.148	0.671	0.005
6.948	12.618	0.684	0.005
6.443	12.687	0.698	0.005
5.709	12.874	0.712	0.005
4.630	13.530	0.726	0.005
3.640	14.594	0.741	0.006
3.210	15.574	0.755	0.006
3.338	15.932	0.768	0.006
3.652	15.640	0.779	0.006
3.915	15.246	0.787	0.006
4.359	15.252	0.794	0.006
5.140	15.540	0.797	0.006
5.969	15.502	0.799	0.006
6.546	14.729	0.798	0.006
6.849	13.455	0.794	0.006
7.125	12.305	0.788	0.006
7.674	11.683	0.779	0.006
8.400	11.452	0.770	0.006
8.958	11.119	0.759	0.005
9.187	10.363	0.747	0.005
9.313	9.284	0.734	0.005
9.827	8.213	0.720	0.005
10.557	7.322	0.704	0.005
10.935	6.514	0.688	0.004
10.642	5.623	0.672	0.004
10.015	4.688	0.655	0.004
9.636	3.950	0.639	0.004
9.748	3.593	0.622	0.004
10.020	3.535	0.603	0.003
10.128	3.531	0.584	0.003
10.291	3.377	0.563	0.003
10.731	3.088	0.540	0.003
11.397	2.802	0.516	0.003
11.996	2.582	0.491	0.003
12.264	2.421	0.465	0.003
12.274	2.385	0.440	0.003
12.339	2.634	0.415	0.003
12.512	3.304	0.391	0.003
12.739	4.331	0.368	0.003
13.136	5.589	0.347	0.003
13.725	6.936	0.327	0.003
14.668	8.315	0.310	0.004
15.504	9.755	0.294	0.004
15.772	11.390	0.282	0.005
15.729	13.362	0.272	0.005
16.172	15.782	0.266	0.005
17.242	18.458	0.263	0.006
18.048	21.022	0.264	0.006
17.805	23.104	0.267	0.007
16.765	24.548	0.273	0.007
15.919	25.396	0.280	0.007
16.022	25.864	0.290	0.007
16.775	26.258	0.301	0.008
17.096	26.742	0.312	0.008
16.933	27.372	0.325	0.008
16.941	28.116	0.338	0.008
17.566	29.071	0.352	0.008
18.323	30.349	0.367	0.008
18.541	31.810	0.382	0.008
18.100	33.109	0.398	0.009
17.494	34.030	0.413	0.009
17.196	34.688	0.427	0.009
17.512	35.334	0.442	0.009
18.253	35.802	0.455	0.009
19.711	36.347	0.467	0.009
22.141	37.332	0.478	0.009
25.258	37.649	0.488	0.009
28.228	34.971	0.496	0.009
29.867	28.322	0.504	0.009
29.235	19.876	0.510	0.008
26.742	13.587	0.516	0.008
24.164	11.321	0.520	0.007
22.971	11.274	0.524	0.007
23.686	10.582	0.527	0.006
25.751	8.323	0.529	0.005
27.941	5.691	0.532	0.005
29.996	4.093	0.534	0.004
32.973	3.542	0.537	0.004
36.900	3.152	0.540	0.004
40.842	2.610	0.543	0.003
43.595	2.567	0.547	0.003
44.909	3.603	0.551	0.003
45.321	5.382	0.556	0.003
45.147	7.112	0.561	0.003
43.888	8.534	0.565	0.004
41.031	10.176	0.570	0.004
37.095	12.756	0.578	0.005
33.095	16.528	0.588	0.005
29.858	21.183	0.602	0.006
27.561	26.310	0.619	0.007
26.197	31.846	0.635	0.007
26.784	38.178	0.651	0.008
30.456	45.809	0.665	0.009
37.493	54.634	0.677	0.010
47.020	63.634	0.686	0.011
57.928	71.695	0.693	0.011
69.083	78.852	0.698	0.012
77.679	86.720	0.702	0.013
80.035	97.009	0.705	0.014
75.225	109.188	0.708	0.015
65.326	119.830	0.712	0.015
53.552	124.461	0.716	0.016
43.200	122.131	0.719	0.016
36.299	116.591	0.722	0.016
33.434	113.166	0.723	0.017
33.920	114.298	0.724	0.017
36.485	117.841	0.724	0.017
39.734	119.919	0.724	0.017
43.006	118.897	0.725	0.017
45.760	115.190	0.727	0.017
47.404	109.681	0.730	0.016
47.662	102.667	0.734	0.016
47.007	94.067	0.739	0.016
47.568	84.232	0.743	0.015
51.477	74.643	0.748	0.015
58.309	67.523	0.752	0.014
65.042	65.363	0.756	0.014
68.819	70.067	0.760	0.014
69.201	81.507	0.763	0.014
67.344	96.265	0.766	0.014
64.562	109.533	0.768	0.014
61.309	118.891	0.769	0.015
57.468	126.622	0.770	0.016
53.279	136.455	0.771	0.017
49.329	147.554	0.772	0.017
45.407	153.306	0.773	0.018
41.780	148.166	0.773	0.018
38.988	134.739	0.774	0.018
38.056	122.220	0.774	0.018
38.221	116.989	0.774	0.018
37.543	116.663	0.774	0.017
35.190	114.076	0.773	0.017
32.113	105.291	0.773	0.017
29.933	93.533	0.773	0.016
28.946	84.228	0.773	0.016
28.099	78.456	0.773	0.015
26.368	72.687	0.773	0.014
24.057	63.758	0.773	0.014
22.106	52.666	0.774	0.013
20.945	43.134	0.774	0.012
20.144	37.104	0.775	0.011
19.200	33.172	0.776	0.011
18.325	29.011	0.777	0.010
17.667	23.919	0.778	0.009
17.168	19.133	0.779	0.008
16.850	16.269	0.780	0.008
16.448	15.304	0.781	0.007
16.221	15.152	0.782	0.007
16.317	14.917	0.783	0.007
16.752	14.348	0.784	0.006
18.701	13.955	0.785	0.006
20.736	13.784	0.785	0.006
21.653	13.427	0.785	0.006
21.057	12.537	0.786	0.006
20.326	11.459	0.786	0.006
20.743	10.788	0.786	0.005
22.601	10.987	0.786	0.005
24.735	11.578	0.786	0.005
25.695	11.807	0.785	0.005
26.020	10.966	0.785	0.005
26.899	10.155	0.784	0.005
29.238	10.366	0.783	0.005
32.458	11.539	0.781	0.005
35.871	12.372	0.778	0.005
38.186	12.410	0.775	0.005
39.709	13.536	0.770	0.006
41.834	18.144	0.765	0.006
45.051	24.867	0.758	0.006
48.204	29.919	0.751	0.007
50.057	30.871	0.743	0.007
50.223	30.455	0.734	0.008
49.675	34.121	0.725	0.008
49.487	43.229	0.714	0.009
49.856	53.123	0.704	0.010
50.056	58.669	0.693	0.010
49.574	59.705	0.683	0.011
48.157	61.197	0.673	0.011
46.943	67.635	0.662	0.012
46.544	77.242	0.652	0.012
46.537	84.960	0.642	0.013
46.378	88.703	0.632	0.014
45.803	91.132	0.622	0.014
45.109	95.761	0.612	0.014
44.259	101.818	0.602	0.015
43.116	105.820	0.591	0.015
41.424	106.250	0.581	0.015
39.298	104.484	0.570	0.016
37.317	103.975	0.560	0.016
35.885	106.418	0.549	0.016
34.924	109.294	0.537	0.016
33.957	108.701	0.526	0.016
32.749	103.311	0.515	0.016
31.533	95.703	0.503	0.016
30.677	90.851	0.491	0.016
30.431	90.305	0.479	0.015
30.475	91.349	0.466	0.015
30.230	90.920	0.453	0.015
29.421	88.246	0.440	0.015
27.893	83.594	0.428	0.014
25.779	77.034	0.415	0.014
23.661	69.052	0.402	0.014
22.305	61.102	0.390	0.013
21.909	55.340	0.379	0.013
22.177	52.260	0.369	0.012
22.477	50.351	0.360	0.012
22.444	47.811	0.351	0.011
21.985	44.511	0.342	0.011
21.141	41.542	0.333	0.011
19.779	39.761	0.324	0.010
17.854	38.779	0.316	0.010
15.604	37.754	0.308	0.010
13.403	36.412	0.301	0.010
11.413	35.179	0.295	0.010
9.518	34.362	0.290	0.009
7.660	33.801	0.287	0.009
6.005	33.350	0.284	0.009
4.745	33.185	0.282	0.009
4.080	33.422	0.281	0.009
3.907	33.738	0.281	0.009
3.877	33.529	0.283	0.009
3.708	32.653	0.286	0.009
3.420	31.638	0.290	0.009
3.169	31.069	0.294	0.009
3.080	31.121	0.300	0.009
3.137	31.542	0.306	0.009
3.251	32.048	0.313	0.009
3.350	32.534	0.321	0.009
3.441	32.853	0.328	0.009
3.611	32.717	0.337	0.009
3.964	31.999	0.346	0.009
4.576	30.855	0.355	0.009
5.241	29.537	0.365	0.009
5.725	28.063	0.375	0.008
5.978	26.260	0.385	0.008
6.203	24.177	0.394	0.008
6.535	22.295	0.404	0.008
6.952	21.066	0.413	0.008
7.293	20.534	0.421	0.008
7.565	20.447	0.429	0.007
7.882	20.635	0.436	0.007
8.363	21.244	0.441	0.007
8.914	22.323	0.446	0.007
9.351	23.483	0.450	0.007
9.621	24.196	0.452	0.007
9.822	24.315	0.453	0.007
10.064	24.227	0.453	0.008
10.402	24.517	0.451	0.008
10.771	25.358	0.448	0.008
10.903	26.448	0.444	0.008
10.773	27.391	0.439	0.008
10.582	28.072	0.434	0.008
10.496	28.643	0.428	0.008
10.547	29.349	0.422	0.008
10.582	30.290	0.415	0.008
10.433	31.353	0.407	0.008
10.230	32.234	0.399	0.009
10.288	32.824	0.391	0.009
10.638	33.481	0.381	0.009
10.999	34.695	0.372	0.009
11.087	36.301	0.362	0.009
11.141	37.179	0.351	0.009
11.596	36.058	0.340	0.009
12.958	33.075	0.329	0.009
15.413	29.883	0.317	0.009
18.762	28.216	0.305	0.009
22.501	28.429	0.292	0.009
26.057	29.708	0.278	0.009
28.941	31.938	0.264	0.009
31.460	36.431	0.248	0.009
34.006	44.616	0.230	0.009
36.843	55.172	0.210	0.010
39.718	63.591	0.188	0.010
41.725	65.805	0.166	0.011
41.888	61.658	0.144	0.011
40.254	54.079	0.124	0.011
39.906	45.747	0.106	0.011
41.041	37.656	0.094	0.011
40.296	30.147	0.088	0.010
35.430	24.334	0.091	0.010
27.874	21.392	0.101	0.009
21.814	20.511	0.117	0.008
19.646	18.862	0.136	0.007
20.249	14.516	0.155	0.007
21.654	8.630	0.172	0.006
23.873	4.131	0.185	0.005
28.309	2.745	0.193	0.005
35.084	3.470	0.197	0.004
41.915	4.103	0.198	0.004
45.806	3.619	0.199	0.003
46.085	2.989	0.201	0.003
44.448	4.028	0.204	0.003
43.402	8.022	0.208	0.004
44.282	15.619	0.213	0.004
46.291	25.818	0.218	0.005
48.085	37.138	0.223	0.007
48.958	48.635	0.229	0.008
49.034	59.643	0.234	0.009
48.547	71.405	0.240	0.011
47.556	86.999	0.246	0.012
45.877	105.006	0.253	0.013
43.496	118.136	0.259	0.014
40.534	120.161	0.264	0.015
37.275	112.980	0.269	0.015
33.601	106.131	0.273	0.016
29.762	106.735	0.277	0.016
26.026	111.428	0.281	0.016
22.566	111.241	0.285	0.016
19.242	101.809	0.287	0.016
16.070	87.735	0.289	0.015
13.012	76.686	0.290	0.015
10.483	71.127	0.291	0.015
8.746	67.067	0.291	0.014
7.681	60.108	0.290	0.013
6.870	50.629	0.290	0.013
6.022	42.427	0.289	0.012
5.140	37.850	0.288	0.011
4.491	35.549	0.286	0.011
4.223	32.860	0.285	0.010
4.245	29.014	0.284	0.009
4.188	25.377	0.282	0.009
3.875	23.285	0.281	0.009
3.438	22.484	0.280	0.008
3.091	21.741	0.278	0.008
2.926	20.462	0.277	0.008
2.846	19.109	0.275	0.007
2.734	18.282	0.274	0.007
2.611	17.910	0.273	0.007
2.617	17.473	0.272	0.007
2.804	16.798	0.271	0.007
3.116	16.225	0.270	0.007
3.408	16.038	0.269	0.006
3.651	15.982	0.268	0.006
3.914	15.664	0.268	0.006
4.249	15.181	0.267	0.006
4.516	14.949	0.267	0.006
4.568	14.965	0.267	0.006
4.478	14.673	0.266	0.006
4.370	13.663	0.267	0.006
4.392	12.342	0.267	0.006
4.566	11.492	0.267	0.006
4.877	11.370	0.268	0.006
5.309	11.407	0.268	0.005
5.843	10.917	0.270	0.005
6.370	9.777	0.271	0.005
6.679	8.470	0.273	0.005
6.796	7.544	0.275	0.005
6.906	7.205	0.277	0.005
7.231	7.283	0.280	0.005
7.775	7.557	0.284	0.004
8.409	7.944	0.288	0.004
8.862	8.414	0.292	0.004
8.930	8.912	0.296	0.004
8.602	9.422	0.300	0.005
8.084	9.949	0.304	0.005
7.639	10.570	0.308	0.005
7.566	11.062	0.313	0.005
7.782	11.206	0.317	0.005
7.931	11.142	0.321	0.005
7.862	11.337	0.326	0.005
7.613	12.003	0.330	0.005
7.354	12.771	0.334	0.005
7.148	12.875	0.338	0.005
6.992	12.133	0.343	0.005
6.808	11.036	0.348	0.005
6.659	10.214	0.353	0.005
6.730	9.791	0.359	0.005
7.295	9.531	0.366	0.005
8.335	9.401	0.373	0.005
9.537	9.661	0.380	0.005
10.678	10.320	0.387	0.005
11.694	10.907	0.394	0.005
12.731	10.912	0.401	0.005
14.008	10.435	0.407	0.005
15.578	10.191	0.413	0.005
17.339	10.728	0.417	0.005
19.315	11.866	0.420	0.005
21.124	12.911	0.421	0.005
22.688	13.381	0.420	0.005
24.263	13.436	0.418	0.005
26.118	13.551	0.415	0.006
28.279	14.091	0.411	0.006
30.509	15.132	0.405	0.006
32.370	16.523	0.396	0.006
33.918	18.049	0.385	0.006
35.761	19.531	0.373	0.006
37.943	20.882	0.360	0.007
40.105	22.300	0.346	0.007
41.666	24.002	0.332	0.007
42.442	25.869	0.319	0.007
42.869	27.608	0.307	0.008
43.583	29.306	0.298	0.008
44.874	31.461	0.292	0.008
46.617	34.454	0.290	0.009
47.788	37.954	0.290	0.009
47.958	41.170	0.294	0.009
47.649	43.860	0.301	0.010
47.841	46.849	0.311	0.010
49.278	51.465	0.322	0.010
51.952	58.629	0.335	0.011
54.621	68.379	0.348	0.012
57.137	80.085	0.362	0.012
59.859	92.967	0.377	0.013
63.999	106.446	0.391	0.014
68.844	120.415	0.404	0.015
72.739	134.482	0.416	0.016
75.178	147.762	0.427	0.017
76.817	159.468	0.437	0.018
77.849	168.888	0.448	0.019
77.639	177.954	0.458	0.019
75.916	190.871	0.468	0.020
73.520	209.080	0.478	0.021
71.999	227.955	0.487	0.022
71.707	238.650	0.497	0.022
71.901	235.738	0.506	0.023
71.242	223.932	0.516	0.023
69.117	212.004	0.525	0.023
66.060	204.459	0.534	0.023
63.186	198.708	0.543	0.023
61.025	190.365	0.552	0.022
59.451	179.438	0.560	0.022
58.565	169.694	0.567	0.021
58.599	163.049	0.574	0.021
59.963	156.880	0.581	0.020
63.179	147.002	0.588	0.020
69.055	132.753	0.594	0.019
76.975	117.620	0.600	0.018
86.010	105.234	0.607	0.018
95.478	95.348	0.613	0.017
104.492	85.343	0.620	0.016
112.088	74.241	0.626	0.015
117.707	64.113	0.632	0.014
120.663	57.295	0.638	0.014
120.873	53.527	0.644	0.013
120.497	50.563	0.650	0.012
120.251	47.135	0.657	0.012
118.190	43.391	0.664	0.011
112.069	39.101	0.670	0.010
102.704	33.099	0.676	0.010
93.402	25.217	0.682	0.009
87.350	17.378	0.687	0.008
84.988	12.135	0.691	0.008
84.479	10.025	0.690	0.007
84.031	9.185	0.684	0.006
83.269	7.609	0.672	0.006
82.278	5.353	0.656	0.005
79.780	4.087	0.638	0.004
74.839	4.939	0.619	0.004
67.699	7.026	0.601	0.004
59.448	8.592	0.584	0.004
51.409	8.854	0.569	0.004
44.169	8.420	0.557	0.004
37.388	8.315	0.546	0.004
30.919	8.830	0.537	0.004
25.243	9.420	0.528	0.005
21.107	9.571	0.520	0.005
18.507	9.157	0.512	0.005
16.862	8.418	0.505	0.005
15.895	7.613	0.499	0.004
15.981	6.823	0.493	0.004
17.737	6.078	0.487	0.004
21.237	5.397	0.481	0.004
25.955	4.708	0.476	0.004
30.718	3.937	0.470	0.004
34.427	3.156	0.464	0.003
37.231	2.600	0.458	0.003
39.676	2.512	0.452	0.003
42.056	2.899	0.446	0.003
44.443	3.572	0.440	0.003
46.183	4.353	0.434	0.003
46.881	5.236	0.428	0.003
46.999	6.287	0.423	0.003
47.181	7.597	0.417	0.004
47.437	9.354	0.411	0.004
47.176	11.854	0.405	0.005
46.773	15.217	0.399	0.005
46.452	19.111	0.394	0.006
46.410	22.812	0.388	0.006
46.692	25.817	0.383	0.007
47.152	28.517	0.378	0.007
47.889	31.988	0.373	0.008
49.009	36.905	0.368	0.008
50.565	42.868	0.363	0.009
52.675	48.628	0.359	0.010
54.985	53.463	0.354	0.010
57.225	57.813	0.349	0.011
59.030	62.207	0.343	0.011
60.374	66.159	0.338	0.012
60.931	68.655	0.332	0.012
60.968	69.355	0.326	0.012
60.580	69.272	0.320	0.013
59.690	69.744	0.314	0.013
58.157	71.099	0.308	0.013
55.865	72.475	0.301	0.013
53.065	72.507	0.294	0.013
50.400	70.105	0.287	0.013
48.341	65.235	0.280	0.013
45.963	59.024	0.273	0.012
41.836	52.775	0.266	0.012
35.939	46.805	0.259	0.012
30.003	40.357	0.251	0.011
26.118	32.773	0.242	0.010
24.706	24.650	0.233	0.010
24.433	17.417	0.223	0.009
23.693	11.993	0.212	0.008
22.210	8.242	0.201	0.007
20.974	5.549	0.189	0.006
21.175	3.854	0.177	0.005
23.099	3.816	0.164	0.004
26.056	6.111	0.152	0.004
29.369	10.980	0.139	0.004
33.207	18.474	0.127	0.005
38.181	28.734	0.115	0.006
44.101	42.087	0.103	0.007
50.381	58.757	0.092	0.009
56.449	78.617	0.083	0.011
61.792	101.105	0.077	0.012
66.439	125.727	0.073	0.014
70.498	152.050	0.073	0.016
74.053	179.735	0.076	0.017
76.618	207.951	0.081	0.019
78.731	235.578	0.087	0.021
80.844	261.996	0.095	0.022
83.284	287.004	0.103	0.024
85.356	310.208	0.110	0.025
86.249	330.537	0.118	0.026
85.741	346.655	0.125	0.027
84.298	358.254	0.131	0.028
83.089	366.202	0.138	0.028
83.102	371.864	0.144	0.029
83.411	375.517	0.150	0.029
79.951	374.418	0.155	0.029
70.409	363.330	0.161	0.029
58.326	337.943	0.166	0.029
50.070	299.003	0.170	0.028
48.810	252.940	0.175	0.027
51.959	207.591	0.179	0.026
55.134	167.414	0.184	0.024
56.502	132.399	0.188	0.022
57.457	100.951	0.193	0.020
59.471	73.721	0.197	0.018
61.302	53.520	0.203	0.016
60.730	41.549	0.211	0.014
57.386	35.038	0.222	0.013
52.463	29.551	0.234	0.011
46.556	22.894	0.247	0.010
39.126	16.299	0.259	0.009
30.897	11.728	0.271	0.008
24.717	9.233	0.282	0.007
24.109	7.309	0.292	0.006
30.029	5.081	0.301	0.005
40.047	3.370	0.310	0.005
50.040	3.655	0.320	0.004
57.415	6.388	0.330	0.004
62.037	10.046	0.340	0.004
66.330	12.686	0.352	0.004
72.913	13.561	0.365	0.004
82.236	13.692	0.380	0.005
93.001	14.960	0.397	0.005
102.450	16.972	0.416	0.005
107.187	16.863	0.436	0.005
104.168	13.050	0.457	0.005
93.263	7.138	0.476	0.005
77.797	2.491	0.493	0.004
62.514	1.875	0.508	0.004
50.094	4.524	0.521	0.003
40.448	7.006	0.534	0.003
32.266	6.914	0.545	0.003
25.160	5.161	0.556	0.003
20.035	4.941	0.567	0.004
17.544	8.818	0.576	0.004
16.898	14.724	0.586	0.005
16.767	19.334	0.595	0.005
16.786	20.785	0.604	0.006
17.287	20.079	0.613	0.006
18.599	19.527	0.621	0.006
20.349	20.459	0.629	0.007
22.300	22.108	0.636	0.007
24.324	22.902	0.641	0.007
26.451	22.225	0.645	0.007
29.115	21.278	0.648	0.007
32.278	21.289	0.650	0.007
35.869	23.286	0.650	0.007
39.467	26.792	0.648	0.008
43.013	29.747	0.645	0.008
46.814	30.627	0.641	0.008
51.466	30.325	0.636	0.008
56.944	32.281	0.629	0.009
62.889	40.435	0.621	0.009
68.824	53.277	0.611	0.010
74.362	65.859	0.600	0.011
79.163	74.565	0.588	0.011
83.039	80.507	0.576	0.012
85.239	87.006	0.563	0.013
84.809	95.275	0.550	0.014
82.370	102.235	0.535	0.014
80.855	103.864	0.521	0.015
82.100	99.645	0.505	0.015
84.639	93.629	0.490	0.015
85.662	90.330	0.474	0.015
83.785	90.961	0.459	0.015
80.625	92.777	0.444	0.015
78.750	92.495	0.430	0.015
78.662	88.692	0.416	0.015
78.484	82.108	0.402	0.014
76.596	74.064	0.388	0.014
73.497	65.674	0.375	0.014
71.103	57.696	0.361	0.013
70.449	50.828	0.348	0.013
70.664	45.412	0.334	0.012
69.955	41.235	0.320	0.011
67.363	37.749	0.305	0.011
64.139	34.630	0.291	0.010
61.713	32.001	0.276	0.010
60.347	30.253	0.260	0.009
59.380	29.578	0.244	0.009
58.098	29.862	0.227	0.009
56.564	31.045	0.209	0.009
54.846	33.309	0.190	0.009
52.670	36.604	0.170	0.009
49.823	40.592	0.150	0.009
46.726	44.849	0.128	0.010
44.906	49.089	0.106	0.010
44.028	53.225	0.083	0.010
43.192	57.006	0.060	0.011
42.126	60.015	0.040	0.011
41.131	62.420	0.029	0.012
40.867	64.964	0.033	0.012
41.911	68.386	0.054	0.012
43.896	72.829	0.083	0.013
46.654	77.492	0.114	0.013
49.133	80.801	0.142	0.013
50.014	81.561	0.167	0.013
49.318	79.803	0.191	0.014
48.687	76.835	0.215	0.014
49.251	74.190	0.238	0.014
51.509	72.372	0.258	0.014
52.839	70.633	0.275	0.013
51.456	67.958	0.292	0.013
48.013	64.131	0.307	0.013
44.790	59.686	0.320	0.013
43.500	55.330	0.331	0.012
43.949	51.663	0.340	0.012
43.581	49.230	0.348	0.012
41.226	48.365	0.357	0.011
37.731	48.499	0.365	0.011
35.014	47.922	0.372	0.011
33.549	44.942	0.379	0.011
32.345	39.402	0.386	0.010
30.186	32.964	0.394	0.010
27.131	27.748	0.403	0.009
24.089	24.435	0.412	0.009
21.656	21.984	0.424	0.008
19.713	19.131	0.438	0.008
17.607	15.805	0.454	0.007
15.140	12.887	0.475	0.007
12.697	10.999	0.500	0.006
10.742	9.757	0.530	0.006
10.270	8.443	0.566	0.005
10.053	6.867	0.606	0.005
8.895	5.382	0.649	0.004
6.961	4.288	0.691	0.004
5.583	3.510	0.730	0.004
6.555	2.890	0.763	0.003
11.047	2.504	0.791	0.003
17.191	2.621	0.815	0.003
21.041	3.365	0.834	0.003
20.123	4.481	0.849	0.003
15.450	5.498	0.861	0.003
10.127	6.045	0.870	0.003
6.686	5.941	0.878	0.003
5.620	5.013	0.884	0.003
5.265	3.966	0.887	0.003
4.631	3.238	0.889	0.003
4.229	2.675	0.888	0.003
5.467	2.093	0.886	0.003
9.170	1.976	0.883	0.003
15.577	2.775	0.879	0.002
24.808	4.028	0.872	0.002
36.339	4.591	0.860	0.002
47.928	4.013	0.843	0.003
56.370	3.476	0.823	0.003
59.162	5.021	0.800	0.003
55.633	10.000	0.776	0.004
47.727	18.273	0.754	0.005
39.035	28.532	0.733	0.006
32.287	38.620	0.714	0.007
27.904	45.564	0.695	0.008
24.739	47.004	0.678	0.008
21.637	42.987	0.661	0.009
18.685	36.141	0.645	0.009
16.252	29.863	0.630	0.009
14.485	25.975	0.616	0.009
12.994	23.989	0.603	0.009
11.522	22.563	0.590	0.008
10.135	21.088	0.577	0.008
9.042	19.760	0.564	0.008
8.280	18.703	0.552	0.007
7.631	17.564	0.540	0.007
6.925	15.991	0.529	0.007
6.234	14.170	0.519	0.006
5.703	12.631	0.509	0.006
5.329	11.609	0.499	0.006
4.963	10.856	0.490	0.006
4.514	10.043	0.482	0.005
4.090	9.126	0.475	0.005
3.813	8.270	0.467	0.005
3.662	7.514	0.461	0.005
3.548	6.696	0.454	0.004
3.345	5.699	0.449	0.004
3.115	4.670	0.443	0.004
2.986	3.916	0.439	0.004
2.979	3.593	0.436	0.004
3.017	3.585	0.433	0.003
3.018	3.664	0.431	0.003
2.959	3.714	0.429	0.003
2.884	3.787	0.428	0.003
2.834	3.963	0.427	0.003
2.813	4.217	0.425	0.003
2.806	4.441	0.424	0.003
2.810	4.533	0.423	0.003
2.820	4.495	0.423	0.003
2.876	4.405	0.422	0.003
2.932	4.346	0.423	0.003
2.998	4.350	0.424	0.003
3.032	4.387	0.425	0.003
3.004	4.438	0.428	0.003
2.981	4.521	0.430	0.003
2.996	4.644	0.432	0.003
3.014	4.766	0.434	0.003
3.017	4.823	0.437	0.003
3.011	4.801	0.440	0.003
3.102	4.806	0.443	0.003
3.252	4.916	0.445	0.003
3.325	5.035	0.446	0.003
3.319	4.930	0.447	0.003
3.260	4.474	0.448	0.003
3.243	3.786	0.449	0.003
3.295	3.150	0.448	0.003
3.401	2.768	0.446	0.003
3.565	2.693	0.442	0.003
3.702	2.835	0.437	0.003
3.852	3.085	0.432	0.003
4.010	3.276	0.427	0.003
4.309	3.320	0.421	0.003
4.719	3.339	0.414	0.003
5.362	3.580	0.406	0.003
5.897	4.143	0.398	0.003
6.098	4.908	0.390	0.003
6.117	5.488	0.382	0.003
6.284	5.805	0.372	0.003
6.916	6.084	0.360	0.004
7.794	6.521	0.347	0.004
8.541	7.018	0.332	0.004
8.987	7.345	0.317	0.004
9.235	7.440	0.301	0.004
9.774	7.508	0.286	0.004
10.611	7.866	0.270	0.004
11.337	8.562	0.253	0.004
11.678	9.341	0.236	0.004
11.904	9.903	0.219	0.005
12.591	10.180	0.203	0.005
13.844	10.336	0.187	0.005
15.215	10.585	0.173	0.005
16.406	10.985	0.162	0.005
17.582	11.482	0.155	0.005
19.253	12.023	0.151	0.005
21.662	12.633	0.151	0.005
24.351	13.448	0.153	0.005
26.516	14.598	0.156	0.006
27.953	15.942	0.159	0.006
29.146	16.969	0.162	0.006
30.317	17.198	0.165	0.006
31.575	16.729	0.168	0.006
32.835	16.308	0.172	0.006
34.169	16.656	0.179	0.006
35.442	17.917	0.188	0.006
36.539	19.529	0.201	0.007
37.167	20.751	0.216	0.007
37.453	21.404	0.236	0.007
37.634	22.025	0.261	0.007
38.051	23.302	0.289	0.007
38.648	25.297	0.321	0.007
39.310	27.209	0.354	0.008
39.983	28.078	0.385	0.008
40.782	27.808	0.415	0.008
42.055	27.316	0.442	0.008
43.435	27.782	0.466	0.008
44.663	29.767	0.488	0.008
45.700	32.950	0.506	0.009
46.392	36.467	0.522	0.009
46.892	39.505	0.534	0.009
47.477	41.806	0.544	0.009
49.116	43.918	0.552	0.010
51.800	46.889	0.558	0.010
54.328	51.645	0.562	0.011
56.188	58.527	0.564	0.011
58.047	66.872	0.565	0.012
61.077	75.140	0.564	0.012
66.016	82.461	0.562	0.013
72.217	88.787	0.559	0.013
78.691	95.385	0.555	0.014
84.864	104.330	0.551	0.015
90.320	115.827	0.548	0.015
94.419	128.811	0.545	0.016
97.649	142.117	0.543	0.017
99.917	154.955	0.542	0.018
101.666	168.001	0.542	0.019
102.153	182.200	0.542	0.019
100.900	197.513	0.544	0.020
98.440	214.676	0.546	0.021
95.349	232.910	0.549	0.022
92.297	249.051	0.553	0.023
89.459	258.806	0.557	0.023
86.935	260.694	0.561	0.024
85.238	257.969	0.566	0.024
84.219	254.574	0.571	0.024
83.160	251.261	0.576	0.025
80.910	246.358	0.581	0.024
76.539	239.151	0.585	0.024
70.434	230.637	0.588	0.024
64.971	220.383	0.592	0.024
62.288	205.485	0.594	0.023
62.871	184.036	0.597	0.022
65.235	158.285	0.599	0.022
66.871	133.962	0.601	0.021
66.985	115.354	0.603	0.019
66.068	101.979	0.604	0.018
64.425	90.441	0.606	0.017
62.684	78.547	0.608	0.016
61.147	66.977	0.609	0.015
59.688	57.247	0.610	0.014
58.354	49.216	0.611	0.013
57.580	41.594	0.612	0.012
57.168	34.019	0.613	0.011
56.924	28.029	0.614	0.010
56.589	25.263	0.616	0.009
56.564	25.327	0.617	0.009
56.680	26.114	0.619	0.008
56.767	26.140	0.621	0.008
56.687	26.083	0.622	0.008
56.473	27.763	0.623	0.008
57.006	31.792	0.624	0.008
58.185	36.884	0.623	0.009
59.492	41.377	0.621	0.009
60.410	45.036	0.618	0.009
61.078	49.180	0.614	0.010
62.213	54.907	0.608	0.010
64.796	61.531	0.599	0.011
68.779	67.719	0.589	0.012
73.084	73.147	0.576	0.012
76.728	78.685	0.562	0.013
80.071	84.938	0.546	0.013
82.939	90.882	0.528	0.014
85.997	94.998	0.509	0.014
88.068	97.207	0.489	0.014
88.798	98.321	0.469	0.015
88.806	98.588	0.448	0.015
88.858	97.314	0.427	0.015
89.016	93.900	0.407	0.015
89.448	89.203	0.387	0.015
89.078	84.785	0.369	0.015
86.953	81.059	0.353	0.015
83.799	77.258	0.339	0.014
80.410	72.851	0.327	0.014
77.679	68.383	0.318	0.014
75.898	64.847	0.311	0.013
74.451	62.537	0.306	0.013
72.217	60.430	0.304	0.013
69.013	57.627	0.305	0.012
65.417	54.354	0.307	0.012
62.160	52.056	0.311	0.012
59.933	52.016	0.317	0.012
58.585	54.219	0.324	0.012
57.335	57.297	0.332	0.012
56.565	59.859	0.340	0.012
56.169	61.552	0.349	0.012
55.870	62.898	0.359	0.012
55.025	64.229	0.368	0.012
54.020	65.097	0.376	0.012
52.906	64.845	0.385	0.012
51.663	63.476	0.392	0.012
50.304	61.677	0.399	0.012
48.973	59.741	0.405	0.012
48.079	57.463	0.410	0.012
47.867	54.501	0.414	0.012
48.186	50.871	0.417	0.012
47.655	46.581	0.420	0.011
45.390	41.186	0.423	0.011
41.789	34.499	0.426	0.010
37.550	27.777	0.428	0.010
33.348	23.559	0.430	0.009
29.552	23.529	0.433	0.009
26.310	26.225	0.435	0.008
23.965	27.824	0.438	0.008
22.318	25.518	0.442	0.008
20.364	19.734	0.445	0.007
17.364	13.295	0.447	0.007
13.364	8.676	0.449	0.006
9.316	6.217	0.450	0.006
6.255	4.823	0.451	0.005
4.451	3.655	0.450	0.005
3.371	2.712	0.449	0.004
2.723	2.137	0.447	0.003
2.380	1.668	0.445	0.003
2.564	0.960	0.442	0.002
3.434	0.161	0.439	0.002
5.070	-0.069	0.436	0.001
8.316	0.981	0.432	0.001
14.409	3.696	0.427	0.002
22.231	8.093	0.422	0.003
29.499	13.805	0.417	0.003
33.696	20.008	0.412	0.005
31.872	25.398	0.408	0.005
25.580	28.565	0.405	0.006
19.188	28.840	0.402	0.007
15.701	26.724	0.401	0.007
14.706	23.453	0.400	0.007
13.767	20.197	0.400	0.007
11.429	17.579	0.400	0.007
8.610	15.744	0.400	0.007
7.102	14.666	0.399	0.007
7.317	14.273	0.399	0.006
7.927	14.363	0.398	0.006
7.640	14.523	0.397	0.006
6.523	14.418	0.396	0.006
5.584	14.056	0.395	0.006
5.382	13.678	0.394	0.006
5.477	13.409	0.393	0.006
5.229	13.082	0.392	0.006
4.597	12.414	0.390	0.006
4.041	11.375	0.388	0.005
3.881	10.203	0.386	0.005
3.914	9.142	0.384	0.005
3.808	8.191	0.382	0.005
3.492	7.188	0.380	0.005
3.202	6.081	0.378	0.004
3.113	5.030	0.376	0.004
3.173	4.244	0.375	0.004
3.176	3.750	0.374	0.004
3.094	3.375	0.373	0.003
3.029	2.971	0.374	0.003
3.053	2.547	0.374	0.003
3.124	2.230	0.375	0.003
3.177	2.120	0.376	0.003
3.197	2.192	0.378	0.002
3.245	2.265	0.382	0.002
3.361	2.200	0.387	0.002
3.506	1.983	0.392	0.002
3.635	1.735	0.398	0.002
3.763	1.578	0.406	0.002
3.891	1.525	0.414	0.002
3.995	1.494	0.422	0.002
4.111	1.426	0.430	0.002
4.257	1.345	0.437	0.002
4.391	1.290	0.445	0.002
4.481	1.232	0.452	0.002
4.508	1.112	0.460	0.002
4.475	0.929	0.467	0.002
4.391	0.750	0.474	0.002
4.316	0.637	0.480	0.001
4.269	0.591	0.486	0.001
4.277	0.571	0.491	0.001
4.304	0.563	0.496	0.001
4.308	0.605	0.501	0.001
4.263	0.747	0.505	0.001
4.108	1.001	0.509	0.001
3.809	1.330	0.513	0.001
3.413	1.696	0.517	0.002
3.050	2.108	0.520	0.002
2.808	2.616	0.523	0.002
2.685	3.253	0.526	0.002
2.544	4.010	0.528	0.003
2.320	4.844	0.529	0.003
2.086	5.702	0.530	0.003
1.967	6.533	0.530	0.003
2.033	7.265	0.529	0.004
2.165	7.824	0.527	0.004
2.204	8.135	0.525	0.004
2.133	8.148	0.521	0.004
2.058	7.896	0.517	0.004
2.032	7.508	0.511	0.004
2.002	7.149	0.505	0.004
1.890	6.904	0.499	0.004
1.680	6.755	0.494	0.004
1.467	6.640	0.489	0.004
1.449	6.508	0.483	0.004
1.522	6.305	0.478	0.004
1.554	5.972	0.472	0.004
1.400	5.500	0.466	0.004
1.227	4.986	0.459	0.004
1.131	4.569	0.452	0.004
1.113	4.309	0.443	0.004
1.090	4.140	0.437	0.003
1.020	3.945	0.433	0.003
0.966	3.682	0.433	0.003
0.955	3.408	0.437	0.003
0.927	3.182	0.446	0.003
0.812	2.990	0.458	0.003
0.670	2.768	0.473	0.003
0.594	2.481	0.487	0.003
0.624	2.158	0.501	0.003
0.690	1.880	0.515	0.002
0.707	1.708	0.530	0.002
0.677	1.626	0.545	0.002
0.663	1.551	0.560	0.002
0.681	1.403	0.573	0.002
0.698	1.170	0.585	0.002
0.680	0.912	0.597	0.002
0.628	0.700	0.610	0.002
0.569	0.549	0.623	0.001
0.531	0.429	0.635	0.001
0.510	0.316	0.645	0.001
0.488	0.213	0.653	0.001
0.460	0.138	0.657	0.001
0.440	0.093	0.659	0.001
0.422	0.061	0.658	0.001
0.410	0.029	0.656	0.001
0.393	0.004	0.652	0.000
0.371	-0.002	0.647	0.000
0.347	0.013	0.640	0.000
0.347	0.037	0.632	0.000
0.360	0.060	0.623	0.000
0.357	0.085	0.613	0.000
0.327	0.113	0.603	0.000
0.286	0.134	0.591	0.000
0.264	0.139	0.580	0.000
0.285	0.127	0.569	0.000
0.362	0.106	0.559	0.000
0.442	0.087	0.550	0.000
0.476	0.074	0.541	0.000
0.468	0.067	0.533	0.000
0.459	0.063	0.527	0.000
0.484	0.060	0.521	0.000
0.532	0.054	0.517	0.000
0.556	0.046	0.514	0.000
0.569	0.042	0.512	0.000
0.566	0.045	0.511	0.000
0.525	0.061	0.511	0.000
0.445	0.083	0.512	0.000
0.354	0.107	0.512	0.000
0.289	0.126	0.510	0.000
0.269	0.135	0.509	0.000
0.281	0.133	0.508	0.000
0.288	0.121	0.507	0.001
0.295	0.104	0.507	0.001
0.315	0.086	0.505	0.000
0.366	0.072	0.503	0.000
0.453	0.069	0.500	0.000
0.579	0.084	0.496	0.000
0.756	0.116	0.489	0.000
0.980	0.168	0.480	0.001
1.236	0.256	0.467	0.001
1.543	0.406	0.452	0.001
2.049	0.644	0.435	0.001
2.784	0.960	0.416	0.001
3.641	1.290	0.397	0.001
4.314	1.544	0.375	0.001
4.523	1.671	0.352	0.002
4.486	1.717	0.327	0.002
4.708	1.796	0.302	0.002
5.584	1.986	0.278	0.002
7.165	2.282	0.252	0.002
9.173	2.638	0.226	0.002
11.253	3.075	0.198	0.002
13.123	3.665	0.171	0.003
14.672	4.421	0.148	0.003
15.829	5.265	0.130	0.003
16.432	6.124	0.122	0.003
16.416	7.047	0.125	0.004
15.943	8.169	0.142	0.004
15.296	9.550	0.168	0.004
14.635	11.106	0.200	0.005
14.017	12.710	0.235	0.005
13.471	14.312	0.271	0.005
13.089	15.974	0.307	0.006
13.089	17.803	0.344	0.006
13.603	19.894	0.381	0.006
14.567	22.326	0.416	0.007
15.760	25.198	0.450	0.007
17.072	28.575	0.481	0.008
18.027	32.485	0.509	0.008
19.148	36.942	0.536	0.008
20.852	42.003	0.561	0.009
23.084	47.543	0.583	0.010
25.183	53.044	0.604	0.010
26.469	57.990	0.624	0.011
26.542	62.364	0.642	0.011
25.814	66.522	0.660	0.012
24.762	70.529	0.675	0.012
23.699	73.586	0.690	0.012
23.816	74.512	0.703	0.013
23.971	72.773	0.714	0.013
23.384	68.794	0.725	0.013
21.870	63.537	0.734	0.013
20.482	57.854	0.741	0.012
20.110	52.117	0.747	0.012
20.785	46.439	0.753	0.012
21.691	41.030	0.758	0.011
21.935	36.209	0.763	0.011
21.579	32.231	0.766	0.010
21.202	29.026	0.770	0.010
21.138	26.229	0.773	0.009
21.092	23.492	0.777	0.009
20.545	20.766	0.780	0.008
19.352	18.287	0.784	0.008
17.891	16.304	0.787	0.007
16.490	14.805	0.791	0.007
15.153	13.533	0.794	0.006
13.700	12.238	0.797	0.006
12.076	10.887	0.800	0.006
10.375	9.618	0.802	0.005
8.708	8.563	0.804	0.005
7.151	7.741	0.806	0.005
5.723	7.076	0.808	0.005
4.475	6.523	0.810	0.004
3.463	6.056	0.811	0.004
2.669	5.652	0.813	0.004
2.024	5.259	0.814	0.004
1.500	4.825	0.815	0.004
1.119	4.351	0.816	0.004
0.929	3.873	0.817	0.003
0.855	3.414	0.819	0.003
0.774	2.971	0.820	0.003
0.633	2.540	0.821	0.003
0.481	2.137	0.823	0.003
0.394	1.793	0.825	0.002
0.381	1.519	0.828	0.002
0.389	1.300	0.831	0.002
0.356	1.114	0.835	0.002
0.285	0.957	0.840	0.002
0.225	0.836	0.846	0.002
0.211	0.753	0.852	0.002
0.219	0.696	0.858	0.001
0.214	0.646	0.866	0.001
0.188	0.593	0.873	0.001
0.173	0.540	0.881	0.001
0.203	0.493	0.888	0.001
0.244	0.452	0.895	0.001
0.251	0.410	0.902	0.001
0.208	0.366	0.908	0.001
0.150	0.327	0.913	0.001
0.127	0.299	0.917	0.001
0.141	0.285	0.920	0.001
0.153	0.280	0.922	0.001
0.141	0.277	0.923	0.001
0.117	0.271	0.924	0.001
0.109	0.266	0.923	0.001
0.115	0.259	0.921	0.001
0.115	0.248	0.919	0.001
0.098	0.228	0.916	0.001
0.078	0.203	0.915	0.001
0.074	0.179	0.914	0.001
0.081	0.165	0.913	0.001
0.082	0.159	0.912	0.001
0.069	0.154	0.911	0.001
0.051	0.144	0.910	0.001
0.045	0.129	0.909	0.001
0.053	0.116	0.908	0.001
0.060	0.111	0.907	0.001
0.058	0.114	0.905	0.001
0.047	0.118	0.904	0.001
0.040	0.115	0.902	0.001
0.041	0.103	0.901	0.001
0.044	0.089	0.899	0.001
0.043	0.080	0.897	0.000
0.038	0.076	0.895	0.000
0.033	0.072	0.893	0.000
0.032	0.066	0.891	0.000
0.032	0.059	0.889	0.000
0.031	0.053	0.887	0.000
0.027	0.051	0.885	0.000
0.025	0.051	0.883	0.000
0.024	0.052	0.880	0.000
0.025	0.053	0.878	0.000
0.024	0.056	0.874	0.000
0.023	0.062	0.871	0.000
0.022	0.068	0.867	0.000
0.023	0.075	0.863	0.000
0.026	0.080	0.857	0.000
0.031	0.083	0.851	0.000
0.035	0.085	0.845	0.000
0.039	0.087	0.837	0.000
0.042	0.088	0.828	0.000
0.050	0.084	0.818	0.000
0.058	0.077	0.807	0.000
0.065	0.074	0.795	0.000
0.067	0.078	0.782	0.000
0.063	0.089	0.769	0.000
0.057	0.100	0.755	0.000
0.054	0.108	0.740	0.000
0.053	0.110	0.726	0.000
0.052	0.110	0.711	0.000
0.047	0.110	0.697	0.001
0.040	0.111	0.683	0.001
0.033	0.114	0.670	0.001
0.029	0.118	0.657	0.001
0.028	0.123	0.644	0.001
0.028	0.127	0.632	0.001
0.028	0.126	0.620	0.001
0.028	0.122	0.609	0.001
0.029	0.118	0.599	0.001
0.029	0.117	0.589	0.001
0.029	0.118	0.579	0.001
0.027	0.118	0.570	0.001
0.025	0.116	0.563	0.001
0.023	0.114	0.556	0.001
0.023	0.111	0.552	0.001
0.022	0.107	0.549	0.001
0.019	0.100	0.548	0.001
0.016	0.092	0.550	0.000
0.014	0.083	0.554	0.000
0.015	0.077	0.561	0.000
0.015	0.073	0.570	0.000
0.015	0.072	0.582	0.000
0.014	0.071	0.597	0.000
0.014	0.069	0.613	0.000
0.015	0.065	0.630	0.000
0.015	0.061	0.648	0.000
0.015	0.059	0.666	0.000
0.015	0.061	0.684	0.000
0.019	0.067	0.703	0.000
0.025	0.075	0.725	0.000
0.028	0.080	0.748	0.000
0.026	0.077	0.771	0.000
0.021	0.068	0.795	0.000
0.019	0.056	0.816	0.000
0.019	0.048	0.836	0.000
0.019	0.046	0.853	0.000
0.018	0.045	0.865	0.000
0.015	0.042	0.875	0.000
0.012	0.035	0.882	0.000
0.013	0.028	0.888	0.000
0.016	0.025	0.893	0.000
0.017	0.025	0.897	0.000
0.017	0.027	0.901	0.000
0.015	0.029	0.904	0.000
0.015	0.032	0.906	0.000
0.015	0.036	0.908	0.000
0.016	0.039	0.910	0.000
0.017	0.040	0.911	0.000
0.018	0.038	0.911	0.000
0.022	0.036	0.911	0.000
0.024	0.035	0.910	0.000
0.024	0.036	0.909	0.000
0.023	0.036	0.908	0.000
0.023	0.034	0.908	0.000
0.029	0.030	0.908	0.000
0.040	0.027	0.908	0.000
0.056	0.027	0.909	0.000
0.083	0.030	0.911	0.000
0.142	0.034	0.912	0.000
0.270	0.036	0.913	0.000
0.522	0.035	0.913	0.000
0.962	0.032	0.913	0.000
1.645	0.031	0.912	0.000
2.607	0.032	0.910	0.000
3.843	0.033	0.904	0.000
5.272	0.033	0.896	0.000
6.864	0.032	0.884	0.000
8.795	0.040	0.871	0.000
10.766	0.062	0.857	0.000
12.340	0.096	0.845	0.000
13.263	0.134	0.831	0.000
13.616	0.174	0.818	0.001
13.642	0.219	0.806	0.001
13.465	0.270	0.795	0.001
12.756	0.315	0.787	0.001
11.440	0.342	0.783	0.001
9.726	0.358	0.783	0.001
8.035	0.381	0.785	0.001
6.598	0.415	0.789	0.001
5.341	0.440	0.793	0.001
4.090	0.435	0.797	0.001
2.879	0.400	0.801	0.001
1.903	0.355	0.804	0.001
1.285	0.311	0.805	0.001
0.933	0.264	0.804	0.001
0.672	0.208	0.799	0.001
0.427	0.149	0.791	0.001
0.257	0.106	0.781	0.001
0.217	0.091	0.768	0.001
0.263	0.101	0.755	0.001
