0.000	0.000	0.000	0.000
0.000	0.000	0.000	0.000
0.001	0.000	0.000	0.000
0.002	0.000	0.000	0.000
0.002	0.001	0.000	0.000
0.002	0.002	0.000	0.000
0.002	0.006	0.000	0.000
0.002	0.010	0.000	0.000
0.003	0.012	0.000	0.000
0.004	0.013	0.000	0.000
0.003	0.013	0.000	0.000
0.002	0.015	0.000	0.000
0.002	0.016	0.000	0.000
0.002	0.018	0.000	0.000
0.003	0.018	0.000	0.000
0.003	0.018	0.000	0.000
0.003	0.016	0.000	0.000
0.003	0.015	0.000	0.000
0.003	0.014	0.000	0.000
0.003	0.014	0.000	0.000
0.003	0.013	0.000	0.000
0.003	0.012	0.000	0.000
0.002	0.012	0.000	0.000
0.002	0.011	0.000	0.000
0.002	0.011	0.000	0.000
0.002	0.010	0.000	0.000
0.002	0.010	0.000	0.000
0.001	0.009	0.000	0.000
0.001	0.009	0.000	0.000
0.002	0.008	0.000	0.000
0.002	0.007	0.000	0.000
0.002	0.006	0.000	0.000
0.003	0.005	0.000	0.000
0.003	0.003	0.000	0.000
0.003	0.002	0.000	0.000
0.002	0.002	0.000	0.000
0.002	0.001	0.000	0.000
0.002	0.001	0.000	0.000
0.003	0.001	0.000	0.000
0.004	0.001	0.000	0.000
0.003	0.001	0.000	0.000
0.003	0.000	0.000	0.000
0.003	0.000	0.000	0.000
0.003	0.000	0.000	0.000
0.004	0.000	0.000	0.000
0.003	0.001	0.000	0.000
0.003	0.001	0.000	0.000
0.003	0.001	0.000	0.000
0.003	0.001	0.000	0.000
0.003	0.001	0.000	0.000
0.003	0.001	0.000	0.000
0.002	0.002	0.000	0.000
0.002	0.002	0.000	0.000
0.002	0.002	0.000	0.000
0.002	0.001	0.000	0.000
0.001	0.002	0.000	0.000
0.001	0.002	0.000	0.000
0.001	0.002	0.000	0.000
0.002	0.003	0.000	0.000
0.002	0.003	0.000	0.000
0.002	0.002	0.000	0.000
0.002	0.002	0.000	0.000
0.003	0.003	0.000	0.000
0.003	0.003	0.000	0.000
0.004	0.004	0.000	0.000
0.005	0.004	0.000	0.000
0.005	0.004	0.000	0.000
0.004	0.004	0.000	0.000
0.003	0.003	0.000	0.000
0.003	0.004	0.000	0.000
0.003	0.004	0.000	0.000
0.003	0.005	0.000	0.000
0.002	0.005	0.000	0.000
0.002	0.005	0.000	0.000
0.002	0.006	0.000	0.000
0.002	0.007	0.000	0.000
0.003	0.008	0.000	0.000
0.004	0.008	0.000	0.000
0.004	0.009	0.000	0.000
0.005	0.009	0.000	0.000
0.006	0.008	0.000	0.000
0.007	0.008	0.000	0.000
0.008	0.008	0.000	0.000
0.009	0.008	0.000	0.000
0.009	0.008	0.000	0.000
0.009	0.008	0.000	0.000
0.008	0.007	0.000	0.000
0.007	0.006	0.000	0.000
0.007	0.005	0.000	0.000
0.010	0.004	0.000	0.000
0.019	0.004	0.000	0.000
0.042	0.003	0.000	0.000
0.106	0.002	0.000	0.000
0.260	0.001	0.000	0.000
0.539	0.000	0.000	0.000
0.945	0.002	0.000	0.000
1.487	0.009	0.000	0.000
2.210	0.023	0.000	0.000
3.075	0.040	0.000	0.000
3.996	0.051	0.000	0.000
4.859	0.048	0.143	0.000
5.563	0.040	0.438	0.000
6.051	0.040	0.749	0.000
6.365	0.052	0.906	0.000
6.574	0.067	0.875	0.000
6.661	0.069	0.766	0.000
6.636	0.053	0.718	0.000
6.505	0.032	0.760	0.000
6.348	0.021	0.807	0.000
6.122	0.021	0.790	0.000
5.788	0.022	0.732	0.000
5.328	0.018	0.700	0.000
4.783	0.012	0.714	0.000
4.220	0.012	0.733	0.000
3.718	0.022	0.712	0.000
3.268	0.041	0.657	0.000
2.833	0.059	0.608	0.000
2.391	0.068	0.583	0.000
1.987	0.067	0.567	0.000
1.692	0.060	0.535	0.000
1.496	0.057	0.486	0.000
1.319	0.062	0.441	0.000
1.107	0.069	0.413	0.000
0.876	0.068	0.394	0.000
0.694	0.058	0.369	0.000
0.592	0.047	0.338	0.000
0.540	0.045	0.309	0.000
0.480	0.053	0.292	0.000
0.396	0.063	0.282	0.000
0.319	0.065	0.271	0.000
0.281	0.055	0.255	0.000
0.272	0.039	0.239	0.000
0.259	0.027	0.228	0.000
0.227	0.021	0.223	0.000
0.191	0.021	0.220	0.000
0.175	0.019	0.218	0.000
0.183	0.015	0.220	0.000
0.191	0.010	0.229	0.000
0.180	0.006	0.246	0.000
0.155	0.005	0.265	0.000
0.151	0.004	0.284	0.000
0.156	0.003	0.301	0.000
0.147	0.002	0.316	0.000
0.112	0.004	0.331	0.000
0.067	0.006	0.344	0.000
0.042	0.010	0.356	0.000
0.045	0.013	0.366	0.000
0.058	0.016	0.374	0.000
0.056	0.021	0.381	0.000
0.038	0.027	0.388	0.000
0.020	0.031	0.392	0.000
0.016	0.031	0.395	0.000
0.022	0.027	0.397	0.000
0.025	0.022	0.398	0.000
0.020	0.019	0.398	0.000
0.013	0.019	0.397	0.000
0.011	0.022	0.394	0.000
0.014	0.027	0.389	0.000
0.016	0.034	0.384	0.000
0.014	0.045	0.380	0.000
0.011	0.058	0.377	0.000
0.010	0.069	0.377	0.000
0.013	0.071	0.378	0.000
0.015	0.067	0.381	0.000
0.016	0.059	0.386	0.000
0.016	0.054	0.392	0.000
0.017	0.054	0.398	0.000
0.019	0.058	0.406	0.000
0.020	0.061	0.412	0.000
0.019	0.061	0.418	0.000
0.018	0.060	0.423	0.000
0.020	0.060	0.427	0.000
0.021	0.061	0.430	0.000
0.019	0.061	0.433	0.000
0.014	0.058	0.435	0.000
0.008	0.055	0.439	0.000
0.007	0.051	0.444	0.000
0.009	0.050	0.452	0.000
0.011	0.049	0.460	0.000
0.011	0.046	0.469	0.000
0.009	0.042	0.478	0.000
0.008	0.036	0.487	0.000
0.008	0.032	0.496	0.000
0.009	0.029	0.506	0.000
0.010	0.027	0.515	0.000
0.009	0.024	0.523	0.000
0.008	0.022	0.529	0.000
0.007	0.020	0.536	0.000
0.007	0.019	0.541	0.000
0.006	0.018	0.547	0.000
0.005	0.015	0.553	0.000
0.004	0.012	0.559	0.000
0.004	0.011	0.564	0.000
0.004	0.011	0.569	0.000
0.004	0.010	0.574	0.000
0.004	0.009	0.580	0.000
0.003	0.007	0.588	0.000
0.003	0.006	0.599	0.000
0.004	0.006	0.613	0.000
0.004	0.006	0.627	0.000
0.004	0.007	0.640	0.000
0.004	0.008	0.650	0.000
0.003	0.009	0.656	0.000
0.003	0.010	0.660	0.000
0.003	0.010	0.662	0.000
0.003	0.009	0.663	0.000
0.002	0.008	0.664	0.000
0.002	0.006	0.663	0.000
0.002	0.006	0.659	0.000
0.003	0.006	0.653	0.000
0.003	0.006	0.648	0.000
0.003	0.005	0.644	0.000
0.003	0.004	0.639	0.000
0.003	0.004	0.631	0.000
0.003	0.003	0.621	0.000
0.003	0.003	0.610	0.000
0.003	0.002	0.599	0.000
0.003	0.002	0.587	0.000
0.003	0.002	0.575	0.000
0.003	0.002	0.562	0.000
0.003	0.001	0.549	0.000
0.004	0.001	0.535	0.000
0.004	0.001	0.522	0.000
0.004	0.001	0.509	0.000
0.004	0.001	0.495	0.000
0.005	0.001	0.481	0.000
0.005	0.001	0.467	0.000
0.005	0.001	0.454	0.000
0.004	0.001	0.442	0.000
0.004	0.001	0.432	0.000
0.003	0.001	0.423	0.000
0.003	0.001	0.415	0.000
0.002	0.002	0.410	0.000
0.002	0.002	0.406	0.000
0.002	0.001	0.404	0.000
0.002	0.001	0.403	0.000
0.002	0.001	0.406	0.000
0.002	0.001	0.414	0.000
0.002	0.001	0.427	0.000
0.002	0.000	0.447	0.000
0.003	0.000	0.473	0.000
0.003	0.000	0.501	0.000
0.004	0.001	0.529	0.000
0.005	0.001	0.554	0.000
0.007	0.001	0.576	0.000
0.010	0.001	0.595	0.000
0.015	0.000	0.611	0.000
0.022	0.000	0.626	0.000
0.032	0.001	0.638	0.000
0.045	0.001	0.649	0.000
0.062	0.001	0.660	0.000
0.085	0.001	0.670	0.000
0.116	0.001	0.680	0.000
0.154	0.004	0.689	0.000
0.255	0.010	0.697	0.000
0.370	0.015	0.704	0.000
0.463	0.019	0.712	0.000
0.508	0.022	0.721	0.000
0.556	0.027	0.732	0.000
0.632	0.031	0.744	0.000
0.762	0.032	0.759	0.000
0.925	0.024	0.775	0.000
1.083	0.013	0.793	0.000
1.227	0.009	0.812	0.000
1.392	0.018	0.831	0.000
1.603	0.034	0.849	0.000
1.872	0.042	0.868	0.000
2.149	0.033	0.885	0.000
2.395	0.020	0.901	0.000
2.595	0.021	0.915	0.000
2.792	0.049	0.926	0.000
3.122	0.095	0.934	0.000
3.430	0.150	0.940	0.000
3.562	0.225	0.945	0.001
3.513	0.347	0.948	0.001
3.472	0.536	0.951	0.001
3.610	0.836	0.953	0.001
3.856	1.331	0.955	0.001
3.957	2.032	0.956	0.002
3.856	2.807	0.957	0.002
3.660	3.404	0.958	0.002
3.579	3.596	0.959	0.002
3.692	3.356	0.960	0.002
3.890	2.891	0.960	0.003
4.012	2.481	0.960	0.003
4.006	2.302	0.959	0.003
3.868	2.334	0.959	0.003
3.639	2.483	0.959	0.003
3.337	2.736	0.959	0.003
3.060	3.188	0.959	0.003
2.892	3.942	0.958	0.003
2.878	5.008	0.958	0.003
2.869	6.309	0.957	0.003
2.761	7.743	0.956	0.004
2.616	9.196	0.954	0.004
2.675	10.568	0.950	0.004
2.952	11.821	0.944	0.005
3.279	13.003	0.936	0.005
3.477	14.203	0.927	0.005
3.520	15.455	0.916	0.006
3.623	16.688	0.905	0.006
3.893	17.831	0.893	0.006
4.312	18.947	0.880	0.006
4.775	20.155	0.868	0.007
5.175	21.435	0.855	0.007
5.477	22.524	0.842	0.007
5.731	23.041	0.829	0.007
5.953	22.762	0.817	0.007
6.214	21.789	0.805	0.007
6.520	20.477	0.794	0.007
6.815	19.223	0.784	0.007
6.976	18.247	0.775	0.007
7.186	17.495	0.766	0.007
7.629	16.745	0.759	0.007
8.250	15.936	0.754	0.007
8.837	15.293	0.750	0.006
9.112	15.049	0.747	0.006
9.067	15.103	0.746	0.006
8.976	15.044	0.746	0.006
9.137	14.511	0.746	0.006
9.551	13.538	0.748	0.006
9.807	12.419	0.750	0.006
9.555	11.394	0.752	0.006
8.847	10.450	0.755	0.005
8.084	9.391	0.757	0.005
7.639	8.060	0.760	0.005
7.522	6.535	0.763	0.005
7.492	5.083	0.766	0.004
7.263	3.905	0.768	0.004
6.693	2.937	0.770	0.004
5.877	1.997	0.772	0.003
5.104	1.115	0.772	0.003
4.582	0.519	0.773	0.002
4.510	0.351	0.773	0.002
4.677	0.456	0.774	0.002
4.894	0.549	0.774	0.001
5.117	0.523	0.773	0.001
5.545	0.522	0.769	0.001
6.310	0.754	0.762	0.001
7.234	1.236	0.751	0.001
8.119	1.806	0.738	0.001
8.935	2.327	0.723	0.002
9.788	2.881	0.706	0.002
10.741	3.525	0.689	0.002
11.710	4.034	0.671	0.003
12.382	4.289	0.653	0.003
12.661	4.430	0.635	0.003
12.692	4.740	0.618	0.003
12.483	5.368	0.603	0.003
12.214	5.906	0.587	0.003
11.935	6.060	0.572	0.004
11.669	6.143	0.557	0.004
11.446	6.627	0.542	0.004
11.264	7.635	0.527	0.004
11.089	8.775	0.510	0.004
10.949	9.522	0.492	0.004
10.973	9.740	0.473	0.004
11.302	9.735	0.452	0.005
11.947	9.855	0.429	0.005
12.833	10.185	0.404	0.005
14.245	10.382	0.377	0.005
15.617	10.173	0.348	0.005
16.321	9.733	0.317	0.005
15.774	9.584	0.287	0.005
14.599	10.048	0.258	0.005
13.637	10.807	0.230	0.005
13.112	11.121	0.203	0.005
12.825	10.658	0.177	0.005
12.040	9.772	0.153	0.005
10.695	9.037	0.131	0.005
9.463	8.631	0.112	0.005
8.787	8.303	0.094	0.005
8.460	7.868	0.079	0.005
8.022	7.561	0.068	0.005
7.267	7.764	0.062	0.005
6.396	8.496	0.061	0.005
5.759	9.347	0.066	0.005
5.621	9.907	0.075	0.005
5.584	10.148	0.086	0.005
5.272	10.288	0.099	0.005
4.720	10.366	0.112	0.005
4.212	10.227	0.126	0.005
3.938	9.833	0.139	0.005
3.802	9.623	0.152	0.005
3.615	10.138	0.165	0.005
3.340	11.337	0.177	0.005
3.116	12.486	0.190	0.005
3.045	12.841	0.202	0.005
3.230	12.288	0.214	0.005
3.419	11.327	0.225	0.005
3.393	10.608	0.236	0.005
3.112	10.551	0.246	0.005
2.794	11.382	0.255	0.005
2.630	13.026	0.264	0.005
2.641	14.677	0.271	0.005
2.680	15.332	0.278	0.006
2.631	14.838	0.285	0.006
2.453	13.798	0.291	0.006
2.226	13.017	0.297	0.006
2.064	12.809	0.302	0.006
1.983	12.862	0.307	0.006
1.919	12.720	0.312	0.006
1.789	12.366	0.317	0.006
1.646	12.172	0.321	0.006
1.570	12.191	0.326	0.005
1.629	12.268	0.330	0.005
1.793	12.375	0.334	0.005
1.958	12.708	0.337	0.006
2.158	13.359	0.340	0.006
2.392	14.058	0.342	0.006
2.625	14.403	0.344	0.006
2.811	14.493	0.346	0.006
2.967	14.738	0.348	0.006
3.082	15.267	0.350	0.006
3.195	15.595	0.354	0.006
3.264	15.008	0.359	0.006
3.317	13.261	0.365	0.006
3.441	10.815	0.372	0.006
3.719	8.404	0.380	0.005
4.125	6.468	0.389	0.005
4.575	5.035	0.399	0.005
5.068	4.002	0.409	0.004
5.657	3.369	0.419	0.004
6.322	3.230	0.429	0.004
6.874	3.619	0.438	0.003
7.367	4.358	0.446	0.003
7.942	5.185	0.453	0.003
8.655	5.881	0.459	0.003
9.386	6.346	0.464	0.004
9.968	6.691	0.468	0.004
10.431	7.176	0.471	0.004
10.954	8.057	0.471	0.004
11.652	9.624	0.470	0.004
13.302	11.946	0.467	0.005
15.105	14.787	0.464	0.005
16.121	17.876	0.459	0.006
16.035	20.864	0.454	0.006
15.479	23.318	0.449	0.006
15.575	24.986	0.444	0.007
16.654	25.934	0.440	0.007
18.075	26.886	0.436	0.008
19.238	28.986	0.433	0.008
20.200	32.663	0.431	0.008
21.552	37.281	0.428	0.009
23.213	41.685	0.427	0.009
24.500	45.106	0.427	0.009
25.017	47.390	0.427	0.010
25.057	49.013	0.428	0.010
25.120	50.955	0.429	0.011
25.433	53.778	0.431	0.011
25.793	57.132	0.434	0.011
25.894	59.374	0.437	0.011
25.598	58.607	0.440	0.011
25.209	55.203	0.442	0.012
24.942	52.400	0.445	0.012
24.880	54.208	0.447	0.012
24.879	62.218	0.451	0.012
24.595	73.391	0.457	0.012
24.044	82.749	0.464	0.013
23.464	88.037	0.473	0.013
23.123	91.338	0.484	0.014
23.215	96.084	0.497	0.014
23.743	102.981	0.513	0.015
24.579	109.129	0.530	0.015
25.486	111.276	0.549	0.016
26.317	109.227	0.569	0.016
27.089	105.764	0.589	0.016
27.704	103.443	0.609	0.016
28.062	102.166	0.628	0.016
28.142	99.894	0.648	0.016
27.842	95.249	0.666	0.016
27.013	88.974	0.683	0.015
25.821	82.907	0.700	0.015
24.686	78.064	0.715	0.015
23.863	73.983	0.729	0.014
23.173	69.660	0.742	0.014
22.261	64.550	0.754	0.013
20.881	58.829	0.765	0.013
19.294	52.898	0.775	0.012
17.886	47.089	0.785	0.012
16.734	41.526	0.794	0.011
15.392	36.346	0.803	0.011
13.754	31.694	0.812	0.010
12.193	27.637	0.820	0.009
11.317	24.006	0.829	0.009
11.121	20.411	0.836	0.008
11.344	16.482	0.844	0.008
11.676	12.344	0.851	0.007
11.878	8.621	0.857	0.006
11.988	5.935	0.863	0.006
12.050	4.393	0.868	0.005
12.133	3.584	0.873	0.004
12.062	2.964	0.876	0.004
11.832	2.630	0.880	0.003
11.662	2.971	0.882	0.003
11.794	3.896	0.884	0.003
12.210	4.682	0.885	0.003
12.751	4.729	0.885	0.003
13.244	4.263	0.883	0.003
13.601	4.205	0.881	0.003
14.527	5.240	0.878	0.003
16.041	7.231	0.873	0.004
17.281	9.308	0.867	0.004
17.744	10.673	0.859	0.004
17.924	11.238	0.849	0.004
18.735	11.366	0.837	0.005
20.663	11.575	0.825	0.005
23.213	12.118	0.812	0.005
25.331	12.622	0.798	0.005
26.636	12.555	0.782	0.005
27.867	12.184	0.766	0.005
30.026	12.388	0.749	0.005
32.689	13.113	0.731	0.005
34.779	13.725	0.712	0.005
35.142	14.236	0.692	0.006
34.142	14.919	0.672	0.006
32.696	15.590	0.653	0.006
31.644	15.647	0.633	0.006
30.601	14.960	0.615	0.006
29.119	14.033	0.597	0.006
26.801	13.614	0.580	0.006
24.164	13.566	0.565	0.006
21.839	12.826	0.550	0.006
20.139	10.674	0.537	0.005
18.854	8.169	0.525	0.005
17.961	7.009	0.514	0.005
17.370	7.539	0.503	0.005
17.356	8.252	0.492	0.005
17.843	7.486	0.481	0.004
18.429	5.384	0.470	0.004
18.807	3.717	0.459	0.004
19.111	3.810	0.447	0.004
19.570	5.181	0.435	0.004
20.248	6.234	0.422	0.004
20.897	6.078	0.409	0.004
21.248	5.244	0.396	0.004
21.492	4.789	0.382	0.004
21.952	5.163	0.368	0.004
22.749	5.978	0.353	0.004
23.558	6.646	0.338	0.004
23.543	6.976	0.322	0.004
22.450	7.268	0.307	0.004
20.978	7.999	0.291	0.004
20.000	9.406	0.276	0.004
19.754	11.265	0.261	0.005
19.781	13.049	0.246	0.005
19.563	14.645	0.231	0.005
19.155	16.562	0.218	0.006
18.834	19.604	0.205	0.006
18.504	23.964	0.194	0.007
17.949	28.773	0.184	0.007
16.995	32.831	0.176	0.008
15.895	35.810	0.171	0.008
15.221	38.235	0.167	0.009
15.230	40.943	0.166	0.009
15.610	44.140	0.167	0.010
15.873	47.250	0.170	0.010
15.687	49.664	0.175	0.010
15.390	51.363	0.182	0.011
15.355	52.891	0.190	0.011
15.618	54.606	0.199	0.011
15.959	56.303	0.208	0.011
16.186	57.608	0.219	0.011
16.247	58.444	0.229	0.012
16.197	58.970	0.241	0.012
16.144	59.137	0.253	0.012
16.119	58.647	0.266	0.012
16.019	57.444	0.280	0.012
15.780	56.032	0.293	0.012
15.382	55.082	0.307	0.012
14.914	54.827	0.321	0.012
14.383	54.908	0.335	0.012
13.808	54.898	0.348	0.012
13.313	54.886	0.361	0.012
12.983	55.340	0.374	0.012
12.784	56.358	0.386	0.012
12.742	57.349	0.399	0.012
12.647	57.512	0.411	0.012
12.453	56.595	0.422	0.012
12.009	54.974	0.434	0.012
11.384	52.985	0.445	0.011
10.595	50.460	0.457	0.011
10.049	46.976	0.470	0.011
9.901	42.304	0.483	0.011
10.193	36.994	0.497	0.010
10.426	32.269	0.511	0.010
10.305	29.126	0.527	0.010
9.861	27.730	0.543	0.009
9.436	26.923	0.561	0.009
9.289	25.107	0.578	0.008
9.417	21.919	0.596	0.008
9.650	18.664	0.612	0.008
9.870	17.180	0.628	0.007
10.069	18.479	0.642	0.007
10.288	22.113	0.656	0.007
10.438	25.862	0.670	0.007
10.376	26.656	0.683	0.007
10.329	23.710	0.694	0.007
10.508	19.651	0.705	0.007
10.863	18.568	0.715	0.007
11.130	22.393	0.724	0.008
11.214	28.174	0.733	0.008
11.191	31.317	0.740	0.008
11.402	30.248	0.747	0.008
11.860	27.470	0.753	0.008
12.135	26.857	0.759	0.008
11.956	29.804	0.764	0.008
11.535	34.414	0.768	0.009
11.252	36.590	0.773	0.009
11.240	34.234	0.777	0.009
11.318	29.703	0.782	0.009
11.152	27.154	0.787	0.009
10.703	28.169	0.792	0.009
10.203	30.106	0.797	0.008
9.944	28.951	0.803	0.008
9.907	24.156	0.808	0.008
10.003	18.773	0.813	0.008
10.076	15.861	0.817	0.007
10.226	15.433	0.822	0.007
10.523	15.460	0.826	0.007
10.913	14.446	0.830	0.006
11.186	12.698	0.834	0.006
11.159	11.187	0.837	0.006
10.948	10.009	0.840	0.005
10.769	8.606	0.842	0.005
10.790	6.945	0.844	0.005
10.820	5.784	0.845	0.004
10.778	5.772	0.845	0.004
10.633	6.666	0.844	0.004
10.432	7.667	0.843	0.004
10.085	8.354	0.841	0.004
9.509	9.030	0.839	0.004
8.802	10.319	0.837	0.005
8.373	12.412	0.835	0.005
8.586	14.969	0.834	0.005
9.276	17.370	0.832	0.006
9.802	19.221	0.830	0.006
9.874	20.580	0.828	0.006
9.555	21.927	0.826	0.007
9.173	23.518	0.823	0.007
8.689	24.794	0.819	0.007
7.909	24.589	0.815	0.007
6.907	22.293	0.810	0.007
6.504	18.515	0.805	0.007
6.849	14.580	0.800	0.007
7.512	11.397	0.794	0.006
7.847	8.945	0.788	0.006
7.816	6.755	0.782	0.005
8.098	4.680	0.776	0.005
9.048	3.029	0.768	0.004
10.377	2.061	0.760	0.004
11.568	1.636	0.751	0.003
12.472	1.388	0.741	0.003
13.597	1.160	0.729	0.002
15.022	1.025	0.717	0.002
16.390	1.058	0.702	0.002
17.362	1.197	0.686	0.002
17.974	1.381	0.669	0.002
18.555	1.709	0.649	0.002
19.621	2.367	0.627	0.002
20.830	3.288	0.604	0.002
21.640	4.243	0.579	0.003
22.027	5.078	0.552	0.003
22.366	6.010	0.524	0.003
23.358	7.428	0.494	0.004
24.817	9.389	0.463	0.004
26.007	11.773	0.431	0.004
26.653	13.816	0.398	0.005
26.872	14.406	0.366	0.005
27.075	13.696	0.334	0.005
27.533	13.444	0.305	0.006
28.247	15.881	0.277	0.006
29.063	22.125	0.250	0.007
30.103	29.580	0.225	0.007
30.857	34.856	0.200	0.008
31.132	37.988	0.176	0.008
30.767	42.418	0.155	0.009
30.290	51.889	0.136	0.010
29.697	67.364	0.122	0.011
28.867	84.875	0.113	0.012
27.966	98.770	0.109	0.013
27.447	105.128	0.111	0.014
27.066	104.737	0.116	0.014
26.636	103.059	0.124	0.015
26.082	106.143	0.133	0.016
25.484	114.798	0.143	0.016
25.188	125.045	0.153	0.016
25.448	133.021	0.163	0.017
26.040	137.216	0.174	0.017
26.608	137.029	0.185	0.017
26.785	131.263	0.197	0.017
26.639	119.881	0.209	0.017
26.462	106.803	0.221	0.017
26.553	96.828	0.233	0.017
26.907	90.956	0.246	0.016
27.160	85.586	0.258	0.015
26.956	76.697	0.270	0.015
26.504	64.157	0.282	0.014
25.928	51.406	0.295	0.013
25.361	41.458	0.309	0.012
24.636	34.162	0.325	0.011
23.716	27.566	0.343	0.010
23.191	20.867	0.361	0.009
23.310	15.150	0.381	0.008
24.139	11.577	0.402	0.007
25.460	9.739	0.424	0.007
26.661	8.301	0.446	0.006
27.460	6.608	0.469	0.005
27.456	5.108	0.491	0.005
26.997	4.429	0.513	0.004
26.664	4.510	0.535	0.004
26.608	4.797	0.556	0.004
26.665	5.068	0.577	0.004
26.341	5.596	0.597	0.004
25.587	6.661	0.615	0.004
24.633	8.128	0.633	0.004
23.731	9.556	0.650	0.004
22.811	10.653	0.666	0.004
21.491	11.456	0.681	0.005
19.763	12.064	0.696	0.005
17.692	12.377	0.712	0.005
15.523	12.178	0.727	0.005
13.481	11.385	0.743	0.005
11.758	10.152	0.758	0.005
10.501	8.770	0.771	0.005
9.680	7.484	0.784	0.005
9.285	6.443	0.795	0.005
9.104	5.713	0.806	0.004
9.007	5.260	0.814	0.004
9.174	4.951	0.822	0.004
9.770	4.626	0.827	0.004
10.730	4.265	0.832	0.004
11.842	4.003	0.836	0.003
12.834	3.984	0.839	0.003
13.314	4.187	0.841	0.003
13.191	4.466	0.842	0.003
12.807	4.749	0.843	0.003
12.525	5.198	0.844	0.003
12.570	6.117	0.844	0.004
12.907	7.636	0.845	0.004
13.520	9.462	0.845	0.004
14.303	10.990	0.846	0.004
15.105	11.921	0.846	0.005
15.660	12.736	0.847	0.005
15.567	14.203	0.847	0.005
15.002	16.728	0.848	0.006
14.476	20.191	0.848	0.006
13.984	23.376	0.848	0.007
13.415	25.934	0.848	0.007
12.699	28.729	0.847	0.007
12.075	32.817	0.847	0.008
11.878	38.419	0.847	0.009
12.113	44.088	0.846	0.009
12.555	47.528	0.845	0.010
12.842	48.708	0.843	0.010
12.979	49.142	0.841	0.010
13.088	50.820	0.839	0.011
13.197	54.416	0.835	0.011
13.183	59.037	0.832	0.011
13.106	62.781	0.827	0.012
12.851	64.542	0.823	0.012
12.372	65.065	0.818	0.012
11.674	65.196	0.812	0.012
10.787	64.353	0.806	0.012
9.903	60.874	0.800	0.012
9.193	54.255	0.792	0.012
8.636	46.613	0.784	0.012
8.185	41.084	0.776	0.011
8.180	38.591	0.767	0.011
8.554	36.959	0.758	0.010
8.759	33.662	0.750	0.010
8.242	28.594	0.742	0.009
7.169	23.887	0.734	0.009
6.085	20.782	0.727	0.008
5.602	19.083	0.719	0.008
5.744	17.798	0.712	0.007
6.058	16.370	0.704	0.007
6.192	14.944	0.695	0.007
6.204	13.867	0.687	0.006
6.462	13.195	0.679	0.006
6.980	13.162	0.674	0.006
7.615	13.247	0.670	0.006
8.148	12.764	0.669	0.006
8.639	11.566	0.670	0.006
9.155	10.250	0.671	0.005
9.669	9.581	0.673	0.005
9.929	9.757	0.675	0.005
9.774	10.074	0.678	0.005
9.413	9.621	0.679	0.005
9.144	8.108	0.680	0.005
9.290	6.097	0.681	0.004
9.559	4.457	0.682	0.004
9.688	3.657	0.684	0.004
9.657	3.546	0.687	0.004
9.800	3.676	0.690	0.003
10.333	3.700	0.693	0.003
11.081	3.670	0.697	0.003
11.654	3.857	0.702	0.003
11.873	4.424	0.706	0.003
11.892	5.279	0.708	0.003
11.975	6.117	0.710	0.003
12.245	6.695	0.711	0.004
12.657	6.995	0.712	0.004
13.094	7.159	0.713	0.004
13.511	7.267	0.714	0.004
13.835	7.182	0.715	0.004
14.218	6.711	0.716	0.004
14.476	5.860	0.717	0.004
14.617	4.799	0.719	0.004
14.449	3.732	0.721	0.004
14.342	2.810	0.723	0.003
14.397	2.118	0.726	0.003
14.665	1.712	0.729	0.003
14.584	1.530	0.732	0.003
13.948	1.422	0.735	0.002
12.968	1.284	0.738	0.002
12.049	1.132	0.741	0.002
11.424	1.086	0.744	0.002
10.974	1.280	0.746	0.002
10.361	1.742	0.748	0.002
9.391	2.370	0.750	0.002
8.242	3.066	0.751	0.002
7.140	3.853	0.752	0.002
6.340	4.888	0.754	0.003
5.878	6.319	0.755	0.003
5.600	8.208	0.756	0.004
5.551	10.495	0.756	0.004
5.525	13.001	0.755	0.005
5.446	15.459	0.753	0.005
5.304	17.503	0.751	0.005
5.227	18.928	0.747	0.006
5.335	19.920	0.742	0.006
5.629	20.848	0.737	0.007
5.988	21.820	0.731	0.007
6.290	22.493	0.725	0.007
6.532	22.106	0.719	0.007
6.824	20.169	0.712	0.007
7.130	17.070	0.705	0.007
7.414	13.927	0.699	0.007
7.850	11.754	0.693	0.006
8.541	10.661	0.687	0.006
9.380	9.851	0.681	0.006
10.223	8.528	0.675	0.005
10.944	6.626	0.669	0.005
11.563	4.793	0.663	0.004
12.123	3.607	0.657	0.004
12.784	3.069	0.651	0.004
13.539	2.717	0.645	0.003
14.192	2.214	0.637	0.003
14.576	1.651	0.630	0.003
14.839	1.322	0.622	0.002
14.906	1.308	0.612	0.002
14.898	1.498	0.601	0.002
14.765	1.722	0.589	0.002
14.514	1.867	0.576	0.002
14.257	1.857	0.563	0.002
13.988	1.646	0.550	0.002
13.427	1.290	0.537	0.002
12.568	0.954	0.523	0.002
11.688	0.775	0.508	0.002
11.226	0.768	0.494	0.002
11.041	0.842	0.480	0.002
10.835	0.931	0.468	0.002
10.462	1.084	0.456	0.002
10.135	1.410	0.445	0.002
10.143	2.017	0.436	0.002
10.444	2.761	0.428	0.002
10.662	3.468	0.422	0.002
10.693	4.524	0.415	0.003
10.636	6.330	0.409	0.003
10.720	8.060	0.402	0.003
10.751	8.282	0.394	0.004
10.376	6.603	0.384	0.004
9.664	5.754	0.375	0.004
9.223	8.454	0.367	0.004
9.403	12.140	0.360	0.004
9.801	12.575	0.354	0.004
9.792	8.965	0.348	0.004
9.191	4.727	0.342	0.004
8.543	4.704	0.337	0.004
8.367	7.890	0.332	0.004
8.613	9.673	0.328	0.004
8.812	7.551	0.324	0.004
8.870	4.628	0.321	0.004
8.837	5.640	0.320	0.004
8.919	10.613	0.319	0.004
9.173	14.954	0.319	0.005
9.463	15.158	0.319	0.005
9.753	12.776	0.319	0.005
10.583	12.109	0.320	0.005
11.861	15.168	0.322	0.006
13.067	19.883	0.323	0.006
13.629	23.057	0.325	0.007
13.338	24.402	0.329	0.007
12.912	26.293	0.335	0.007
13.363	30.257	0.342	0.008
14.577	35.161	0.351	0.008
15.665	38.833	0.361	0.009
15.877	40.980	0.373	0.009
15.553	43.379	0.387	0.010
15.295	47.231	0.402	0.010
15.451	51.584	0.417	0.010
15.817	54.583	0.431	0.011
16.239	55.748	0.444	0.011
16.801	56.261	0.458	0.011
17.730	57.165	0.470	0.011
19.336	58.254	0.480	0.012
21.727	58.792	0.488	0.012
24.397	58.717	0.493	0.012
26.755	58.668	0.496	0.012
27.817	58.952	0.498	0.012
28.231	58.972	0.498	0.012
28.585	57.989	0.495	0.012
28.889	56.145	0.490	0.012
28.955	54.462	0.482	0.012
28.220	53.551	0.473	0.012
26.860	52.680	0.463	0.011
25.491	50.697	0.452	0.011
24.992	47.488	0.439	0.011
25.366	44.344	0.426	0.011
25.940	42.721	0.411	0.011
26.178	42.603	0.395	0.011
26.216	42.824	0.379	0.010
26.162	42.383	0.360	0.010
26.125	41.318	0.341	0.010
26.305	40.274	0.322	0.010
26.596	39.524	0.304	0.010
27.110	38.967	0.288	0.010
28.136	38.176	0.271	0.010
29.276	37.328	0.256	0.010
29.702	36.386	0.243	0.009
29.140	34.326	0.232	0.009
28.353	30.348	0.225	0.009
27.761	25.263	0.219	0.009
27.701	21.446	0.215	0.008
27.617	20.888	0.213	0.008
27.040	22.561	0.212	0.008
25.800	23.805	0.214	0.008
24.503	23.192	0.218	0.007
23.619	21.831	0.223	0.007
23.226	21.855	0.228	0.007
22.886	24.053	0.235	0.007
22.191	27.379	0.243	0.008
20.961	30.412	0.251	0.008
19.359	32.569	0.259	0.008
17.735	34.503	0.266	0.008
16.480	37.127	0.274	0.009
15.653	40.804	0.283	0.009
15.198	45.132	0.292	0.010
14.810	49.182	0.300	0.010
14.382	52.393	0.309	0.010
13.865	55.011	0.318	0.011
13.299	57.305	0.326	0.011
12.647	59.233	0.334	0.011
12.256	60.646	0.342	0.012
11.988	61.818	0.349	0.012
11.677	63.312	0.356	0.012
11.254	65.501	0.364	0.012
10.871	68.156	0.373	0.012
10.626	70.257	0.381	0.013
10.482	70.581	0.389	0.013
10.169	68.317	0.397	0.013
9.702	63.826	0.404	0.013
9.232	58.794	0.410	0.012
8.924	54.992	0.416	0.012
8.728	53.132	0.421	0.012
8.488	52.578	0.426	0.012
8.052	52.157	0.429	0.012
7.486	51.017	0.432	0.011
6.920	49.036	0.434	0.011
6.463	46.585	0.436	0.011
6.081	44.047	0.436	0.011
5.853	41.570	0.437	0.011
5.929	39.098	0.437	0.010
6.458	36.537	0.436	0.010
6.925	33.871	0.435	0.010
7.216	31.327	0.434	0.009
7.200	29.147	0.432	0.009
6.892	27.283	0.429	0.009
6.373	25.347	0.427	0.008
5.771	22.959	0.424	0.008
5.214	20.142	0.421	0.008
4.835	17.292	0.418	0.007
4.685	14.918	0.415	0.007
4.821	13.362	0.412	0.007
4.912	12.717	0.408	0.006
4.785	12.822	0.403	0.006
4.488	13.424	0.399	0.006
4.232	14.200	0.394	0.006
4.122	14.863	0.390	0.006
4.419	15.034	0.386	0.006
4.829	14.429	0.382	0.006
5.039	13.075	0.378	0.006
5.027	11.383	0.375	0.006
5.068	9.789	0.372	0.005
5.462	8.549	0.370	0.005
6.158	7.409	0.367	0.005
6.934	6.190	0.364	0.005
7.681	5.081	0.362	0.004
8.277	4.451	0.361	0.004
8.517	4.291	0.360	0.004
8.218	4.148	0.361	0.003
7.759	3.591	0.364	0.003
7.730	2.711	0.369	0.003
8.306	2.009	0.376	0.003
8.995	1.857	0.386	0.003
9.250	2.159	0.399	0.003
9.050	2.624	0.414	0.003
8.913	3.205	0.433	0.003
9.153	4.053	0.454	0.003
9.469	5.001	0.476	0.003
9.307	5.596	0.499	0.003
8.892	5.604	0.521	0.003
9.246	5.428	0.544	0.003
11.424	5.513	0.566	0.004
15.414	5.908	0.586	0.004
20.111	6.433	0.603	0.004
24.038	6.882	0.617	0.004
26.427	7.195	0.629	0.004
27.346	7.399	0.638	0.004
27.187	7.610	0.646	0.004
26.321	8.206	0.653	0.004
24.570	9.310	0.659	0.004
22.017	10.581	0.664	0.005
19.081	11.341	0.668	0.005
16.286	11.435	0.672	0.005
13.966	11.392	0.674	0.005
12.435	11.764	0.675	0.005
12.211	12.543	0.675	0.005
13.754	13.508	0.675	0.005
17.255	14.612	0.673	0.006
22.249	15.882	0.670	0.006
27.806	17.055	0.667	0.006
33.111	17.736	0.663	0.006
37.215	17.835	0.658	0.006
39.847	17.782	0.652	0.006
40.787	18.136	0.644	0.006
40.634	19.009	0.634	0.007
40.177	20.102	0.621	0.007
39.596	21.145	0.604	0.007
38.387	22.262	0.584	0.007
35.942	23.778	0.562	0.007
32.167	25.412	0.540	0.007
28.163	26.616	0.519	0.007
25.098	26.758	0.501	0.008
23.715	25.968	0.486	0.008
23.339	24.904	0.474	0.008
22.955	24.126	0.464	0.008
22.344	23.549	0.457	0.008
21.145	22.734	0.455	0.008
18.997	21.183	0.456	0.007
16.159	18.812	0.461	0.007
13.933	15.794	0.469	0.007
13.642	12.546	0.480	0.006
15.731	9.734	0.492	0.006
19.247	8.066	0.504	0.006
22.571	7.849	0.516	0.005
24.677	8.685	0.527	0.005
26.010	9.701	0.538	0.005
27.192	10.246	0.549	0.005
28.474	10.233	0.560	0.005
29.794	9.926	0.571	0.005
31.345	9.504	0.582	0.005
33.699	9.001	0.593	0.005
36.839	8.541	0.602	0.005
40.447	8.396	0.610	0.005
42.598	8.737	0.616	0.005
42.232	9.463	0.620	0.005
39.588	10.393	0.621	0.005
36.418	11.596	0.619	0.005
34.959	13.310	0.613	0.005
35.068	15.507	0.605	0.005
35.468	17.722	0.594	0.006
34.669	19.286	0.579	0.006
32.611	19.946	0.561	0.006
30.791	20.090	0.541	0.007
29.937	20.223	0.518	0.007
29.311	20.246	0.494	0.007
28.365	19.530	0.469	0.007
27.562	17.615	0.443	0.007
27.728	14.811	0.415	0.006
28.855	11.879	0.387	0.006
29.974	9.348	0.360	0.006
30.247	7.210	0.334	0.005
29.739	5.272	0.309	0.005
29.356	3.564	0.286	0.004
29.598	2.356	0.264	0.004
30.126	1.837	0.244	0.003
30.207	1.907	0.227	0.003
29.601	2.342	0.212	0.003
28.687	3.040	0.201	0.002
27.255	4.060	0.191	0.003
25.075	5.440	0.184	0.003
22.281	7.058	0.178	0.003
19.303	8.689	0.173	0.004
16.756	10.137	0.169	0.004
15.049	11.261	0.165	0.004
14.038	12.052	0.160	0.005
13.416	12.587	0.156	0.005
12.913	13.040	0.151	0.005
12.321	13.686	0.147	0.005
11.660	14.825	0.143	0.006
10.934	16.588	0.140	0.006
10.230	18.914	0.137	0.006
9.663	21.602	0.134	0.007
9.205	24.402	0.131	0.007
8.699	27.087	0.128	0.007
8.122	29.490	0.125	0.008
7.548	31.600	0.122	0.008
7.117	33.431	0.118	0.008
6.722	34.857	0.114	0.009
6.234	35.661	0.109	0.009
5.573	35.851	0.104	0.009
4.793	35.870	0.098	0.009
4.178	36.303	0.092	0.009
3.912	37.159	0.087	0.009
3.878	37.754	0.081	0.009
3.805	37.301	0.076	0.009
3.633	35.712	0.072	0.009
3.462	33.579	0.069	0.009
3.377	31.436	0.067	0.009
3.354	29.361	0.066	0.009
3.315	27.098	0.067	0.009
3.246	24.570	0.069	0.008
3.151	22.038	0.071	0.008
3.050	19.886	0.074	0.008
2.966	18.235	0.077	0.007
2.936	16.817	0.080	0.007
2.998	15.265	0.082	0.007
3.155	13.564	0.085	0.006
3.332	12.047	0.087	0.006
3.482	11.085	0.090	0.006
3.579	10.644	0.093	0.006
3.596	10.214	0.096	0.005
3.606	9.317	0.099	0.005
3.643	7.967	0.099	0.005
3.736	6.715	0.099	0.005
3.904	6.145	0.097	0.004
4.096	6.223	0.095	0.004
4.292	6.414	0.091	0.004
4.543	6.359	0.087	0.004
4.829	6.167	0.083	0.004
5.042	6.412	0.080	0.004
5.069	7.526	0.079	0.004
4.987	9.288	0.079	0.004
4.889	11.005	0.080	0.004
4.850	12.068	0.083	0.005
4.827	12.388	0.087	0.005
4.754	12.335	0.091	0.005
4.656	12.097	0.097	0.005
4.622	11.590	0.103	0.005
4.747	10.761	0.109	0.005
4.951	9.619	0.115	0.005
5.148	8.497	0.123	0.005
5.288	7.833	0.132	0.005
5.369	7.870	0.143	0.005
5.509	8.486	0.156	0.005
5.835	9.211	0.171	0.005
6.506	9.672	0.187	0.005
7.613	10.080	0.205	0.005
9.264	11.010	0.224	0.005
11.296	12.700	0.244	0.005
13.374	14.670	0.265	0.005
15.226	16.119	0.288	0.006
16.775	16.892	0.313	0.006
18.141	17.529	0.338	0.006
19.423	18.421	0.364	0.006
20.580	19.114	0.390	0.006
21.764	18.706	0.413	0.006
23.146	16.916	0.435	0.006
24.860	14.459	0.453	0.006
26.644	12.205	0.469	0.006
28.238	10.363	0.482	0.006
29.452	8.504	0.490	0.005
30.673	6.498	0.495	0.005
32.273	5.009	0.496	0.005
34.255	4.846	0.496	0.004
36.059	5.924	0.493	0.004
37.610	7.228	0.488	0.004
39.224	7.877	0.482	0.004
40.598	8.088	0.475	0.004
40.877	8.853	0.469	0.004
39.919	10.713	0.463	0.005
38.659	13.109	0.457	0.005
37.971	15.022	0.451	0.005
38.062	16.018	0.445	0.005
38.158	16.499	0.440	0.006
37.554	17.170	0.437	0.006
36.497	18.550	0.436	0.006
35.909	20.896	0.436	0.007
36.129	24.657	0.438	0.007
36.527	30.536	0.442	0.008
36.562	38.825	0.448	0.008
36.527	49.114	0.455	0.009
37.306	60.646	0.464	0.010
39.026	72.403	0.475	0.011
40.515	83.305	0.487	0.012
41.023	91.805	0.500	0.013
41.003	96.337	0.513	0.014
41.142	97.445	0.528	0.014
41.516	97.946	0.542	0.015
41.662	99.932	0.556	0.015
41.113	102.850	0.570	0.015
40.040	104.110	0.584	0.015
38.862	102.755	0.596	0.016
38.133	101.252	0.608	0.016
37.845	101.881	0.619	0.016
37.510	104.867	0.629	0.016
37.058	107.453	0.639	0.016
36.606	105.257	0.648	0.016
36.180	97.971	0.657	0.016
35.484	90.776	0.666	0.016
34.444	89.459	0.675	0.015
33.550	94.491	0.684	0.015
32.780	98.959	0.693	0.015
31.979	99.021	0.701	0.015
31.044	99.968	0.710	0.015
30.034	108.367	0.718	0.016
29.144	120.417	0.726	0.016
28.977	123.488	0.734	0.016
29.000	110.953	0.741	0.016
28.517	91.939	0.747	0.016
27.421	81.014	0.752	0.016
26.366	81.933	0.757	0.015
26.051	83.883	0.762	0.015
26.354	75.378	0.767	0.014
26.626	58.515	0.772	0.013
26.472	45.717	0.777	0.013
25.999	44.523	0.782	0.012
25.657	49.568	0.787	0.012
25.642	50.305	0.792	0.011
25.823	43.576	0.797	0.011
25.834	35.886	0.802	0.010
25.801	34.313	0.807	0.010
25.981	38.192	0.811	0.010
26.493	40.990	0.815	0.010
27.271	38.546	0.818	0.010
28.221	33.235	0.822	0.009
29.262	30.267	0.825	0.009
30.219	31.377	0.828	0.009
31.190	33.592	0.831	0.009
32.360	33.541	0.835	0.009
33.333	31.258	0.838	0.009
33.629	29.085	0.840	0.009
33.156	28.565	0.843	0.009
33.057	28.970	0.845	0.009
33.104	29.203	0.848	0.009
32.162	29.060	0.850	0.008
30.055	28.792	0.852	0.008
27.685	28.469	0.854	0.008
26.409	28.023	0.855	0.008
27.142	26.862	0.857	0.008
28.414	25.367	0.859	0.008
28.686	24.735	0.861	0.008
27.908	26.355	0.863	0.008
27.553	30.803	0.864	0.008
28.685	36.996	0.865	0.009
30.871	42.792	0.866	0.009
32.663	47.765	0.867	0.009
32.557	51.893	0.867	0.010
30.921	54.773	0.867	0.010
29.513	55.404	0.867	0.011
29.579	53.191	0.867	0.011
30.669	48.403	0.866	0.011
31.432	41.999	0.865	0.011
31.056	35.432	0.863	0.010
30.316	30.380	0.861	0.010
30.411	28.019	0.858	0.010
31.676	28.503	0.854	0.009
33.307	30.713	0.849	0.009
34.353	32.988	0.844	0.009
34.832	34.364	0.838	0.009
35.763	35.130	0.832	0.009
37.750	36.098	0.824	0.009
40.819	37.713	0.814	0.009
43.021	40.056	0.804	0.009
43.103	43.166	0.793	0.010
41.777	47.152	0.781	0.010
41.220	51.746	0.769	0.010
42.751	55.995	0.756	0.011
45.696	59.026	0.743	0.011
48.258	61.023	0.731	0.011
49.449	63.165	0.718	0.012
49.603	66.594	0.706	0.012
49.542	71.373	0.694	0.012
49.858	76.546	0.683	0.013
50.145	81.105	0.673	0.013
49.994	84.891	0.662	0.014
49.455	88.369	0.652	0.014
48.866	91.756	0.642	0.014
48.257	94.674	0.632	0.014
49.236	96.642	0.622	0.015
49.811	97.771	0.612	0.015
48.448	98.664	0.603	0.015
45.203	99.457	0.594	0.015
41.666	99.523	0.585	0.015
39.211	98.220	0.577	0.015
37.892	95.717	0.569	0.015
36.987	92.844	0.562	0.015
35.376	90.020	0.554	0.015
32.995	86.951	0.547	0.015
30.568	83.315	0.541	0.015
28.929	79.453	0.534	0.014
28.086	76.113	0.528	0.014
27.596	73.500	0.522	0.014
27.070	71.049	0.516	0.014
26.835	68.336	0.511	0.013
27.227	65.671	0.506	0.013
28.434	63.560	0.501	0.013
29.060	61.671	0.497	0.013
28.415	58.755	0.493	0.012
26.992	54.264	0.490	0.012
25.653	48.894	0.487	0.012
25.288	43.736	0.485	0.011
25.843	39.081	0.483	0.011
26.831	34.429	0.482	0.010
27.173	29.573	0.482	0.010
26.367	25.188	0.482	0.009
24.720	21.793	0.482	0.009
22.620	18.948	0.483	0.008
20.561	15.595	0.483	0.007
18.884	11.313	0.484	0.007
17.352	6.930	0.485	0.006
15.986	3.765	0.487	0.005
15.365	2.340	0.489	0.004
15.175	2.020	0.491	0.004
14.776	1.835	0.494	0.003
13.786	1.412	0.498	0.003
12.273	1.057	0.501	0.002
10.865	1.172	0.505	0.002
10.105	1.807	0.509	0.002
10.154	2.777	0.513	0.002
10.352	3.934	0.518	0.002
10.076	5.244	0.523	0.003
9.337	6.575	0.529	0.003
8.694	7.744	0.535	0.003
8.478	8.799	0.542	0.004
8.604	10.046	0.549	0.004
8.812	11.677	0.556	0.005
8.918	13.594	0.564	0.005
8.918	15.462	0.571	0.005
9.302	17.066	0.579	0.006
9.502	18.457	0.588	0.006
9.092	19.410	0.597	0.006
8.200	19.569	0.605	0.006
7.442	18.971	0.614	0.007
7.315	18.236	0.622	0.007
7.682	18.151	0.630	0.007
8.022	18.849	0.637	0.007
8.001	19.545	0.644	0.007
7.789	19.405	0.649	0.007
7.752	18.503	0.652	0.007
8.038	17.752	0.654	0.007
8.308	17.815	0.655	0.007
8.231	18.295	0.655	0.007
7.860	18.261	0.653	0.007
7.506	17.408	0.651	0.007
7.410	16.406	0.647	0.006
7.666	16.026	0.643	0.006
8.013	16.130	0.639	0.006
8.123	15.790	0.634	0.006
7.954	14.398	0.627	0.006
7.786	12.443	0.620	0.006
7.932	10.974	0.612	0.006
8.364	10.524	0.604	0.006
8.934	10.543	0.595	0.005
9.504	10.398	0.586	0.005
10.175	10.287	0.577	0.005
10.852	10.100	0.567	0.010
11.321	355.132	0.557	0.033
11.480	1061.000	0.546	0.076
11.356	1797.977	0.535	0.130
11.260	2162.112	0.523	0.178
11.145	2074.594	0.511	0.207
10.874	1605.491	0.498	0.217
10.506	1788.358	0.485	0.217
10.359	2062.047	0.471	0.210
10.510	1750.532	0.457	0.194
10.694	716.870	0.442	0.165
10.605	-315.260	0.428	0.121
10.068	154.042	0.413	0.078
9.266	1540.011	0.399	0.063
8.500	2668.268	0.385	0.086
7.949	2690.379	0.373	0.136
7.568	2054.454	0.361	0.182
7.353	1713.983	0.350	0.206
7.336	2060.360	0.341	0.208
7.318	2134.598	0.334	0.200
7.066	1299.406	0.327	0.189
6.574	28.111	0.323	0.172
6.038	-653.366	0.321	0.139
5.719	-390.701	0.320	0.091
5.634	213.861	0.321	0.041
5.633	388.165	0.323	0.007
5.677	54.714	0.327	-0.005
5.727	-257.022	0.331	0.000
5.821	-172.771	0.337	0.007
5.999	120.533	0.344	0.008
6.187	224.108	0.351	0.005
6.450	52.668	0.357	0.003
6.863	-130.004	0.363	0.005
7.577	-102.075	0.368	0.007
8.275	58.685	0.373	0.007
8.555	131.455	0.376	0.005
8.402	47.588	0.380	0.004
8.183	-59.288	0.384	0.005
8.285	-56.188	0.387	0.007
8.764	29.948	0.389	0.007
9.657	78.381	0.390	0.006
10.424	39.117	0.390	0.005
10.699	-22.148	0.391	0.005
10.458	-27.760	0.391	0.006
9.922	16.948	0.393	0.006
9.077	48.116	0.395	0.006
7.957	31.866	0.399	0.005
6.833	-2.288	0.404	0.005
6.124	-10.496	0.410	0.006
6.077	10.045	0.417	0.006
6.566	27.266	0.426	0.005
7.192	20.627	0.436	0.005
7.814	3.318	0.445	0.005
8.564	-1.034	0.455	0.005
9.403	10.570	0.465	0.005
10.025	21.084	0.474	0.005
10.261	18.229	0.484	0.005
10.204	8.296	0.494	0.005
10.302	4.608	0.503	0.005
10.801	9.986	0.511	0.005
11.447	15.608	0.518	0.005
11.885	14.203	0.524	0.005
12.048	8.447	0.528	0.005
12.394	5.599	0.532	0.005
13.115	7.807	0.535	0.005
13.898	10.616	0.538	0.005
14.261	9.758	0.540	0.005
14.006	6.344	0.542	0.004
13.548	4.432	0.543	0.004
13.128	5.428	0.543	0.004
12.618	6.793	0.543	0.004
12.856	5.813	0.542	0.004
12.777	2.935	0.540	0.003
11.654	0.742	0.537	0.003
9.759	0.599	0.534	0.003
8.136	1.413	0.529	0.002
7.722	1.503	0.524	0.002
8.259	0.704	0.519	0.002
8.757	0.208	0.514	0.002
8.588	0.839	0.508	0.002
8.116	2.138	0.502	0.002
7.439	3.144	0.496	0.002
6.522	3.594	0.491	0.002
5.536	4.037	0.487	0.003
4.697	5.030	0.483	0.003
4.300	6.535	0.479	0.003
4.536	8.149	0.475	0.004
4.879	9.649	0.472	0.004
4.871	11.181	0.469	0.004
4.671	12.948	0.467	0.005
4.676	14.965	0.466	0.005
4.888	17.154	0.464	0.006
5.112	19.529	0.463	0.006
5.275	22.124	0.462	0.006
5.453	24.822	0.462	0.007
5.823	27.384	0.462	0.007
6.470	29.751	0.462	0.008
7.219	32.194	0.463	0.008
7.949	35.015	0.464	0.008
8.706	38.152	0.465	0.009
9.478	41.340	0.467	0.009
10.310	44.474	0.468	0.010
11.231	47.737	0.470	0.010
12.078	51.122	0.473	0.010
12.802	54.141	0.475	0.011
13.531	56.177	0.478	0.011
14.434	57.211	0.481	0.011
14.953	58.040	0.484	0.011
15.073	58.998	0.488	0.012
15.083	59.224	0.492	0.012
15.358	57.662	0.496	0.012
15.853	54.631	0.500	0.012
16.429	52.050	0.504	0.012
16.740	51.730	0.509	0.012
16.630	53.230	0.514	0.011
16.704	54.386	0.520	0.011
17.213	53.601	0.525	0.011
17.975	51.354	0.530	0.011
18.634	49.295	0.535	0.011
19.039	48.180	0.540	0.011
19.404	48.146	0.545	0.011
20.003	48.599	0.550	0.011
21.123	48.404	0.554	0.011
22.568	46.364	0.558	0.011
23.878	42.052	0.563	0.010
24.540	36.535	0.567	0.010
23.988	31.957	0.572	0.010
21.888	28.819	0.576	0.009
19.111	26.371	0.580	0.009
17.172	23.952	0.584	0.009
16.827	21.576	0.589	0.008
17.893	19.193	0.596	0.008
19.386	16.163	0.603	0.007
20.367	11.972	0.611	0.006
20.389	7.462	0.620	0.006
20.074	4.341	0.629	0.005
20.007	3.530	0.639	0.005
20.042	4.184	0.650	0.004
19.633	4.602	0.661	0.004
18.779	3.930	0.672	0.003
17.905	2.737	0.684	0.003
17.414	2.004	0.697	0.003
17.435	1.974	0.709	0.003
17.731	2.158	0.721	0.003
17.746	2.173	0.732	0.002
17.130	2.198	0.742	0.002
16.196	2.573	0.750	0.002
15.510	3.299	0.758	0.003
15.150	4.047	0.764	0.003
14.775	4.567	0.768	0.003
13.888	4.909	0.771	0.003
12.588	5.212	0.773	0.003
11.247	5.445	0.776	0.003
10.172	5.512	0.779	0.003
9.227	5.414	0.782	0.003
8.265	5.274	0.783	0.004
7.274	5.187	0.784	0.004
6.411	5.121	0.785	0.004
5.775	5.060	0.786	0.004
5.192	5.152	0.786	0.004
4.560	5.478	0.786	0.004
3.871	5.808	0.786	0.004
3.245	5.747	0.785	0.004
2.733	5.179	0.784	0.004
2.278	4.429	0.782	0.003
1.838	3.958	0.781	0.003
1.464	3.920	0.779	0.003
1.235	4.099	0.777	0.003
1.157	4.238	0.776	0.003
1.203	4.359	0.776	0.003
1.328	4.667	0.775	0.003
1.490	5.206	0.776	0.003
1.679	5.733	0.776	0.003
1.834	5.990	0.778	0.004
1.908	6.005	0.781	0.004
1.906	5.942	0.784	0.004
1.890	6.143	0.789	0.004
1.892	6.603	0.794	0.004
1.913	6.922	0.801	0.004
1.932	6.680	0.810	0.004
1.924	5.870	0.820	0.004
1.889	4.925	0.830	0.004
1.891	4.461	0.840	0.004
1.975	4.454	0.850	0.004
2.146	4.455	0.859	0.003
2.341	4.129	0.868	0.003
2.494	3.620	0.878	0.003
2.577	3.331	0.886	0.003
2.600	3.476	0.893	0.003
2.600	3.837	0.898	0.003
2.610	4.088	0.903	0.003
2.585	4.179	0.907	0.003
2.495	4.333	0.911	0.003
2.392	4.712	0.914	0.003
2.345	5.203	0.917	0.003
2.374	5.555	0.919	0.003
2.431	5.666	0.920	0.003
2.460	5.659	0.922	0.004
2.444	5.692	0.923	0.004
2.645	5.770	0.923	0.004
2.965	5.789	0.922	0.004
3.187	5.733	0.921	0.004
3.173	5.738	0.919	0.004
3.030	6.002	0.916	0.004
2.968	6.580	0.912	0.004
3.086	7.316	0.908	0.004
3.263	7.976	0.904	0.004
3.363	8.441	0.899	0.004
3.385	8.787	0.894	0.004
3.437	9.174	0.888	0.004
3.581	9.649	0.883	0.005
3.745	10.120	0.877	0.005
3.834	10.471	0.871	0.005
3.869	10.695	0.865	0.005
4.009	10.920	0.859	0.005
4.259	11.250	0.853	0.005
4.519	11.687	0.847	0.005
4.674	12.158	0.842	0.005
4.698	12.574	0.836	0.005
4.734	12.898	0.831	0.005
4.843	13.142	0.825	0.005
4.901	13.249	0.820	0.006
4.792	13.452	0.816	0.006
4.523	14.042	0.811	0.006
4.356	14.936	0.807	0.006
4.311	15.486	0.803	0.006
4.286	14.970	0.800	0.006
4.175	13.363	0.798	0.006
3.962	11.569	0.796	0.006
3.809	10.469	0.794	0.006
3.836	10.163	0.793	0.005
3.943	10.039	0.792	0.005
3.974	9.560	0.792	0.005
3.889	8.788	0.792	0.005
3.737	8.190	0.792	0.005
3.574	8.011	0.792	0.005
3.387	8.009	0.793	0.005
3.157	7.794	0.794	0.004
2.962	7.245	0.795	0.004
2.815	6.551	0.797	0.004
2.744	5.922	0.800	0.004
2.743	5.376	0.803	0.004
2.766	4.818	0.806	0.004
2.757	4.219	0.810	0.004
2.749	3.649	0.813	0.003
2.776	3.160	0.817	0.003
2.745	2.717	0.821	0.003
2.541	2.260	0.825	0.003
2.183	1.798	0.828	0.003
1.850	1.401	0.831	0.002
1.793	1.113	0.833	0.002
2.105	0.893	0.835	0.002
2.615	0.687	0.836	0.002
3.031	0.486	0.835	0.002
3.168	0.335	0.833	0.001
3.057	0.258	0.830	0.001
2.870	0.230	0.826	0.001
2.779	0.207	0.821	0.001
2.839	0.181	0.816	0.001
3.024	0.184	0.810	0.001
3.251	0.253	0.804	0.001
3.380	0.395	0.797	0.001
3.459	0.586	0.789	0.001
3.485	0.784	0.781	0.001
3.422	0.962	0.773	0.001
3.213	1.117	0.765	0.001
2.830	1.278	0.757	0.001
2.381	1.474	0.750	0.002
2.112	1.707	0.741	0.002
2.050	1.921	0.732	0.002
2.017	2.051	0.723	0.002
1.857	2.087	0.715	0.002
1.612	2.080	0.707	0.002
1.461	2.091	0.700	0.002
1.522	2.138	0.694	0.002
1.720	2.201	0.688	0.002
1.880	2.261	0.682	0.002
1.904	2.329	0.676	0.002
1.860	2.418	0.670	0.002
1.798	2.510	0.665	0.002
1.689	2.560	0.660	0.002
1.496	2.534	0.654	0.002
1.257	2.425	0.649	0.002
1.046	2.262	0.643	0.002
0.898	2.090	0.637	0.002
0.797	1.944	0.631	0.002
0.699	1.826	0.625	0.002
0.601	1.693	0.618	0.002
0.535	1.507	0.611	0.002
0.504	1.264	0.604	0.002
0.481	1.002	0.597	0.002
0.449	0.772	0.592	0.002
0.421	0.597	0.587	0.002
0.429	0.467	0.583	0.001
0.576	0.355	0.579	0.001
0.799	0.253	0.576	0.001
1.019	0.173	0.573	0.001
1.265	0.128	0.571	0.001
1.664	0.115	0.568	0.001
2.338	0.119	0.566	0.001
3.321	0.121	0.564	0.001
4.517	0.118	0.562	0.001
5.801	0.122	0.560	0.001
7.073	0.143	0.559	0.001
8.258	0.180	0.558	0.001
9.440	0.216	0.557	0.001
10.617	0.228	0.556	0.001
11.345	0.220	0.554	0.001
11.356	0.211	0.552	0.001
10.712	0.222	0.550	0.001
9.896	0.235	0.547	0.001
9.414	0.212	0.544	0.001
9.142	0.146	0.541	0.001
8.657	0.071	0.539	0.001
7.864	0.033	0.536	0.001
6.923	0.042	0.533	0.001
6.087	0.064	0.530	0.000
5.385	0.064	0.528	0.000
4.659	0.038	0.526	0.000
3.792	0.015	0.525	0.000
2.897	0.017	0.524	0.000
2.154	0.037	0.524	0.000
1.608	0.055	0.524	0.000
1.153	0.063	0.525	0.000
0.789	0.070	0.526	0.000
0.502	0.087	0.527	0.000
0.304	0.115	0.529	0.000
0.171	0.145	0.532	0.000
0.080	0.168	0.535	0.001
0.028	0.183	0.539	0.001
0.027	0.193	0.543	0.001
0.060	0.201	0.548	0.001
0.085	0.208	0.554	0.001
0.077	0.214	0.561	0.001
0.055	0.215	0.569	0.001
0.051	0.208	0.578	0.001
0.072	0.195	0.588	0.001
0.096	0.181	0.599	0.001
0.098	0.173	0.609	0.001
0.082	0.170	0.620	0.001
0.075	0.162	0.630	0.001
0.082	0.144	0.639	0.001
0.088	0.118	0.648	0.001
0.076	0.096	0.657	0.001
0.053	0.088	0.665	0.001
0.035	0.093	0.672	0.001
0.032	0.100	0.678	0.001
0.041	0.097	0.683	0.000
0.047	0.082	0.687	0.000
0.043	0.061	0.690	0.000
0.088	0.044	0.692	0.000
0.188	0.032	0.693	0.000
0.298	0.026	0.694	0.000
0.304	0.021	0.695	0.000
0.187	0.020	0.697	0.000
0.032	0.022	0.699	0.000
-0.048	0.025	0.702	0.000
-0.027	0.027	0.705	0.000
0.030	0.026	0.708	0.000
0.048	0.024	0.712	0.000
0.019	0.023	0.716	0.000
-0.008	0.023	0.720	0.000
-0.000	0.020	0.723	0.000
0.025	0.015	0.728	0.000
0.033	0.010	0.732	0.000
0.018	0.007	0.736	0.000
0.002	0.007	0.740	0.000
0.004	0.006	0.745	0.000
0.016	0.005	0.751	0.000
0.024	0.004	0.757	0.000
0.020	0.005	0.763	0.000
0.016	0.009	0.769	0.000
0.017	0.014	0.775	0.000
0.023	0.018	0.781	0.000
0.024	0.021	0.788	0.000
0.018	0.023	0.797	0.000
0.012	0.026	0.805	0.000
0.011	0.030	0.814	0.000
0.013	0.035	0.822	0.000
0.017	0.042	0.830	0.000
0.018	0.049	0.838	0.000
0.017	0.055	0.846	0.000
0.016	0.060	0.855	0.000
0.018	0.065	0.863	0.000
0.021	0.070	0.870	0.000
0.021	0.076	0.877	0.000
0.020	0.081	0.884	0.000
0.018	0.082	0.890	0.000
0.018	0.079	0.895	0.000
0.019	0.072	0.900	0.000
0.019	0.064	0.903	0.000
0.018	0.057	0.905	0.000
0.017	0.052	0.906	0.000
0.017	0.048	0.907	0.000
0.018	0.042	0.907	0.000
0.017	0.035	0.906	0.000
0.014	0.031	0.905	0.000
0.010	0.029	0.903	0.000
0.008	0.028	0.902	0.000
0.007	0.026	0.900	0.000
0.006	0.021	0.897	0.000
0.004	0.016	0.894	0.000
0.003	0.014	0.890	0.000
0.003	0.015	0.884	0.000
0.004	0.016	0.878	0.000
0.006	0.017	0.871	0.000
0.005	0.016	0.863	0.000
0.005	0.014	0.854	0.000
0.006	0.012	0.844	0.000
0.008	0.008	0.832	0.000
0.010	0.004	0.819	0.000
0.010	0.001	0.803	0.000
0.007	0.001	0.784	0.000
0.005	0.002	0.760	0.000
0.004	0.003	0.733	0.000
0.004	0.003	0.702	0.000
0.005	0.003	0.669	0.000
0.005	0.003	0.633	0.000
0.004	0.003	0.595	0.000
0.003	0.003	0.555	0.000
