0.000	0.000	0.000	0.000
0.000	0.000	0.000	0.000
0.001	0.000	0.000	0.000
0.002	0.000	0.000	0.000
0.003	0.001	0.000	0.000
0.002	0.003	0.000	0.000
0.002	0.004	0.000	0.000
0.002	0.005	0.000	0.000
0.002	0.004	0.000	0.000
0.002	0.003	0.000	0.000
0.002	0.004	0.000	0.000
0.002	0.004	0.000	0.000
0.002	0.005	0.000	0.000
0.002	0.005	0.000	0.000
0.003	0.004	0.000	0.000
0.003	0.005	0.000	0.000
0.004	0.005	0.000	0.000
0.006	0.006	0.000	0.000
0.009	0.006	0.000	0.000
0.009	0.005	0.000	0.000
0.010	0.005	0.000	0.000
0.010	0.006	0.000	0.000
0.012	0.006	0.000	0.000
0.020	0.006	0.000	0.000
0.026	0.006	0.000	0.000
0.026	0.006	0.000	0.000
0.017	0.007	0.000	0.000
0.011	0.008	0.000	0.000
0.010	0.009	0.000	0.000
0.015	0.010	0.000	0.000
0.019	0.010	0.000	0.000
0.019	0.009	0.000	0.000
0.017	0.009	0.000	0.000
0.013	0.009	0.000	0.000
0.010	0.011	0.000	0.000
0.013	0.012	0.000	0.000
0.019	0.013	0.000	0.000
0.023	0.013	0.000	0.000
0.018	0.012	0.000	0.000
0.015	0.013	0.000	0.000
0.015	0.014	0.000	0.000
0.017	0.015	0.000	0.000
0.021	0.016	0.000	0.000
0.023	0.017	0.000	0.000
0.023	0.018	0.000	0.000
0.019	0.021	0.000	0.000
0.017	0.024	0.000	0.000
0.020	0.025	0.000	0.000
0.022	0.025	0.000	0.000
0.021	0.023	0.000	0.000
0.018	0.021	0.000	0.000
0.019	0.020	0.000	0.000
0.028	0.020	0.000	0.000
0.035	0.019	0.000	0.000
0.035	0.017	0.000	0.000
0.030	0.014	0.000	0.000
0.022	0.011	0.000	0.000
0.016	0.009	0.000	0.000
0.013	0.008	0.000	0.000
0.012	0.008	0.000	0.000
0.010	0.009	0.000	0.000
0.009	0.009	0.000	0.000
0.010	0.010	0.000	0.000
0.014	0.010	0.000	0.000
0.021	0.009	0.000	0.000
0.024	0.008	0.000	0.000
0.025	0.007	0.000	0.000
0.022	0.006	0.000	0.000
0.025	0.006	0.000	0.000
0.034	0.006	0.000	0.000
0.041	0.006	0.000	0.000
0.047	0.008	0.000	0.000
0.060	0.008	0.000	0.000
0.092	0.009	0.000	0.000
0.159	0.009	0.000	0.000
0.272	0.009	0.000	0.000
0.436	0.011	0.000	0.000
0.648	0.014	0.000	0.000
0.906	0.017	0.000	0.000
1.201	0.017	0.000	0.000
1.474	0.016	0.000	0.000
1.741	0.015	0.000	0.000
2.020	0.015	0.000	0.000
2.333	0.015	0.000	0.000
2.726	0.015	0.000	0.000
3.120	0.015	0.000	0.000
3.417	0.015	0.000	0.000
3.642	0.013	0.000	0.000
3.827	0.011	0.000	0.000
3.999	0.009	0.000	0.000
4.086	0.008	0.000	0.000
4.089	0.007	0.000	0.000
3.929	0.006	0.000	0.000
3.848	0.005	0.000	0.000
3.838	0.007	0.000	0.000
3.794	0.010	0.000	0.000
3.589	0.012	0.000	0.000
3.263	0.014	0.000	0.000
2.923	0.014	0.000	0.000
2.663	0.016	0.000	0.000
2.455	0.020	0.142	0.000
2.181	0.024	0.428	0.000
1.854	0.026	0.718	0.000
1.589	0.027	0.847	0.000
1.458	0.028	0.787	0.000
1.414	0.030	0.658	0.000
1.348	0.032	0.601	0.000
1.208	0.034	0.640	0.000
1.040	0.036	0.691	0.000
0.921	0.037	0.681	0.000
0.868	0.037	0.634	0.000
0.829	0.031	0.613	0.000
0.763	0.020	0.638	0.000
0.678	0.008	0.670	0.000
0.610	0.000	0.671	0.000
0.573	-0.001	0.647	0.000
0.542	0.001	0.632	0.000
0.494	0.003	0.639	0.000
0.428	0.004	0.651	0.000
0.368	0.006	0.645	0.000
0.338	0.011	0.624	0.000
0.316	0.016	0.608	0.000
0.280	0.019	0.605	0.000
0.238	0.019	0.607	0.000
0.200	0.016	0.603	0.000
0.178	0.013	0.592	0.000
0.164	0.011	0.584	0.000
0.143	0.010	0.585	0.000
0.111	0.011	0.590	0.000
0.083	0.012	0.589	0.000
0.074	0.013	0.583	0.000
0.084	0.013	0.576	0.000
0.092	0.012	0.569	0.000
0.079	0.012	0.563	0.000
0.050	0.016	0.553	0.000
0.025	0.022	0.541	0.000
0.017	0.029	0.529	0.000
0.020	0.033	0.519	0.000
0.021	0.035	0.510	0.000
0.016	0.034	0.500	0.000
0.009	0.032	0.490	0.000
0.009	0.029	0.481	0.000
0.013	0.025	0.475	0.000
0.015	0.022	0.471	0.000
0.014	0.020	0.468	0.000
0.012	0.018	0.465	0.000
0.016	0.017	0.463	0.000
0.025	0.015	0.463	0.000
0.033	0.012	0.464	0.000
0.036	0.009	0.465	0.000
0.038	0.007	0.468	0.000
0.041	0.006	0.471	0.000
0.041	0.004	0.475	0.000
0.037	0.003	0.479	0.000
0.030	0.002	0.482	0.000
0.025	0.001	0.486	0.000
0.025	0.001	0.489	0.000
0.026	0.001	0.493	0.000
0.026	0.001	0.497	0.000
0.024	0.001	0.501	0.000
0.022	0.002	0.506	0.000
0.024	0.003	0.512	0.000
0.027	0.005	0.518	0.000
0.028	0.007	0.524	0.000
0.025	0.011	0.530	0.000
0.021	0.015	0.535	0.000
0.021	0.022	0.541	0.000
0.025	0.028	0.546	0.000
0.035	0.035	0.552	0.000
0.065	0.041	0.558	0.000
0.219	0.043	0.563	0.000
0.388	0.048	0.567	0.000
0.689	0.114	0.573	0.001
1.037	0.481	0.584	0.001
1.130	0.859	0.599	0.001
0.828	0.938	0.615	0.002
0.344	0.656	0.629	0.002
0.071	0.388	0.643	0.002
0.170	0.327	0.661	0.002
0.488	0.423	0.684	0.002
0.686	0.453	0.710	0.002
0.648	0.333	0.734	0.002
0.523	0.204	0.754	0.001
0.519	0.231	0.773	0.001
0.642	0.387	0.790	0.001
0.777	0.514	0.807	0.001
0.896	0.548	0.821	0.001
1.134	0.583	0.832	0.001
1.612	0.727	0.840	0.001
2.260	0.949	0.847	0.001
2.735	1.183	0.853	0.001
2.762	1.633	0.854	0.002
2.376	2.846	0.850	0.002
1.922	5.209	0.845	0.003
1.620	8.128	0.842	0.003
1.458	9.921	0.844	0.003
1.255	9.068	0.847	0.003
1.022	5.811	0.849	0.003
0.901	2.183	0.848	0.003
1.141	0.217	0.844	0.003
1.542	0.309	0.842	0.003
1.727	1.309	0.842	0.003
1.639	1.898	0.845	0.002
1.712	1.752	0.848	0.002
2.282	1.401	0.851	0.002
3.091	1.286	0.851	0.002
3.441	1.399	0.846	0.002
2.995	1.601	0.832	0.002
2.153	1.734	0.808	0.002
1.552	1.669	0.775	0.002
1.458	1.639	0.744	0.002
1.538	2.036	0.726	0.002
1.385	2.812	0.721	0.002
0.994	3.409	0.725	0.002
0.689	3.276	0.730	0.002
0.743	2.440	0.732	0.002
0.936	1.491	0.732	0.002
0.938	1.013	0.734	0.002
0.687	1.071	0.736	0.002
0.421	1.253	0.738	0.002
0.365	1.189	0.737	0.002
0.488	0.918	0.735	0.002
0.586	0.711	0.733	0.002
0.528	0.705	0.732	0.002
0.423	0.792	0.731	0.001
0.364	0.801	0.730	0.001
0.348	0.714	0.729	0.001
0.299	0.625	0.729	0.001
0.215	0.579	0.730	0.001
0.152	0.523	0.731	0.001
0.158	0.393	0.731	0.001
0.200	0.217	0.730	0.001
0.231	0.086	0.728	0.001
0.400	0.045	0.726	0.001
1.017	0.055	0.724	0.001
2.250	0.087	0.723	0.001
3.664	0.318	0.719	0.001
4.433	1.269	0.714	0.001
3.964	2.308	0.709	0.002
2.619	2.681	0.707	0.003
1.494	2.178	0.708	0.003
1.076	1.395	0.711	0.004
1.235	1.054	0.712	0.004
1.486	1.092	0.712	0.004
1.631	1.077	0.712	0.004
1.905	0.698	0.711	0.003
2.389	0.159	0.710	0.003
2.851	-0.106	0.709	0.002
2.901	0.161	0.708	0.001
2.536	1.038	0.707	0.001
2.082	2.260	0.706	0.001
1.913	3.070	0.705	0.001
2.014	2.830	0.703	0.002
2.089	1.756	0.701	0.002
1.984	0.804	0.700	0.002
1.798	0.772	0.700	0.002
2.018	1.584	0.701	0.002
2.512	2.478	0.701	0.002
3.108	2.878	0.701	0.002
3.854	2.907	0.701	0.002
4.889	3.000	0.700	0.002
5.826	3.667	0.701	0.003
6.128	6.162	0.703	0.003
5.587	8.468	0.707	0.004
4.528	8.766	0.712	0.005
3.402	8.921	0.716	0.005
2.542	8.855	0.720	0.005
1.971	7.836	0.723	0.005
1.616	5.775	0.726	0.005
1.435	3.611	0.731	0.005
1.415	2.308	0.740	0.004
1.450	2.183	0.750	0.004
1.417	2.419	0.759	0.003
1.293	2.067	0.763	0.003
1.170	1.306	0.765	0.002
1.138	1.150	0.765	0.002
1.175	2.049	0.766	0.002
1.174	3.265	0.769	0.002
1.083	3.725	0.773	0.002
0.955	3.154	0.775	0.002
0.935	2.198	0.777	0.002
0.997	1.592	0.780	0.002
1.077	1.480	0.782	0.002
1.274	1.519	0.784	0.002
1.780	1.379	0.783	0.002
2.563	1.016	0.780	0.002
3.175	0.624	0.777	0.002
3.129	0.537	0.775	0.002
2.459	1.240	0.773	0.002
1.709	3.223	0.771	0.002
1.421	5.980	0.769	0.002
1.644	7.777	0.767	0.003
1.987	7.622	0.766	0.003
2.137	6.302	0.766	0.003
2.135	5.581	0.767	0.004
2.194	6.700	0.768	0.004
2.433	9.018	0.770	0.004
2.762	10.675	0.773	0.004
3.026	10.755	0.777	0.004
3.212	10.171	0.781	0.005
3.355	10.266	0.785	0.005
3.440	11.153	0.789	0.005
3.351	11.789	0.792	0.005
3.050	11.389	0.795	0.005
2.645	10.300	0.798	0.005
2.303	9.412	0.799	0.005
2.116	9.102	0.802	0.005
2.032	8.996	0.808	0.005
1.955	8.650	0.820	0.005
1.856	8.067	0.834	0.005
1.786	7.522	0.845	0.005
1.789	7.087	0.852	0.004
1.853	6.570	0.853	0.004
1.960	5.843	0.854	0.004
2.458	5.116	0.855	0.004
3.518	4.724	0.857	0.004
5.201	4.839	0.859	0.004
7.094	5.532	0.859	0.004
8.401	7.113	0.860	0.004
8.728	10.703	0.862	0.005
8.044	17.591	0.865	0.005
6.735	26.877	0.869	0.006
5.319	34.120	0.872	0.006
4.233	34.158	0.874	0.007
3.690	26.412	0.875	0.007
3.728	16.415	0.875	0.007
4.206	10.967	0.875	0.007
4.963	12.153	0.875	0.007
6.280	16.477	0.875	0.007
7.604	19.342	0.875	0.007
8.207	19.427	0.877	0.006
7.842	18.784	0.881	0.006
7.138	19.972	0.884	0.007
6.888	23.529	0.885	0.007
7.387	28.009	0.883	0.007
8.216	31.682	0.881	0.008
8.744	33.605	0.880	0.008
8.750	33.486	0.880	0.008
8.541	31.745	0.879	0.008
8.454	29.710	0.876	0.009
8.533	29.143	0.872	0.009
8.634	30.799	0.869	0.009
8.756	33.476	0.867	0.009
8.822	35.101	0.867	0.009
8.799	35.213	0.868	0.009
8.813	36.446	0.870	0.009
8.749	42.683	0.872	0.010
8.609	54.337	0.873	0.010
8.437	64.919	0.874	0.010
8.213	65.087	0.874	0.011
7.828	52.060	0.873	0.011
7.303	33.825	0.870	0.010
6.803	22.092	0.867	0.010
6.544	21.115	0.864	0.010
6.572	24.957	0.862	0.009
6.807	25.660	0.860	0.008
7.133	21.974	0.859	0.008
7.632	19.056	0.858	0.008
8.581	20.941	0.856	0.008
9.899	25.649	0.853	0.008
10.881	28.851	0.851	0.008
10.846	30.510	0.849	0.008
9.773	35.047	0.849	0.009
8.217	44.350	0.849	0.009
6.911	53.581	0.849	0.009
6.205	55.764	0.849	0.010
5.986	48.903	0.849	0.010
5.972	37.292	0.850	0.010
6.029	26.549	0.851	0.010
6.154	19.223	0.853	0.009
6.316	15.131	0.854	0.008
6.453	14.024	0.854	0.008
6.479	15.756	0.854	0.007
6.437	18.894	0.855	0.007
6.438	20.863	0.856	0.007
6.567	20.432	0.857	0.007
6.809	19.190	0.858	0.007
6.968	19.771	0.860	0.007
6.673	22.928	0.862	0.007
5.765	27.045	0.864	0.007
4.662	30.420	0.865	0.008
4.003	33.239	0.864	0.008
3.975	36.937	0.863	0.009
4.348	41.613	0.862	0.009
4.719	44.939	0.862	0.009
4.902	44.059	0.864	0.009
5.015	38.629	0.866	0.009
5.323	31.398	0.867	0.009
5.978	25.725	0.867	0.009
6.689	22.920	0.867	0.009
7.165	22.088	0.867	0.008
7.371	21.960	0.869	0.008
7.536	22.214	0.870	0.008
7.947	23.140	0.872	0.008
8.562	24.513	0.873	0.008
9.270	25.452	0.874	0.008
10.031	25.391	0.875	0.008
10.732	24.806	0.875	0.008
11.173	24.577	0.875	0.008
11.327	24.911	0.873	0.008
11.676	25.162	0.870	0.008
12.498	24.897	0.866	0.008
13.563	24.581	0.860	0.008
14.464	25.242	0.852	0.008
15.155	26.536	0.840	0.008
15.979	26.993	0.827	0.008
17.183	25.864	0.812	0.008
18.752	24.262	0.795	0.008
20.419	23.913	0.777	0.008
21.854	25.193	0.757	0.008
22.950	26.550	0.737	0.008
24.066	26.806	0.715	0.008
25.240	26.531	0.694	0.008
26.582	27.240	0.671	0.008
28.294	29.648	0.648	0.008
30.469	32.979	0.626	0.008
33.193	35.946	0.604	0.009
36.163	38.209	0.584	0.009
39.267	40.422	0.566	0.009
42.610	43.200	0.551	0.010
46.513	46.327	0.538	0.010
50.950	49.280	0.525	0.010
55.482	51.739	0.513	0.011
59.549	53.828	0.500	0.011
63.265	55.618	0.489	0.011
67.185	56.971	0.479	0.011
71.650	57.838	0.470	0.011
76.598	58.704	0.464	0.012
81.531	60.155	0.460	0.012
86.471	62.472	0.457	0.012
91.420	65.592	0.457	0.012
95.804	69.192	0.460	0.012
99.119	72.879	0.463	0.013
101.511	76.517	0.466	0.013
102.297	80.328	0.470	0.013
101.173	84.177	0.475	0.014
99.334	87.180	0.480	0.014
97.764	88.394	0.485	0.014
96.714	88.078	0.491	0.014
95.592	87.388	0.496	0.014
93.624	86.445	0.500	0.014
91.293	83.688	0.505	0.014
89.447	77.823	0.509	0.014
88.399	70.104	0.513	0.014
87.653	63.555	0.517	0.013
85.893	60.005	0.522	0.013
83.426	58.623	0.527	0.013
81.115	57.120	0.533	0.012
79.121	54.296	0.538	0.012
77.201	50.770	0.544	0.012
74.774	47.668	0.548	0.011
71.977	45.231	0.551	0.011
69.877	43.053	0.554	0.011
68.181	41.245	0.556	0.011
65.918	40.461	0.559	0.010
62.717	41.118	0.561	0.010
59.114	42.813	0.563	0.010
56.251	44.902	0.564	0.010
54.477	47.194	0.563	0.010
52.720	50.035	0.560	0.010
50.351	53.199	0.557	0.011
47.488	55.238	0.552	0.011
45.029	54.623	0.547	0.011
43.208	51.455	0.540	0.011
41.671	47.434	0.533	0.011
39.753	44.168	0.524	0.011
37.450	42.050	0.516	0.011
35.851	41.005	0.506	0.011
35.411	41.146	0.496	0.010
35.344	42.200	0.485	0.010
34.757	42.847	0.473	0.010
33.017	41.818	0.460	0.010
30.610	39.499	0.447	0.010
28.525	37.534	0.434	0.010
27.607	36.652	0.421	0.010
28.054	35.954	0.407	0.010
31.036	34.482	0.392	0.009
39.695	32.695	0.376	0.009
54.802	31.668	0.358	0.009
72.750	31.566	0.337	0.009
84.059	30.879	0.314	0.009
77.763	27.814	0.291	0.008
54.579	22.453	0.271	0.008
27.814	16.814	0.257	0.008
12.625	13.847	0.249	0.007
12.123	16.520	0.242	0.007
17.570	24.929	0.236	0.007
18.522	34.886	0.230	0.008
12.977	40.934	0.224	0.008
6.622	40.519	0.220	0.008
4.505	35.794	0.217	0.009
5.693	30.755	0.214	0.009
6.107	27.714	0.211	0.009
4.113	26.735	0.209	0.009
1.765	27.205	0.207	0.009
1.599	28.608	0.204	0.008
3.975	30.012	0.201	0.008
7.657	29.542	0.196	0.008
12.065	25.692	0.190	0.008
17.552	19.039	0.183	0.007
23.704	12.135	0.175	0.007
27.721	7.369	0.167	0.006
26.250	5.086	0.160	0.006
19.447	3.865	0.154	0.005
11.573	2.398	0.150	0.004
8.833	0.841	0.147	0.003
14.912	0.254	0.145	0.003
27.749	1.503	0.143	0.003
40.333	4.522	0.140	0.003
45.474	7.740	0.138	0.003
40.501	9.042	0.136	0.003
28.688	7.828	0.134	0.003
16.975	5.562	0.132	0.003
10.087	4.374	0.131	0.004
8.314	5.054	0.131	0.004
8.968	6.517	0.132	0.004
9.584	7.208	0.134	0.004
9.587	6.962	0.137	0.004
9.534	7.076	0.140	0.004
9.496	8.634	0.144	0.004
8.922	11.175	0.148	0.005
7.582	13.230	0.152	0.005
6.105	14.007	0.156	0.005
5.305	14.031	0.160	0.005
5.231	13.825	0.164	0.005
5.307	12.994	0.169	0.005
5.314	10.921	0.174	0.005
5.621	8.182	0.180	0.005
6.602	6.560	0.186	0.005
7.865	6.984	0.192	0.005
8.339	8.122	0.197	0.005
9.108	8.345	0.200	0.004
11.598	6.856	0.201	0.004
15.218	5.202	0.198	0.004
17.481	4.938	0.196	0.004
16.732	6.170	0.194	0.004
13.555	7.638	0.194	0.004
10.231	7.888	0.194	0.004
8.456	6.605	0.194	0.004
8.005	4.913	0.194	0.003
7.628	4.088	0.195	0.003
6.810	4.482	0.196	0.003
6.110	5.524	0.198	0.003
6.031	6.540	0.199	0.003
6.211	7.418	0.201	0.004
5.886	8.340	0.204	0.004
4.899	9.239	0.207	0.004
3.794	9.709	0.211	0.004
3.145	9.499	0.216	0.004
2.948	8.990	0.222	0.005
2.804	8.901	0.228	0.005
2.488	9.579	0.235	0.005
2.200	10.594	0.241	0.005
2.183	11.265	0.248	0.005
2.396	11.421	0.256	0.005
2.590	11.514	0.263	0.005
2.616	12.024	0.269	0.005
2.667	12.868	0.275	0.005
2.966	13.472	0.280	0.005
3.393	13.488	0.285	0.005
3.735	13.130	0.288	0.006
4.015	12.901	0.290	0.006
4.456	13.089	0.291	0.006
5.309	13.632	0.291	0.006
6.519	14.403	0.289	0.006
7.388	15.409	0.286	0.006
7.299	16.727	0.282	0.006
6.807	17.809	0.279	0.006
7.413	17.311	0.278	0.006
10.333	14.397	0.278	0.006
14.738	10.444	0.279	0.006
17.660	8.507	0.282	0.006
16.981	10.633	0.286	0.006
13.524	15.850	0.291	0.006
9.892	21.107	0.294	0.006
8.022	23.746	0.296	0.006
7.783	23.132	0.296	0.006
7.836	20.157	0.294	0.006
7.412	16.379	0.288	0.007
6.968	13.275	0.278	0.007
7.196	11.829	0.266	0.006
7.869	12.260	0.251	0.006
8.171	13.953	0.235	0.006
7.823	15.678	0.217	0.006
7.158	16.532	0.199	0.006
6.718	16.509	0.180	0.006
6.697	16.315	0.162	0.006
6.800	16.371	0.147	0.006
6.796	16.374	0.135	0.006
6.762	15.751	0.126	0.006
7.193	14.381	0.119	0.006
8.250	12.843	0.114	0.006
9.883	11.795	0.111	0.006
11.280	11.291	0.108	0.006
11.987	10.889	0.107	0.005
12.246	10.264	0.110	0.005
12.682	9.620	0.118	0.005
13.761	9.339	0.134	0.005
14.986	9.446	0.157	0.005
15.696	9.546	0.188	0.005
15.653	9.324	0.225	0.005
15.540	8.961	0.263	0.005
16.379	9.004	0.297	0.005
17.581	9.804	0.321	0.005
18.104	11.214	0.333	0.005
17.719	12.839	0.336	0.005
17.163	14.509	0.336	0.005
17.284	16.417	0.337	0.006
18.028	18.834	0.340	0.006
18.595	21.689	0.344	0.006
18.351	24.508	0.347	0.007
17.554	26.854	0.352	0.007
16.843	28.617	0.359	0.008
16.551	30.040	0.366	0.008
16.731	31.497	0.371	0.008
18.180	33.208	0.372	0.008
23.107	35.121	0.370	0.009
34.578	37.334	0.364	0.009
52.155	40.825	0.353	0.010
70.031	48.290	0.338	0.010
80.789	64.111	0.324	0.011
81.977	90.025	0.313	0.012
76.553	120.741	0.308	0.014
66.341	146.296	0.308	0.015
54.177	160.241	0.310	0.016
43.201	163.923	0.311	0.017
37.116	162.482	0.312	0.018
37.704	157.233	0.314	0.019
42.552	147.227	0.318	0.019
47.161	134.555	0.325	0.019
48.581	125.563	0.332	0.019
47.786	124.908	0.342	0.018
47.890	131.750	0.356	0.018
50.060	141.372	0.373	0.018
52.712	150.583	0.391	0.019
54.205	160.162	0.408	0.019
54.791	172.144	0.423	0.019
55.812	186.558	0.436	0.020
57.816	201.911	0.448	0.021
60.150	217.244	0.460	0.021
61.427	233.173	0.472	0.022
61.445	250.352	0.482	0.023
61.141	268.140	0.493	0.024
61.103	284.528	0.503	0.024
61.159	297.159	0.514	0.025
60.581	304.560	0.523	0.026
59.252	306.576	0.532	0.026
58.019	304.025	0.538	0.026
57.246	297.882	0.544	0.027
56.544	288.849	0.549	0.027
55.264	277.562	0.552	0.026
53.453	264.854	0.554	0.026
51.821	251.822	0.555	0.026
50.882	238.536	0.556	0.025
50.991	223.786	0.556	0.024
52.331	205.980	0.556	0.024
55.359	184.331	0.556	0.023
59.165	159.462	0.555	0.022
62.408	133.705	0.554	0.021
64.342	110.100	0.553	0.019
64.746	91.001	0.552	0.018
63.890	77.086	0.552	0.017
61.603	67.802	0.554	0.016
57.715	62.646	0.555	0.014
53.175	61.288	0.557	0.014
48.820	62.445	0.559	0.013
44.826	63.578	0.558	0.013
40.590	62.597	0.556	0.012
35.723	59.741	0.551	0.012
30.543	56.794	0.545	0.012
26.073	54.666	0.535	0.012
22.992	52.811	0.525	0.012
21.146	50.906	0.513	0.012
20.103	50.396	0.501	0.012
19.659	53.287	0.490	0.011
20.101	58.950	0.479	0.012
22.783	64.061	0.470	0.012
29.613	65.604	0.462	0.012
42.038	62.786	0.457	0.012
59.483	56.291	0.454	0.012
78.766	46.737	0.453	0.011
93.743	34.658	0.456	0.010
95.980	21.641	0.460	0.010
80.144	10.236	0.466	0.009
53.534	3.158	0.469	0.007
30.755	1.658	0.469	0.006
22.305	5.083	0.463	0.006
27.218	13.461	0.454	0.005
37.005	27.441	0.442	0.006
45.725	43.074	0.427	0.006
55.906	52.643	0.411	0.007
69.743	51.901	0.391	0.008
83.580	44.723	0.371	0.009
86.651	39.191	0.352	0.009
73.389	39.165	0.338	0.010
49.291	40.782	0.331	0.010
26.836	38.137	0.329	0.010
14.256	30.974	0.330	0.009
10.736	25.099	0.333	0.009
10.416	25.769	0.335	0.009
9.777	32.388	0.338	0.009
9.943	39.450	0.339	0.009
14.052	41.933	0.340	0.009
24.178	38.679	0.341	0.009
39.301	31.596	0.343	0.009
55.467	23.240	0.345	0.008
67.383	15.811	0.349	0.008
68.489	11.164	0.352	0.007
57.066	10.134	0.354	0.007
37.681	11.507	0.355	0.006
19.243	12.284	0.355	0.006
8.742	10.323	0.354	0.005
6.663	6.568	0.352	0.005
8.435	4.307	0.350	0.004
9.521	6.048	0.346	0.004
8.571	11.194	0.341	0.005
7.065	16.389	0.336	0.005
6.995	18.603	0.332	0.005
9.807	17.831	0.327	0.005
17.349	16.551	0.320	0.006
31.321	17.188	0.310	0.006
51.843	20.930	0.298	0.007
74.403	28.702	0.282	0.008
89.225	43.040	0.263	0.009
88.576	68.752	0.242	0.010
71.795	105.780	0.220	0.011
46.528	121.719	0.202	0.013
24.591	108.459	0.188	0.013
13.210	74.238	0.180	0.014
11.200	42.070	0.177	0.014
12.522	28.821	0.175	0.014
12.512	34.804	0.175	0.013
10.733	45.150	0.176	0.012
8.923	46.876	0.179	0.011
7.997	38.589	0.185	0.010
7.256	26.824	0.192	0.009
5.968	17.857	0.201	0.009
4.552	13.541	0.212	0.008
3.914	12.452	0.224	0.007
4.190	12.451	0.238	0.007
4.725	12.141	0.253	0.006
4.618	11.192	0.270	0.006
3.871	10.062	0.287	0.005
3.137	9.367	0.306	0.005
2.895	9.197	0.326	0.005
3.096	9.046	0.347	0.005
3.251	8.395	0.369	0.005
3.078	7.299	0.390	0.005
2.703	6.275	0.410	0.004
2.394	5.674	0.431	0.004
2.254	5.367	0.451	0.004
2.197	5.015	0.471	0.004
2.101	4.487	0.489	0.004
1.955	3.933	0.507	0.003
1.812	3.528	0.523	0.003
1.704	3.277	0.537	0.003
1.612	3.070	0.550	0.003
1.501	2.839	0.562	0.003
1.374	2.601	0.572	0.003
1.279	2.402	0.582	0.003
1.249	2.247	0.591	0.003
1.278	2.172	0.599	0.002
1.334	2.244	0.606	0.002
1.458	2.450	0.611	0.002
1.592	2.657	0.615	0.002
1.683	2.644	0.618	0.002
1.698	2.446	0.621	0.002
1.658	2.368	0.624	0.002
1.622	2.539	0.626	0.002
1.668	2.865	0.627	0.002
1.771	3.101	0.629	0.003
1.846	3.071	0.630	0.002
1.842	2.736	0.631	0.002
1.788	2.218	0.631	0.002
1.763	1.769	0.631	0.002
1.794	1.629	0.632	0.002
1.862	1.827	0.633	0.002
1.934	2.200	0.636	0.002
1.992	2.537	0.642	0.002
2.086	2.705	0.651	0.002
2.278	2.729	0.663	0.002
2.608	2.728	0.676	0.002
2.929	2.784	0.688	0.003
3.092	2.929	0.694	0.003
3.075	3.196	0.696	0.003
3.009	3.621	0.696	0.003
3.029	4.089	0.696	0.003
3.164	4.325	0.698	0.003
3.312	4.162	0.702	0.003
3.481	3.778	0.705	0.003
3.742	3.572	0.709	0.003
4.047	3.793	0.716	0.003
4.305	4.257	0.728	0.003
4.460	4.589	0.744	0.003
4.613	4.626	0.761	0.003
5.227	4.558	0.775	0.003
5.986	4.683	0.784	0.003
6.382	5.064	0.788	0.003
6.186	5.499	0.791	0.003
5.747	5.801	0.796	0.004
5.597	6.012	0.802	0.004
5.740	6.324	0.810	0.004
5.935	6.821	0.817	0.004
5.995	7.410	0.821	0.004
6.181	7.985	0.823	0.004
6.693	8.647	0.823	0.004
7.400	9.526	0.823	0.004
8.080	10.686	0.822	0.005
8.389	11.549	0.822	0.005
8.316	11.310	0.824	0.005
8.165	9.813	0.829	0.005
8.191	7.931	0.833	0.005
8.506	6.878	0.837	0.005
8.966	7.300	0.838	0.005
9.273	8.534	0.839	0.005
9.270	9.452	0.840	0.005
9.115	9.479	0.843	0.005
9.116	8.934	0.845	0.005
9.375	8.387	0.845	0.005
9.723	8.159	0.844	0.005
9.979	8.146	0.843	0.005
10.055	8.186	0.843	0.005
10.035	8.247	0.841	0.004
9.896	8.308	0.839	0.004
9.805	8.244	0.838	0.004
9.862	8.032	0.839	0.004
10.093	7.897	0.842	0.004
10.271	8.098	0.844	0.004
10.293	8.566	0.843	0.004
10.130	8.896	0.841	0.004
9.799	8.748	0.839	0.004
9.444	8.281	0.839	0.004
9.248	7.998	0.840	0.005
9.188	8.224	0.841	0.005
9.294	8.803	0.842	0.005
9.480	9.290	0.843	0.005
9.550	9.401	0.844	0.005
9.377	9.200	0.845	0.005
9.012	8.895	0.845	0.005
8.663	8.659	0.845	0.005
8.494	8.630	0.845	0.005
8.460	8.895	0.845	0.005
8.432	9.447	0.846	0.005
8.374	10.092	0.846	0.005
8.346	10.550	0.846	0.005
8.417	10.701	0.845	0.005
8.655	10.742	0.844	0.005
8.917	10.963	0.842	0.005
9.044	11.496	0.841	0.005
9.021	12.280	0.839	0.005
8.843	13.191	0.837	0.005
8.689	14.157	0.834	0.006
8.677	15.138	0.832	0.006
8.663	16.045	0.829	0.006
8.551	16.797	0.826	0.006
8.379	17.478	0.823	0.006
8.197	18.223	0.819	0.006
8.037	19.033	0.816	0.006
7.947	19.713	0.812	0.007
7.818	20.034	0.808	0.007
7.544	19.991	0.805	0.007
7.262	19.802	0.802	0.007
7.435	19.622	0.800	0.007
7.987	19.367	0.798	0.007
8.507	18.682	0.796	0.007
9.523	17.138	0.796	0.007
9.650	14.794	0.795	0.006
8.874	12.545	0.795	0.006
7.845	11.323	0.794	0.006
7.312	11.219	0.790	0.006
6.919	11.357	0.786	0.005
6.314	10.597	0.784	0.005
5.308	8.879	0.783	0.005
4.499	7.746	0.783	0.005
4.440	9.067	0.783	0.005
5.004	12.858	0.782	0.005
5.493	16.774	0.779	0.005
5.532	18.474	0.777	0.006
5.335	18.010	0.775	0.006
5.354	17.480	0.773	0.006
5.692	18.477	0.770	0.006
6.075	20.614	0.768	0.007
6.255	22.358	0.765	0.007
6.301	22.813	0.764	0.007
6.374	22.520	0.762	0.007
6.456	22.562	0.761	0.007
6.431	23.349	0.759	0.007
6.307	24.458	0.758	0.007
6.269	25.327	0.756	0.008
6.450	25.747	0.754	0.008
6.735	25.798	0.752	0.008
6.929	25.568	0.749	0.008
6.962	25.126	0.747	0.008
6.900	24.639	0.745	0.008
6.813	24.268	0.742	0.008
6.733	23.999	0.739	0.008
6.658	23.724	0.736	0.008
6.613	23.471	0.733	0.008
6.650	23.463	0.731	0.008
6.814	23.817	0.729	0.008
7.116	24.259	0.727	0.008
7.419	24.229	0.725	0.008
7.610	23.323	0.723	0.007
7.787	21.670	0.720	0.007
7.955	19.846	0.718	0.007
8.163	18.468	0.717	0.007
8.420	17.839	0.716	0.007
8.602	17.750	0.715	0.007
8.626	17.648	0.715	0.007
8.518	17.102	0.714	0.007
8.332	16.137	0.714	0.006
8.201	15.169	0.714	0.006
8.339	14.596	0.714	0.006
8.786	14.477	0.715	0.006
9.405	14.313	0.716	0.006
10.047	13.522	0.717	0.006
10.646	12.180	0.719	0.006
11.233	11.173	0.721	0.006
11.840	11.556	0.723	0.006
12.401	13.499	0.725	0.006
12.790	15.041	0.727	0.005
13.002	14.021	0.728	0.005
13.236	10.440	0.730	0.005
13.516	6.681	0.733	0.005
13.753	5.317	0.735	0.005
13.906	6.689	0.738	0.005
13.932	8.520	0.741	0.004
13.908	8.581	0.743	0.004
13.856	6.780	0.746	0.004
13.889	4.703	0.748	0.004
14.035	3.643	0.750	0.004
14.286	3.531	0.751	0.004
14.674	3.567	0.752	0.003
15.125	3.412	0.752	0.003
15.664	3.442	0.752	0.003
16.334	3.861	0.752	0.003
17.187	4.292	0.752	0.003
17.806	4.344	0.751	0.003
17.868	4.211	0.750	0.003
17.475	4.485	0.748	0.003
17.051	5.398	0.747	0.003
16.993	6.322	0.745	0.004
17.040	6.824	0.742	0.004
17.123	7.309	0.738	0.004
16.880	9.034	0.733	0.004
16.390	12.478	0.728	0.005
16.181	16.228	0.724	0.005
16.425	17.833	0.719	0.005
16.723	16.994	0.713	0.006
16.817	15.345	0.706	0.006
17.022	14.697	0.700	0.006
17.271	14.792	0.694	0.006
17.276	14.185	0.686	0.006
16.988	12.832	0.678	0.006
16.506	12.561	0.669	0.006
16.173	14.783	0.661	0.006
16.193	18.728	0.653	0.006
16.420	22.114	0.645	0.006
16.572	23.377	0.638	0.007
16.462	22.972	0.632	0.007
16.235	22.343	0.627	0.007
16.090	22.007	0.622	0.007
16.146	21.320	0.618	0.007
16.201	19.864	0.615	0.007
16.028	18.609	0.614	0.007
15.530	19.447	0.614	0.007
14.799	23.424	0.615	0.007
13.938	29.419	0.615	0.008
13.071	34.668	0.615	0.008
12.290	36.641	0.614	0.008
11.527	34.928	0.612	0.008
10.687	31.358	0.612	0.009
9.818	28.181	0.613	0.009
9.038	26.217	0.615	0.008
8.431	24.656	0.616	0.008
7.943	22.496	0.617	0.008
7.468	19.824	0.618	0.008
6.992	17.506	0.618	0.007
6.587	16.018	0.620	0.007
6.357	14.936	0.621	0.007
6.243	13.626	0.622	0.006
5.983	12.059	0.624	0.006
5.383	10.741	0.626	0.006
4.551	9.929	0.629	0.005
3.794	9.246	0.631	0.005
3.306	8.104	0.634	0.005
3.046	6.420	0.636	0.005
2.935	4.733	0.639	0.004
2.788	3.648	0.641	0.004
2.598	3.338	0.643	0.004
2.448	3.589	0.644	0.003
2.448	4.214	0.645	0.003
2.602	5.243	0.644	0.003
2.874	6.764	0.643	0.004
3.185	8.729	0.640	0.004
3.532	10.970	0.636	0.004
3.981	13.327	0.630	0.005
4.615	15.730	0.622	0.005
5.554	18.098	0.613	0.006
6.775	20.319	0.603	0.006
8.180	22.341	0.590	0.006
9.724	24.245	0.576	0.007
11.379	26.099	0.560	0.007
13.146	27.901	0.543	0.008
15.030	29.729	0.525	0.008
17.005	31.765	0.506	0.008
18.993	34.031	0.487	0.008
21.030	36.065	0.468	0.009
23.261	37.111	0.449	0.009
25.744	36.767	0.430	0.009
28.391	35.395	0.411	0.009
31.215	33.893	0.391	0.009
33.901	32.828	0.372	0.009
36.212	32.033	0.355	0.009
38.287	30.792	0.338	0.009
40.429	29.067	0.322	0.009
42.978	27.731	0.307	0.009
45.792	26.852	0.292	0.008
48.668	24.923	0.278	0.008
51.258	20.463	0.265	0.008
54.129	14.002	0.252	0.007
57.581	8.426	0.239	0.007
61.490	6.428	0.226	0.006
65.747	8.034	0.214	0.006
69.961	10.712	0.201	0.005
74.262	11.782	0.189	0.005
79.258	11.184	0.178	0.005
85.317	10.974	0.168	0.005
91.196	12.679	0.160	0.005
95.606	15.490	0.153	0.005
98.552	17.190	0.149	0.006
101.205	16.595	0.147	0.006
104.784	15.127	0.149	0.006
108.358	15.295	0.154	0.006
110.352	18.343	0.162	0.006
110.048	23.308	0.174	0.007
107.801	28.264	0.187	0.007
105.578	32.031	0.201	0.008
104.626	34.850	0.216	0.008
104.534	37.699	0.232	0.009
104.080	41.253	0.247	0.009
103.169	45.301	0.261	0.010
101.579	49.184	0.272	0.010
100.140	52.459	0.282	0.010
99.464	55.111	0.289	0.011
99.203	57.512	0.295	0.011
98.762	60.205	0.300	0.011
98.386	63.492	0.304	0.012
98.667	67.307	0.306	0.012
99.369	71.226	0.307	0.012
99.950	74.876	0.308	0.013
99.614	78.164	0.308	0.013
97.861	81.104	0.307	0.013
95.929	83.604	0.305	0.014
94.868	85.836	0.304	0.014
94.441	87.695	0.303	0.014
93.602	89.208	0.304	0.014
91.606	90.518	0.304	0.014
88.461	91.552	0.305	0.015
84.590	92.051	0.307	0.015
81.092	91.870	0.310	0.015
77.950	90.569	0.313	0.015
74.675	88.469	0.317	0.015
70.489	85.844	0.322	0.015
66.291	81.835	0.326	0.014
62.891	75.727	0.331	0.014
60.287	68.082	0.336	0.014
58.379	60.451	0.341	0.013
56.803	54.595	0.346	0.013
55.819	50.759	0.351	0.012
56.146	48.004	0.356	0.012
57.814	46.202	0.361	0.012
60.019	46.588	0.365	0.011
62.385	49.995	0.369	0.011
64.911	55.037	0.374	0.011
66.813	58.616	0.378	0.011
66.722	59.204	0.382	0.011
63.116	59.108	0.387	0.012
57.136	62.224	0.391	0.012
51.612	69.442	0.395	0.012
49.870	77.237	0.399	0.013
51.736	81.759	0.404	0.013
54.622	83.433	0.408	0.013
55.980	86.269	0.411	0.014
55.036	93.128	0.415	0.014
52.987	102.319	0.418	0.015
51.359	109.131	0.420	0.015
50.589	109.942	0.422	0.015
49.785	104.303	0.424	0.015
48.760	93.856	0.425	0.015
48.443	80.737	0.426	0.015
49.647	67.057	0.427	0.014
52.073	55.319	0.428	0.014
54.701	47.380	0.428	0.013
56.391	42.983	0.427	0.012
57.058	39.936	0.427	0.011
56.806	36.164	0.426	0.011
56.603	31.454	0.426	0.010
56.320	27.379	0.425	0.009
54.882	25.172	0.425	0.009
51.365	24.895	0.425	0.009
45.578	26.108	0.425	0.008
39.595	28.537	0.423	0.008
35.287	31.437	0.421	0.008
32.571	33.163	0.417	0.008
30.275	31.968	0.412	0.008
27.619	27.815	0.408	0.008
24.895	22.993	0.404	0.008
22.955	19.816	0.401	0.008
22.638	18.437	0.397	0.008
22.994	17.766	0.395	0.007
23.094	17.403	0.392	0.007
22.271	18.033	0.390	0.007
20.884	20.348	0.387	0.007
20.105	23.101	0.384	0.007
21.448	23.777	0.382	0.007
25.579	21.699	0.379	0.007
31.399	19.069	0.377	0.007
35.797	18.792	0.374	0.007
36.757	21.527	0.371	0.007
35.529	24.741	0.370	0.007
34.287	25.335	0.370	0.007
33.299	23.095	0.371	0.007
30.177	20.632	0.372	0.007
24.044	20.633	0.375	0.007
17.633	23.221	0.378	0.007
14.595	26.009	0.382	0.007
15.839	26.534	0.384	0.008
18.791	24.940	0.387	0.008
20.477	23.603	0.389	0.008
21.261	24.601	0.393	0.008
23.654	27.975	0.398	0.008
28.313	32.510	0.404	0.008
32.323	37.284	0.411	0.009
33.501	42.409	0.420	0.009
33.500	47.676	0.428	0.009
36.734	51.289	0.435	0.010
45.222	51.006	0.442	0.010
56.175	46.926	0.448	0.010
64.088	42.187	0.454	0.010
66.114	40.874	0.461	0.011
63.728	44.503	0.469	0.011
59.832	50.920	0.479	0.011
54.039	56.613	0.489	0.011
45.080	60.061	0.500	0.011
33.465	62.298	0.512	0.011
23.381	65.004	0.525	0.012
18.980	68.433	0.539	0.012
21.500	71.286	0.554	0.012
27.521	72.339	0.569	0.013
33.144	71.497	0.584	0.013
36.651	69.342	0.598	0.013
38.417	66.531	0.612	0.013
39.020	63.543	0.626	0.013
39.556	60.520	0.640	0.012
41.701	57.163	0.654	0.012
47.286	53.047	0.667	0.012
56.737	48.321	0.680	0.012
66.986	44.571	0.693	0.011
73.380	44.453	0.706	0.011
72.519	49.436	0.718	0.011
64.361	57.321	0.730	0.011
51.946	62.679	0.740	0.011
39.302	61.077	0.749	0.011
29.442	53.268	0.757	0.011
23.442	44.534	0.764	0.011
21.048	39.466	0.769	0.011
21.177	38.228	0.774	0.011
22.267	38.065	0.779	0.010
23.331	37.356	0.783	0.010
24.313	37.292	0.786	0.010
25.928	39.951	0.789	0.010
28.407	45.550	0.790	0.010
31.128	51.367	0.791	0.010
32.678	54.772	0.792	0.011
32.288	56.548	0.791	0.011
31.290	60.392	0.791	0.011
32.139	69.055	0.790	0.012
36.280	80.768	0.789	0.013
42.746	90.096	0.788	0.013
49.297	94.342	0.788	0.014
54.563	95.765	0.788	0.014
58.523	97.548	0.788	0.014
61.174	98.923	0.787	0.015
61.949	96.161	0.787	0.015
60.007	88.039	0.786	0.015
56.021	78.307	0.786	0.015
51.608	72.262	0.785	0.014
48.246	71.551	0.785	0.014
46.196	73.090	0.784	0.014
44.524	73.975	0.784	0.014
42.053	75.992	0.784	0.014
39.323	83.668	0.785	0.014
38.021	96.761	0.786	0.014
40.041	107.083	0.788	0.014
46.076	105.681	0.790	0.015
52.738	92.644	0.792	0.015
55.501	78.469	0.795	0.015
53.870	74.773	0.797	0.015
52.333	83.250	0.799	0.015
55.886	94.560	0.802	0.015
64.678	97.946	0.806	0.014
74.088	90.917	0.812	0.014
79.314	79.515	0.820	0.014
80.263	70.787	0.829	0.014
79.928	66.383	0.834	0.014
79.592	64.261	0.835	0.013
76.850	63.083	0.834	0.013
71.028	63.220	0.834	0.017
61.168	327.722	0.836	0.034
48.846	867.220	0.839	0.068
37.027	1431.130	0.841	0.112
27.927	2061.991	0.843	0.152
21.593	8567.630	0.844	0.178
17.013	14711.970	0.845	0.187
13.754	14982.045	0.846	0.187
11.619	8257.900	0.845	0.186
10.555	2024.452	0.844	0.185
10.187	1037.618	0.843	0.183
9.948	4571.477	0.844	0.180
9.684	7127.819	0.849	0.178
10.088	4924.121	0.856	0.178
13.108	261.310	0.862	0.177
20.268	-2071.694	0.861	0.173
31.907	-728.807	0.853	0.159
46.006	1350.321	0.837	0.134
58.497	1326.805	0.818	0.099
62.770	-338.812	0.797	0.058
54.867	-1261.268	0.778	0.020
38.308	-458.647	0.761	-0.001
22.188	754.505	0.749	-0.003
13.972	841.317	0.742	0.005
14.290	-62.837	0.738	0.011
18.165	-664.973	0.733	0.010
20.790	-310.573	0.726	0.006
21.642	368.147	0.716	0.005
22.787	486.517	0.704	0.008
25.382	26.049	0.692	0.010
28.317	-327.050	0.680	0.010
29.984	-158.519	0.668	0.008
30.504	230.508	0.656	0.008
31.229	335.373	0.644	0.011
33.096	98.944	0.632	0.013
35.426	-111.405	0.622	0.014
37.325	-33.897	0.612	0.013
38.623	193.371	0.602	0.014
39.881	279.740	0.593	0.015
41.584	162.041	0.586	0.017
43.305	33.758	0.579	0.017
44.703	60.604	0.574	0.017
45.746	187.703	0.568	0.018
47.403	250.232	0.564	0.018
49.032	192.137	0.560	0.019
50.104	109.742	0.556	0.020
50.770	105.599	0.553	0.019
52.224	166.825	0.550	0.019
55.564	206.009	0.548	0.019
60.899	180.677	0.547	0.020
68.041	133.763	0.547	0.020
76.278	123.194	0.548	0.019
84.041	150.979	0.549	0.019
86.601	174.193	0.551	0.019
79.934	165.438	0.554	0.019
66.438	138.634	0.557	0.019
52.480	119.543	0.561	0.018
43.327	111.022	0.564	0.018
40.583	98.731	0.566	0.017
42.001	79.768	0.568	0.016
45.923	69.795	0.569	0.016
51.808	80.444	0.570	0.015
59.911	100.673	0.568	0.015
69.662	106.465	0.564	0.014
80.453	87.972	0.556	0.014
91.179	59.471	0.547	0.013
101.983	40.908	0.535	0.012
112.221	36.781	0.521	0.012
120.653	36.014	0.505	0.011
126.605	28.805	0.487	0.010
129.681	17.611	0.467	0.009
129.631	11.492	0.447	0.008
127.132	13.569	0.427	0.007
122.248	18.121	0.407	0.007
115.534	18.790	0.387	0.007
106.567	16.258	0.369	0.006
97.079	16.047	0.351	0.006
89.037	20.568	0.336	0.007
83.049	26.819	0.321	0.007
78.201	30.807	0.309	0.007
73.105	31.986	0.298	0.008
67.719	33.264	0.289	0.008
62.800	37.118	0.282	0.009
59.326	43.277	0.276	0.009
57.104	49.702	0.272	0.010
55.006	55.204	0.269	0.010
52.748	60.171	0.269	0.011
51.530	65.356	0.271	0.011
50.877	70.691	0.275	0.012
49.602	74.750	0.280	0.012
46.933	76.194	0.285	0.013
43.719	75.774	0.291	0.013
41.569	76.811	0.298	0.013
41.051	82.638	0.305	0.014
41.391	93.153	0.313	0.014
41.535	103.386	0.322	0.014
41.140	107.985	0.332	0.015
40.864	106.038	0.343	0.015
41.072	101.837	0.357	0.015
41.440	100.362	0.372	0.016
41.658	102.231	0.390	0.016
41.835	103.458	0.410	0.016
42.329	100.257	0.430	0.016
43.114	93.503	0.450	0.015
43.868	88.245	0.467	0.015
44.273	88.033	0.483	0.015
44.491	91.440	0.496	0.015
44.804	93.410	0.507	0.015
45.231	90.727	0.516	0.015
45.392	84.546	0.524	0.015
44.922	78.438	0.531	0.014
44.234	74.792	0.536	0.014
43.446	73.997	0.541	0.014
42.286	75.011	0.544	0.014
40.538	76.524	0.546	0.014
38.572	77.032	0.546	0.014
37.230	75.530	0.543	0.013
36.533	72.587	0.539	0.013
36.017	69.884	0.533	0.013
35.276	68.509	0.526	0.013
34.479	68.035	0.519	0.013
33.911	66.894	0.511	0.013
33.791	64.767	0.506	0.013
33.771	63.363	0.501	0.013
33.447	64.540	0.496	0.013
32.684	67.637	0.491	0.013
31.615	69.477	0.484	0.013
30.444	67.184	0.478	0.013
29.229	61.622	0.471	0.012
27.952	56.049	0.464	0.012
26.545	52.524	0.458	0.012
24.920	50.044	0.451	0.012
23.166	46.453	0.445	0.011
21.374	41.377	0.438	0.011
19.595	36.642	0.432	0.010
17.835	33.802	0.425	0.010
16.310	32.379	0.418	0.010
15.136	30.456	0.412	0.009
14.190	26.957	0.405	0.009
13.252	22.782	0.399	0.008
12.228	19.402	0.393	0.008
11.210	17.139	0.388	0.007
10.318	15.130	0.382	0.007
9.567	12.669	0.376	0.007
8.797	10.101	0.371	0.006
7.933	8.221	0.365	0.006
7.033	7.132	0.360	0.005
6.254	6.196	0.354	0.005
5.656	4.941	0.349	0.004
5.192	3.580	0.344	0.004
4.795	2.566	0.339	0.003
4.524	2.012	0.335	0.003
4.448	1.666	0.331	0.003
4.590	1.260	0.327	0.002
4.903	0.832	0.325	0.002
5.479	0.604	0.326	0.002
6.116	0.676	0.328	0.002
6.604	0.900	0.331	0.001
6.943	1.048	0.334	0.001
7.296	1.038	0.338	0.001
7.819	0.977	0.343	0.001
8.524	1.040	0.348	0.002
9.275	1.344	0.354	0.002
9.962	1.899	0.361	0.002
10.671	2.633	0.368	0.002
11.702	3.410	0.374	0.002
13.087	4.098	0.380	0.003
14.667	4.642	0.386	0.003
16.508	5.031	0.391	0.003
19.177	5.195	0.394	0.003
22.982	5.040	0.396	0.003
27.600	4.486	0.396	0.003
31.739	3.568	0.394	0.003
33.839	2.489	0.393	0.003
33.815	1.575	0.392	0.003
32.408	1.068	0.394	0.003
30.084	1.060	0.398	0.002
27.249	1.520	0.405	0.002
24.253	2.413	0.414	0.002
21.885	3.760	0.424	0.002
20.919	5.517	0.436	0.003
21.442	7.447	0.447	0.003
22.797	9.205	0.457	0.004
24.529	10.452	0.467	0.004
26.288	11.025	0.476	0.004
27.949	10.995	0.484	0.005
29.306	10.609	0.489	0.005
30.196	10.303	0.492	0.005
30.547	10.439	0.492	0.005
30.559	10.892	0.490	0.005
30.271	11.149	0.486	0.005
29.406	10.882	0.480	0.005
27.764	10.322	0.473	0.005
25.289	10.007	0.466	0.005
22.292	10.222	0.458	0.005
19.247	11.142	0.450	0.005
17.074	13.331	0.442	0.005
15.991	16.501	0.434	0.005
15.892	17.966	0.426	0.005
16.471	15.201	0.417	0.005
17.448	9.578	0.408	0.005
18.773	4.971	0.397	0.005
20.466	3.888	0.385	0.005
22.612	5.386	0.373	0.004
25.085	6.634	0.360	0.004
27.718	6.107	0.346	0.004
30.422	4.937	0.333	0.004
33.252	5.026	0.319	0.004
36.110	6.737	0.305	0.004
38.755	9.038	0.292	0.004
41.023	11.331	0.281	0.005
43.147	14.649	0.271	0.005
45.506	20.669	0.264	0.006
47.922	30.305	0.259	0.007
49.634	43.494	0.256	0.008
50.270	60.236	0.255	0.009
50.304	80.380	0.255	0.011
50.856	101.840	0.257	0.012
52.742	120.150	0.260	0.014
55.678	131.417	0.264	0.015
58.748	136.270	0.268	0.016
61.361	140.742	0.274	0.017
63.689	151.856	0.279	0.018
66.182	172.090	0.286	0.019
69.004	197.068	0.294	0.020
71.961	219.438	0.303	0.021
74.764	235.070	0.313	0.022
77.225	245.266	0.325	0.022
78.965	253.295	0.337	0.023
80.084	259.261	0.351	0.024
80.616	258.914	0.365	0.024
80.500	247.152	0.379	0.024
79.380	223.343	0.393	0.024
77.254	192.921	0.407	0.023
73.867	163.683	0.421	0.022
69.213	140.085	0.433	0.021
63.349	121.246	0.446	0.020
57.316	104.007	0.457	0.019
51.475	86.386	0.468	0.017
45.667	69.409	0.478	0.016
39.831	54.535	0.487	0.014
34.485	40.634	0.495	0.013
30.500	26.429	0.502	0.011
28.351	12.870	0.507	0.010
27.680	3.076	0.512	0.008
28.061	-0.321	0.515	0.006
29.521	1.990	0.516	0.005
32.517	6.770	0.516	0.004
36.967	11.733	0.512	0.004
42.293	18.124	0.506	0.005
47.674	29.346	0.498	0.006
52.645	46.847	0.487	0.008
57.002	67.935	0.476	0.009
60.503	88.071	0.463	0.011
62.977	105.163	0.449	0.012
64.528	122.062	0.435	0.014
65.726	138.581	0.420	0.015
66.767	148.443	0.405	0.016
68.862	145.559	0.389	0.017
74.402	133.001	0.373	0.018
83.235	122.089	0.357	0.018
94.848	127.435	0.341	0.018
108.328	140.593	0.325	0.018
122.610	145.703	0.310	0.019
135.215	142.421	0.295	0.019
141.522	134.034	0.281	0.019
137.531	125.625	0.267	0.019
123.623	120.616	0.254	0.019
104.479	116.822	0.241	0.018
86.409	110.613	0.228	0.018
73.420	102.098	0.214	0.017
66.169	93.980	0.200	0.016
63.811	87.983	0.184	0.016
65.280	83.127	0.166	0.015
69.253	77.732	0.148	0.015
73.953	71.213	0.130	0.014
77.655	63.245	0.113	0.013
79.508	52.740	0.097	0.013
80.205	39.498	0.084	0.012
80.182	26.006	0.074	0.011
78.651	16.292	0.067	0.010
74.943	12.296	0.064	0.009
69.240	11.820	0.063	0.008
62.475	10.865	0.064	0.007
55.504	7.686	0.065	0.006
48.791	3.956	0.067	0.005
42.446	2.141	0.068	0.004
36.690	2.654	0.068	0.004
31.837	4.080	0.067	0.004
28.032	5.960	0.066	0.004
25.227	10.025	0.064	0.004
23.256	16.187	0.062	0.004
22.087	20.720	0.059	0.005
22.443	19.909	0.056	0.005
23.949	14.543	0.052	0.006
25.763	9.935	0.048	0.006
26.988	10.814	0.045	0.006
27.177	16.005	0.041	0.006
26.579	19.810	0.039	0.006
25.759	17.870	0.037	0.006
24.663	12.183	0.037	0.006
23.234	8.408	0.038	0.006
21.555	10.126	0.041	0.006
19.490	16.344	0.045	0.006
16.707	23.781	0.050	0.006
13.644	30.530	0.057	0.007
11.304	37.055	0.064	0.007
10.507	43.571	0.072	0.011
10.911	377.200	0.082	0.026
11.588	2301.651	0.094	0.057
11.736	4309.703	0.106	0.096
11.466	4767.672	0.119	0.133
11.421	3333.046	0.133	0.156
12.048	1198.078	0.147	0.165
13.107	-53.280	0.161	0.166
14.135	10.208	0.176	0.161
15.063	490.071	0.190	0.150
16.102	415.516	0.204	0.128
17.387	-136.571	0.219	0.095
18.751	-439.175	0.233	0.053
19.852	-174.437	0.247	0.014
20.445	234.875	0.261	-0.002
20.654	529.198	0.274	0.014
20.780	751.159	0.289	0.057
20.979	1084.853	0.304	0.106
21.065	1462.611	0.321	0.143
20.628	1626.282	0.340	0.162
19.472	1309.592	0.360	0.169
17.992	733.816	0.380	0.172
16.795	245.999	0.403	0.169
16.171	38.917	0.426	0.156
16.125	17.573	0.450	0.130
16.422	16.215	0.474	0.095
16.716	-22.532	0.499	0.054
16.959	-42.453	0.523	0.018
17.421	-6.303	0.547	-0.002
18.365	44.478	0.570	-0.005
19.727	52.654	0.592	0.002
21.035	20.355	0.612	0.009
21.745	-3.226	0.630	0.009
21.793	11.186	0.645	0.006
21.710	42.678	0.657	0.005
21.727	55.450	0.666	0.008
21.769	44.351	0.671	0.010
21.565	34.348	0.673	0.011
21.082	44.269	0.672	0.010
20.487	65.424	0.668	0.009
20.096	76.957	0.664	0.011
20.090	72.344	0.659	0.013
20.158	63.502	0.655	0.013
19.914	62.759	0.651	0.012
19.202	68.717	0.646	0.012
18.214	71.457	0.642	0.012
17.228	66.414	0.638	0.013
16.284	58.462	0.634	0.013
15.336	53.837	0.630	0.012
14.415	52.354	0.626	0.011
13.628	49.063	0.623	0.011
12.942	41.301	0.619	0.011
12.316	31.733	0.616	0.011
11.918	24.381	0.614	0.010
12.015	20.033	0.611	0.009
12.702	16.476	0.608	0.008
13.852	12.057	0.604	0.007
15.161	7.646	0.600	0.007
16.512	5.086	0.596	0.006
17.867	4.729	0.591	0.005
19.027	5.193	0.584	0.004
20.006	5.327	0.576	0.004
20.871	5.631	0.566	0.004
21.314	7.046	0.555	0.004
21.194	9.174	0.542	0.004
20.660	10.507	0.528	0.004
20.384	10.317	0.512	0.004
20.397	9.895	0.496	0.005
20.285	10.262	0.480	0.005
19.630	10.581	0.463	0.005
18.742	9.406	0.446	0.005
17.852	6.863	0.430	0.005
17.311	5.087	0.413	0.004
16.725	5.734	0.397	0.004
15.770	7.726	0.381	0.004
14.557	8.757	0.366	0.004
13.539	7.973	0.353	0.004
13.134	6.753	0.342	0.004
13.455	6.875	0.333	0.004
14.056	8.489	0.327	0.004
14.604	10.358	0.324	0.005
15.132	11.661	0.322	0.005
15.868	12.820	0.322	0.005
16.695	14.666	0.323	0.005
17.418	17.145	0.324	0.006
17.890	19.211	0.325	0.006
17.855	20.445	0.325	0.006
17.169	21.037	0.324	0.007
15.971	21.223	0.322	0.007
14.569	21.004	0.321	0.007
13.224	20.443	0.318	0.007
12.151	19.860	0.315	0.007
11.505	19.594	0.311	0.007
11.436	19.401	0.308	0.007
11.828	18.577	0.305	0.007
12.934	16.706	0.304	0.007
14.711	14.051	0.304	0.006
16.685	11.126	0.306	0.006
18.386	8.217	0.307	0.005
19.662	5.367	0.309	0.005
20.663	2.796	0.309	0.004
21.485	0.982	0.307	0.004
22.103	0.250	0.305	0.003
22.337	0.433	0.302	0.002
21.986	1.083	0.298	0.002
21.142	1.881	0.294	0.002
20.264	2.837	0.288	0.002
19.484	4.093	0.280	0.002
18.754	5.667	0.272	0.003
18.035	7.464	0.264	0.003
17.377	9.333	0.255	0.004
16.859	11.055	0.245	0.004
16.510	12.620	0.234	0.005
16.568	14.216	0.222	0.005
16.975	16.055	0.210	0.005
17.510	18.206	0.197	0.006
18.136	20.564	0.184	0.006
19.018	23.049	0.171	0.007
20.325	25.643	0.158	0.007
21.865	28.361	0.147	0.008
23.159	31.354	0.136	0.008
23.917	35.014	0.128	0.008
24.321	39.775	0.124	0.009
24.431	45.550	0.123	0.009
24.345	51.407	0.126	0.010
24.343	56.230	0.134	0.010
24.681	59.636	0.147	0.011
25.353	62.184	0.164	0.011
26.145	64.442	0.184	0.012
26.744	66.401	0.207	0.012
27.030	67.881	0.233	0.012
27.408	69.386	0.261	0.013
28.600	72.068	0.290	0.013
30.847	76.746	0.320	0.013
33.739	82.918	0.350	0.013
36.521	89.313	0.381	0.014
38.966	94.961	0.411	0.014
41.855	99.556	0.442	0.015
45.586	102.916	0.472	0.015
49.600	104.141	0.503	0.015
52.641	101.598	0.533	0.015
53.810	94.132	0.563	0.015
53.060	82.250	0.593	0.015
51.133	68.468	0.622	0.014
48.860	55.849	0.650	0.014
47.374	46.411	0.677	0.013
47.528	40.237	0.702	0.012
49.523	36.199	0.725	0.011
52.413	33.049	0.747	0.010
54.615	29.823	0.766	0.010
55.661	26.297	0.784	0.009
56.317	22.773	0.799	0.009
57.443	19.883	0.812	0.008
59.226	18.168	0.823	0.008
60.457	17.659	0.831	0.007
60.058	17.710	0.837	0.007
57.643	17.809	0.840	0.007
53.539	17.933	0.840	0.007
48.571	18.415	0.836	0.007
43.660	19.493	0.831	0.007
39.452	21.068	0.823	0.007
36.218	22.800	0.812	0.007
34.069	24.720	0.799	0.007
32.477	27.084	0.785	0.008
30.876	29.929	0.769	0.008
29.497	32.832	0.754	0.008
28.532	35.222	0.739	0.008
27.731	36.743	0.724	0.009
26.723	37.710	0.710	0.009
25.688	38.736	0.697	0.009
25.008	40.092	0.685	0.009
25.080	41.231	0.675	0.010
25.276	41.255	0.666	0.010
24.857	39.903	0.659	0.010
23.783	38.057	0.654	0.010
22.687	36.839	0.651	0.010
22.143	36.534	0.650	0.010
22.249	36.248	0.650	0.009
22.325	35.047	0.652	0.009
21.860	32.949	0.654	0.009
21.096	30.863	0.658	0.009
20.588	29.557	0.662	0.009
20.680	28.868	0.668	0.009
21.046	28.001	0.673	0.009
21.188	26.745	0.680	0.008
20.960	25.718	0.686	0.008
20.796	25.513	0.692	0.008
20.963	25.528	0.698	0.008
21.339	24.404	0.703	0.008
21.448	21.683	0.708	0.008
21.094	18.526	0.713	0.007
20.571	16.497	0.716	0.007
20.058	16.030	0.719	0.007
19.450	15.912	0.721	0.007
18.492	15.074	0.723	0.006
17.255	13.836	0.725	0.006
15.907	13.308	0.726	0.006
14.707	13.770	0.727	0.006
13.756	14.136	0.728	0.006
12.933	13.187	0.728	0.006
11.950	11.106	0.728	0.006
10.701	9.215	0.727	0.005
9.329	8.528	0.726	0.005
8.079	8.815	0.725	0.005
7.098	9.107	0.724	0.005
6.394	8.769	0.723	0.005
5.909	7.881	0.723	0.005
5.629	6.731	0.723	0.004
5.664	5.417	0.722	0.004
6.052	4.047	0.722	0.004
6.668	3.086	0.721	0.004
7.223	3.018	0.719	0.003
7.568	3.878	0.716	0.003
7.773	5.120	0.713	0.003
8.032	6.115	0.709	0.003
8.316	6.695	0.705	0.003
8.433	7.006	0.701	0.004
8.331	7.201	0.696	0.004
8.165	7.418	0.691	0.004
8.161	7.625	0.687	0.004
8.320	7.625	0.682	0.004
8.548	7.161	0.677	0.004
8.777	6.183	0.671	0.004
8.959	5.032	0.665	0.004
9.049	4.259	0.659	0.004
9.133	4.244	0.652	0.004
9.191	4.877	0.644	0.004
9.168	5.687	0.635	0.004
8.986	6.290	0.626	0.004
8.659	6.590	0.617	0.004
8.226	6.618	0.606	0.004
7.744	6.371	0.596	0.004
7.282	5.932	0.585	0.004
6.937	5.694	0.573	0.004
6.880	6.137	0.561	0.004
7.228	7.478	0.547	0.004
7.850	9.608	0.533	0.004
8.529	12.444	0.518	0.005
9.028	16.009	0.502	0.005
9.369	19.910	0.487	0.006
9.618	23.232	0.472	0.006
9.647	25.300	0.458	0.007
9.404	26.666	0.446	0.007
8.991	28.594	0.435	0.008
8.553	31.574	0.425	0.008
8.142	34.692	0.417	0.008
7.756	36.945	0.410	0.009
7.286	38.551	0.404	0.009
6.669	40.365	0.398	0.009
6.123	42.227	0.394	0.009
5.778	42.300	0.390	0.009
5.674	38.676	0.386	0.009
5.764	31.478	0.382	0.009
6.025	23.074	0.377	0.009
6.413	16.053	0.371	0.008
6.802	11.327	0.365	0.007
7.041	8.241	0.359	0.007
7.160	6.095	0.352	0.006
7.371	4.954	0.345	0.005
7.919	5.072	0.338	0.005
8.758	5.959	0.331	0.004
9.681	6.474	0.324	0.004
10.461	5.838	0.317	0.004
11.114	4.309	0.311	0.003
11.918	2.791	0.303	0.003
13.060	1.905	0.296	0.003
14.528	1.548	0.288	0.003
16.262	1.268	0.281	0.002
18.038	0.857	0.274	0.002
19.797	0.492	0.268	0.002
21.255	0.386	0.263	0.002
22.097	0.491	0.260	0.001
22.356	0.599	0.259	0.001
22.195	0.625	0.260	0.001
21.840	0.676	0.263	0.001
20.732	0.862	0.267	0.001
18.528	1.146	0.274	0.001
15.369	1.393	0.281	0.001
12.087	1.518	0.289	0.002
9.552	1.516	0.299	0.002
8.075	1.418	0.310	0.002
7.092	1.282	0.322	0.002
6.062	1.195	0.335	0.002
4.938	1.245	0.349	0.002
4.063	1.440	0.364	0.002
3.621	1.678	0.380	0.002
3.546	1.863	0.396	0.002
3.684	2.035	0.411	0.002
4.097	2.351	0.425	0.002
5.141	2.932	0.438	0.002
6.750	3.709	0.450	0.003
8.244	4.532	0.461	0.003
9.157	5.430	0.472	0.003
9.556	6.564	0.482	0.003
9.765	7.870	0.491	0.004
9.902	8.873	0.500	0.004
9.882	9.106	0.507	0.004
9.666	8.628	0.513	0.004
9.275	7.898	0.519	0.004
8.803	7.224	0.524	0.004
8.313	6.540	0.529	0.004
7.660	5.708	0.533	0.004
6.984	4.906	0.536	0.004
6.186	4.532	0.538	0.004
5.178	4.774	0.540	0.004
4.031	5.399	0.542	0.004
3.172	6.000	0.545	0.004
3.182	6.312	0.550	0.004
4.325	6.360	0.554	0.004
6.433	6.433	0.558	0.004
8.834	6.850	0.562	0.004
11.052	7.298	0.567	0.004
12.733	7.888	0.571	0.004
13.872	8.390	0.575	0.004
14.689	8.467	0.579	0.004
15.618	7.908	0.582	0.004
16.973	6.993	0.585	0.004
18.743	6.181	0.587	0.004
19.996	5.755	0.588	0.004
19.730	5.667	0.587	0.004
17.703	5.633	0.585	0.004
14.656	5.465	0.581	0.004
11.784	5.267	0.575	0.004
9.783	5.228	0.569	0.004
8.534	5.401	0.561	0.004
7.633	5.630	0.551	0.004
6.967	5.852	0.540	0.004
6.793	6.238	0.527	0.004
7.326	6.960	0.513	0.004
8.353	7.972	0.497	0.004
9.371	8.971	0.480	0.004
10.071	9.704	0.462	0.004
10.539	10.247	0.445	0.005
11.047	10.894	0.428	0.005
11.839	11.857	0.411	0.005
12.941	13.188	0.393	0.005
14.210	14.820	0.375	0.006
15.548	16.770	0.357	0.006
16.981	19.139	0.337	0.006
18.392	21.887	0.318	0.006
19.544	24.730	0.297	0.007
20.362	27.291	0.277	0.007
20.924	29.404	0.258	0.008
21.424	31.227	0.240	0.008
21.960	33.007	0.224	0.008
22.510	34.721	0.209	0.009
22.910	36.011	0.195	0.009
23.620	36.402	0.183	0.009
24.765	35.591	0.172	0.009
26.125	33.557	0.163	0.009
27.408	30.670	0.156	0.009
28.359	27.596	0.152	0.009
29.030	25.039	0.151	0.008
29.728	23.388	0.154	0.008
30.270	22.525	0.159	0.008
30.231	22.009	0.167	0.008
29.430	21.529	0.177	0.008
28.367	21.100	0.189	0.007
27.554	20.878	0.202	0.007
26.953	20.895	0.216	0.007
26.023	21.091	0.231	0.007
24.484	21.464	0.247	0.007
23.071	22.146	0.262	0.007
22.585	23.279	0.278	0.007
22.826	24.828	0.294	0.007
22.771	26.629	0.312	0.008
21.843	28.514	0.329	0.008
20.444	30.393	0.348	0.008
19.263	32.275	0.367	0.008
18.519	34.254	0.387	0.009
18.023	36.217	0.407	0.009
17.622	38.010	0.427	0.009
17.460	39.707	0.448	0.009
17.458	41.662	0.468	0.010
17.178	44.064	0.487	0.010
16.272	46.226	0.506	0.010
15.003	46.717	0.523	0.010
13.945	44.969	0.538	0.010
13.494	42.198	0.551	0.010
13.173	40.386	0.563	0.010
12.439	40.361	0.573	0.010
11.364	41.150	0.581	0.010
10.414	41.142	0.588	0.010
9.884	39.697	0.594	0.010
9.558	37.379	0.598	0.010
9.066	34.882	0.601	0.010
8.303	32.379	0.604	0.009
7.599	29.786	0.605	0.009
7.309	27.214	0.605	0.009
7.460	25.059	0.604	0.009
7.828	23.486	0.604	0.008
8.205	22.205	0.603	0.008
8.522	20.798	0.601	0.008
8.758	19.231	0.598	0.007
8.872	17.786	0.594	0.007
8.919	16.621	0.591	0.007
8.983	15.514	0.586	0.007
9.231	14.151	0.580	0.006
9.638	12.488	0.573	0.006
10.071	10.784	0.564	0.006
10.439	9.221	0.555	0.005
10.842	7.761	0.545	0.005
11.488	6.403	0.534	0.005
12.490	5.413	0.523	0.004
13.855	5.192	0.512	0.004
15.626	6.072	0.500	0.004
17.792	8.156	0.489	0.004
20.252	11.474	0.479	0.005
22.811	16.198	0.471	0.005
25.419	22.748	0.463	0.006
28.107	31.408	0.457	0.007
30.992	41.943	0.450	0.008
33.981	53.164	0.443	0.009
36.928	63.899	0.436	0.010
39.937	74.001	0.429	0.011
42.598	84.513	0.422	0.012
44.620	96.410	0.416	0.013
45.948	109.636	0.409	0.014
46.906	123.074	0.403	0.015
47.784	135.343	0.397	0.016
48.714	145.711	0.389	0.017
49.551	154.016	0.380	0.018
50.069	160.051	0.371	0.018
49.502	163.830	0.361	0.019
48.154	166.386	0.351	0.019
46.600	169.708	0.342	0.020
45.337	175.386	0.332	0.020
45.028	183.087	0.322	0.020
45.313	190.428	0.311	0.021
45.801	194.631	0.299	0.021
45.894	193.353	0.287	0.021
45.106	185.146	0.274	0.021
43.006	169.862	0.262	0.021
39.746	149.361	0.250	0.020
36.295	127.444	0.238	0.019
33.808	108.166	0.227	0.019
32.785	93.573	0.216	0.018
32.600	83.081	0.205	0.017
33.191	74.806	0.195	0.016
33.310	67.467	0.184	0.015
32.695	60.990	0.175	0.014
31.594	55.669	0.167	0.013
30.706	51.329	0.160	0.012
30.527	47.434	0.155	0.012
30.858	43.647	0.152	0.011
31.312	39.998	0.151	0.011
31.539	36.443	0.152	0.010
31.723	32.587	0.155	0.010
32.125	28.017	0.159	0.009
32.456	22.882	0.165	0.009
32.361	17.968	0.173	0.008
32.098	14.018	0.182	0.007
32.159	11.036	0.194	0.007
32.601	8.711	0.207	0.006
33.146	7.154	0.221	0.006
33.181	6.786	0.237	0.005
32.838	7.554	0.254	0.005
32.746	8.689	0.273	0.005
33.118	9.312	0.292	0.005
33.483	9.470	0.312	0.005
33.038	10.007	0.333	0.005
31.755	11.453	0.353	0.005
30.645	13.372	0.373	0.005
30.305	15.278	0.394	0.006
30.502	17.631	0.415	0.006
30.735	21.460	0.437	0.006
30.167	26.947	0.459	0.007
29.155	32.715	0.482	0.007
28.787	36.933	0.504	0.008
31.783	39.255	0.527	0.008
37.200	40.615	0.551	0.009
41.786	41.692	0.576	0.009
44.391	42.176	0.601	0.010
46.339	41.465	0.626	0.010
49.514	39.892	0.650	0.010
54.086	38.784	0.671	0.010
57.754	39.024	0.690	0.010
58.021	39.821	0.706	0.010
55.223	39.070	0.719	0.010
52.241	35.295	0.729	0.009
50.265	29.100	0.737	0.009
48.033	22.756	0.743	0.009
43.803	18.240	0.748	0.008
37.982	15.668	0.751	0.008
32.619	13.686	0.752	0.007
29.258	11.184	0.753	0.006
27.455	8.375	0.752	0.006
25.433	6.254	0.750	0.005
22.211	5.348	0.749	0.005
18.593	5.195	0.747	0.004
15.785	5.094	0.747	0.004
14.320	4.838	0.747	0.004
13.686	4.677	0.747	0.004
12.990	4.815	0.747	0.004
12.052	5.207	0.748	0.004
11.118	5.681	0.749	0.004
10.492	6.238	0.749	0.004
10.138	6.812	0.749	0.004
9.917	7.081	0.747	0.004
9.635	6.668	0.744	0.004
9.286	5.628	0.741	0.004
8.940	4.558	0.737	0.004
8.657	4.196	0.733	0.004
8.491	4.616	0.728	0.004
8.448	5.207	0.722	0.004
8.384	5.318	0.715	0.003
8.251	4.908	0.708	0.003
8.102	4.466	0.701	0.003
8.035	4.387	0.693	0.003
7.959	4.572	0.685	0.003
7.745	4.634	0.677	0.003
7.365	4.378	0.669	0.003
6.948	3.958	0.661	0.003
6.590	3.578	0.652	0.003
6.300	3.238	0.644	0.003
6.059	2.812	0.637	0.003
5.784	2.260	0.630	0.003
5.364	1.709	0.624	0.002
4.933	1.319	0.619	0.002
5.323	1.151	0.614	0.002
8.005	1.196	0.609	0.002
14.700	1.447	0.604	0.002
25.843	1.917	0.599	0.002
39.885	2.490	0.593	0.002
52.510	2.871	0.586	0.002
57.997	2.756	0.578	0.002
52.855	2.205	0.568	0.002
38.921	1.810	0.558	0.002
22.858	2.240	0.548	0.002
11.431	3.341	0.538	0.002
6.996	4.342	0.529	0.003
7.245	5.331	0.518	0.003
8.666	7.953	0.507	0.004
9.768	13.782	0.495	0.004
11.280	21.902	0.481	0.005
14.129	29.052	0.467	0.006
17.834	32.943	0.451	0.007
21.107	34.878	0.435	0.008
23.379	38.350	0.418	0.008
25.269	45.177	0.402	0.009
27.434	53.699	0.387	0.010
29.844	60.989	0.374	0.011
32.171	66.356	0.364	0.011
34.204	71.974	0.356	0.012
36.297	80.339	0.349	0.013
38.347	91.658	0.345	0.013
39.878	103.732	0.343	0.014
39.148	113.407	0.342	0.015
35.482	118.247	0.343	0.015
30.457	116.840	0.345	0.016
26.760	108.913	0.348	0.016
26.290	95.474	0.351	0.015
27.544	78.836	0.355	0.015
27.502	62.277	0.359	0.014
25.060	48.901	0.364	0.014
21.797	40.082	0.369	0.013
19.760	35.006	0.373	0.012
19.464	31.515	0.378	0.011
19.473	27.808	0.382	0.010
18.442	23.518	0.386	0.009
16.771	19.273	0.391	0.008
15.836	15.508	0.396	0.007
16.207	11.932	0.401	0.007
17.097	8.140	0.407	0.006
17.401	4.431	0.413	0.005
16.901	1.732	0.419	0.004
16.241	0.667	0.425	0.004
15.899	0.890	0.430	0.003
15.666	1.467	0.436	0.003
15.138	1.785	0.443	0.002
14.263	1.956	0.451	0.002
13.285	2.403	0.459	0.002
12.664	3.279	0.467	0.002
12.736	4.392	0.474	0.003
13.711	5.516	0.480	0.003
15.711	6.596	0.486	0.003
18.648	7.692	0.492	0.004
22.083	8.950	0.497	0.004
25.308	10.271	0.500	0.004
27.382	11.360	0.502	0.005
28.084	12.024	0.502	0.005
27.772	12.319	0.501	0.005
27.020	12.876	0.497	0.005
25.767	13.808	0.492	0.005
23.830	14.928	0.484	0.006
21.307	15.348	0.474	0.006
18.717	14.090	0.463	0.006
16.416	11.241	0.450	0.005
14.590	8.261	0.437	0.005
13.343	6.868	0.422	0.005
12.906	8.142	0.408	0.005
13.271	11.215	0.393	0.005
14.215	14.297	0.380	0.005
15.345	16.244	0.367	0.005
16.642	17.396	0.356	0.006
18.277	18.865	0.346	0.006
20.956	21.152	0.338	0.006
23.863	23.452	0.330	0.007
25.931	25.079	0.324	0.007
26.633	26.136	0.318	0.007
26.423	27.003	0.313	0.008
26.030	27.530	0.311	0.008
26.156	27.316	0.310	0.008
26.474	26.217	0.311	0.008
26.776	25.350	0.313	0.008
26.996	25.594	0.316	0.008
27.058	26.186	0.319	0.008
26.816	25.923	0.323	0.008
26.137	24.689	0.325	0.008
25.234	23.590	0.328	0.008
24.601	23.780	0.330	0.008
24.559	24.903	0.331	0.008
24.795	25.189	0.333	0.008
24.548	23.832	0.334	0.008
23.464	21.406	0.336	0.007
21.812	19.102	0.337	0.007
20.226	17.449	0.338	0.007
19.015	16.156	0.338	0.007
18.080	14.810	0.336	0.007
17.140	13.445	0.332	0.006
16.250	12.278	0.328	0.006
15.768	11.268	0.323	0.006
15.951	10.182	0.319	0.005
16.659	9.059	0.316	0.005
17.514	8.355	0.313	0.005
18.212	8.540	0.309	0.005
18.788	9.655	0.306	0.005
19.528	11.345	0.302	0.005
20.542	13.266	0.300	0.005
21.744	15.402	0.299	0.005
22.907	18.005	0.301	0.006
24.108	21.235	0.303	0.006
25.515	24.932	0.304	0.007
26.839	28.751	0.304	0.007
27.526	32.325	0.304	0.008
27.450	35.212	0.305	0.008
26.771	36.706	0.308	0.008
25.939	36.046	0.312	0.009
25.209	33.101	0.317	0.009
24.677	28.863	0.321	0.009
24.115	24.895	0.327	0.009
23.663	22.170	0.335	0.008
23.397	20.550	0.344	0.008
23.457	19.409	0.355	0.008
23.715	18.605	0.368	0.007
23.957	18.581	0.382	0.007
24.122	19.566	0.396	0.007
24.213	21.059	0.409	0.007
24.339	22.197	0.421	0.007
24.582	22.483	0.432	0.007
24.838	22.082	0.442	0.007
25.080	21.378	0.451	0.007
25.026	20.707	0.458	0.007
24.647	20.407	0.463	0.007
24.337	20.657	0.466	0.007
24.177	21.079	0.468	0.007
24.005	20.821	0.469	0.007
23.823	19.298	0.469	0.007
23.456	17.311	0.468	0.007
23.028	16.361	0.466	0.007
22.954	17.055	0.464	0.007
23.271	18.306	0.460	0.007
23.699	18.426	0.457	0.006
24.098	16.901	0.453	0.006
24.511	14.860	0.448	0.006
25.122	13.740	0.444	0.006
25.870	13.857	0.441	0.006
27.182	14.353	0.437	0.006
28.203	14.322	0.434	0.006
28.270	13.672	0.431	0.006
27.462	12.917	0.429	0.006
26.181	12.462	0.427	0.006
25.924	12.378	0.425	0.006
26.552	12.578	0.424	0.006
27.136	13.091	0.424	0.006
26.636	13.901	0.423	0.006
24.972	14.748	0.423	0.006
22.945	15.053	0.422	0.006
21.658	14.649	0.421	0.006
21.513	14.098	0.419	0.006
22.121	13.994	0.418	0.006
22.763	14.620	0.417	0.006
23.107	14.791	0.416	0.006
22.972	14.051	0.416	0.006
22.447	13.188	0.416	0.006
21.667	13.215	0.416	0.006
20.911	14.389	0.417	0.006
20.410	15.610	0.417	0.006
20.151	16.161	0.418	0.006
19.912	16.659	0.418	0.006
19.497	18.740	0.419	0.006
19.001	23.444	0.420	0.007
18.529	29.850	0.422	0.007
18.180	35.768	0.422	0.008
18.455	39.821	0.419	0.008
21.014	42.542	0.412	0.009
27.281	45.342	0.401	0.009
37.447	48.238	0.386	0.010
49.482	49.509	0.370	0.010
59.838	48.688	0.353	0.010
65.300	47.378	0.339	0.011
68.084	47.231	0.329	0.011
71.846	46.855	0.324	0.010
78.177	42.277	0.326	0.010
81.705	31.288	0.332	0.009
77.198	16.882	0.339	0.008
62.320	5.262	0.344	0.007
42.544	0.505	0.343	0.006
26.392	1.400	0.339	0.005
18.959	3.397	0.331	0.004
18.910	3.558	0.322	0.003
21.347	2.610	0.311	0.003
22.981	2.638	0.298	0.003
23.469	4.243	0.283	0.003
24.026	6.183	0.268	0.003
24.666	7.051	0.253	0.003
24.479	6.787	0.237	0.003
22.788	6.348	0.222	0.004
20.496	6.392	0.208	0.004
18.910	6.662	0.194	0.004
18.499	6.575	0.180	0.004
18.366	5.944	0.168	0.004
17.716	5.065	0.157	0.004
16.546	4.290	0.146	0.004
15.464	3.652	0.137	0.003
14.829	3.023	0.129	0.003
14.607	2.524	0.121	0.003
14.295	2.209	0.114	0.003
13.612	2.174	0.107	0.003
12.622	2.717	0.103	0.003
11.559	4.182	0.099	0.003
10.711	6.648	0.097	0.003
9.821	9.041	0.097	0.003
8.691	9.798	0.097	0.004
7.426	8.633	0.100	0.004
6.412	6.960	0.102	0.004
5.990	6.637	0.105	0.004
6.190	8.263	0.107	0.004
6.638	10.734	0.109	0.005
7.036	12.454	0.112	0.005
7.394	12.995	0.114	0.005
7.881	13.418	0.116	0.005
8.586	14.989	0.119	0.006
9.488	18.017	0.122	0.006
10.804	21.984	0.125	0.006
12.663	26.403	0.128	0.007
14.577	31.138	0.132	0.007
15.989	36.052	0.135	0.008
16.863	40.532	0.139	0.009
17.793	43.745	0.142	0.009
19.317	45.205	0.146	0.009
21.611	45.165	0.150	0.010
24.317	44.428	0.154	0.010
26.865	43.936	0.159	0.010
29.313	44.379	0.164	0.010
32.039	45.630	0.170	0.010
35.358	47.974	0.177	0.011
38.578	51.383	0.185	0.011
40.192	54.725	0.192	0.011
39.331	55.657	0.199	0.011
36.556	53.188	0.206	0.011
34.376	48.617	0.214	0.011
35.043	44.313	0.222	0.011
38.552	40.020	0.230	0.010
42.665	33.768	0.238	0.010
45.773	24.821	0.246	0.009
48.043	15.652	0.254	0.008
50.481	9.455	0.262	0.008
53.495	7.026	0.270	0.007
56.372	6.306	0.278	0.006
57.905	5.033	0.285	0.005
57.996	3.071	0.292	0.004
57.442	1.866	0.298	0.004
57.223	2.195	0.304	0.003
57.454	3.191	0.310	0.003
57.673	3.650	0.315	0.003
57.913	3.534	0.320	0.003
57.915	3.669	0.325	0.003
57.496	4.508	0.329	0.003
56.591	5.603	0.335	0.003
55.342	6.373	0.340	0.003
54.178	6.996	0.346	0.004
53.186	8.226	0.352	0.004
52.789	10.591	0.358	0.004
52.799	14.034	0.364	0.005
53.077	18.317	0.368	0.006
53.961	23.521	0.372	0.006
55.568	29.875	0.374	0.007
57.544	37.238	0.375	0.008
59.174	44.617	0.375	0.009
58.947	50.796	0.373	0.009
56.417	55.504	0.370	0.010
52.450	59.560	0.366	0.011
48.921	63.781	0.362	0.011
46.813	67.690	0.358	0.012
46.123	69.376	0.355	0.012
46.511	67.702	0.353	0.012
47.927	64.086	0.354	0.012
50.390	61.790	0.358	0.013
53.899	63.369	0.367	0.013
57.717	69.045	0.382	0.013
61.032	77.863	0.403	0.013
63.894	89.789	0.433	0.014
66.674	106.000	0.469	0.015
69.404	127.045	0.508	0.015
71.267	150.869	0.545	0.017
71.195	173.521	0.576	0.018
69.288	191.582	0.599	0.019
66.865	203.552	0.617	0.020
65.264	210.352	0.631	0.021
64.744	214.555	0.644	0.021
64.666	218.898	0.657	0.022
64.106	224.875	0.669	0.023
62.879	231.659	0.680	0.023
61.360	236.636	0.690	0.023
60.100	237.586	0.699	0.023
59.290	234.456	0.707	0.023
58.644	229.016	0.713	0.023
57.969	222.957	0.718	0.023
57.400	216.453	0.722	0.023
56.961	208.518	0.725	0.023
56.701	198.541	0.726	0.023
56.341	186.852	0.727	0.022
55.647	174.879	0.726	0.022
54.733	164.184	0.725	0.021
53.722	155.303	0.723	0.021
52.767	147.670	0.720	0.020
51.824	140.058	0.718	0.019
50.898	131.617	0.714	0.019
50.246	123.077	0.710	0.018
50.400	116.890	0.705	0.018
51.823	115.966	0.700	0.018
53.784	121.430	0.694	0.018
55.207	131.088	0.687	0.018
55.703	140.911	0.679	0.018
55.583	147.725	0.671	0.018
54.907	150.843	0.664	0.018
53.634	151.056	0.656	0.018
52.250	148.657	0.647	0.018
51.168	142.824	0.639	0.018
50.723	132.959	0.630	0.018
50.703	120.089	0.621	0.018
51.078	106.871	0.612	0.017
52.065	95.763	0.603	0.017
53.677	87.844	0.594	0.016
55.951	83.113	0.584	0.016
58.168	80.303	0.574	0.015
59.283	77.975	0.565	0.015
58.758	75.051	0.556	0.014
57.257	71.548	0.547	0.014
55.899	67.903	0.540	0.013
55.449	64.390	0.533	0.013
55.613	60.482	0.527	0.013
55.689	56.585	0.522	0.012
55.247	53.874	0.517	0.012
54.492	52.897	0.513	0.012
53.420	53.093	0.509	0.012
51.865	52.900	0.506	0.011
49.836	51.213	0.504	0.011
47.620	47.654	0.503	0.011
45.512	42.888	0.501	0.011
43.495	38.477	0.500	0.011
41.143	36.197	0.499	0.010
38.555	36.543	0.499	0.010
36.103	38.407	0.498	0.010
35.124	39.794	0.498	0.010
34.329	39.746	0.498	0.010
32.337	38.875	0.497	0.010
28.475	38.470	0.497	0.010
25.194	38.825	0.497	0.010
23.818	39.084	0.496	0.010
23.243	38.402	0.495	0.010
21.601	37.048	0.494	0.010
18.392	36.884	0.493	0.010
15.148	38.961	0.492	0.010
13.515	41.511	0.491	0.010
13.370	41.748	0.490	0.010
13.168	38.917	0.489	0.010
11.984	35.242	0.488	0.010
10.542	33.618	0.488	0.010
9.667	34.223	0.488	0.009
9.366	34.872	0.489	0.009
8.915	33.628	0.492	0.009
8.009	31.013	0.496	0.009
7.098	29.016	0.501	0.009
6.762	28.715	0.509	0.009
7.039	29.334	0.519	0.009
7.437	29.404	0.532	0.008
7.637	28.464	0.546	0.008
7.781	27.331	0.562	0.008
8.180	26.991	0.578	0.008
8.810	27.670	0.594	0.008
9.339	28.836	0.609	0.008
9.687	29.757	0.621	0.008
9.993	30.053	0.632	0.008
10.342	29.688	0.640	0.008
10.717	29.064	0.646	0.008
11.062	29.822	0.649	0.008
11.216	30.602	0.651	0.008
11.112	27.643	0.652	0.008
10.895	19.384	0.654	0.007
10.807	9.096	0.655	0.007
10.906	2.896	0.656	0.006
11.129	5.807	0.656	0.006
11.376	15.201	0.655	0.006
11.608	20.868	0.654	0.006
11.936	18.292	0.652	0.005
12.640	10.576	0.649	0.005
13.465	4.894	0.647	0.005
14.198	4.828	0.645	0.005
14.599	7.963	0.642	0.005
15.403	10.178	0.640	0.005
16.270	10.026	0.637	0.005
16.835	9.641	0.634	0.005
16.729	11.088	0.632	0.005
16.173	14.153	0.629	0.005
15.642	17.059	0.628	0.005
15.368	18.085	0.627	0.006
15.207	16.104	0.626	0.006
14.979	12.426	0.626	0.006
14.719	8.995	0.627	0.005
14.471	7.031	0.628	0.005
14.255	6.345	0.628	0.005
14.234	6.000	0.629	0.005
14.553	5.302	0.630	0.004
15.306	4.421	0.630	0.004
15.828	3.913	0.631	0.004
15.531	3.950	0.631	0.003
14.410	4.181	0.631	0.003
13.162	4.288	0.630	0.003
12.449	4.342	0.629	0.003
12.072	4.522	0.629	0.003
11.571	4.649	0.629	0.003
10.553	4.279	0.630	0.003
9.317	3.240	0.632	0.003
8.462	1.905	0.634	0.003
8.235	0.885	0.636	0.002
8.278	0.509	0.638	0.002
8.251	0.637	0.639	0.002
8.282	0.917	0.640	0.002
8.878	1.120	0.639	0.002
9.835	1.327	0.638	0.002
10.407	1.840	0.637	0.002
10.268	2.961	0.634	0.002
9.905	4.855	0.631	0.003
10.348	7.456	0.627	0.003
11.630	10.413	0.621	0.004
12.285	13.201	0.615	0.004
11.083	15.418	0.607	0.005
8.918	17.019	0.599	0.005
8.208	18.208	0.591	0.006
10.449	19.124	0.583	0.006
15.198	19.741	0.574	0.006
20.986	19.741	0.565	0.006
26.102	18.791	0.555	0.006
29.820	16.775	0.544	0.006
31.458	14.079	0.533	0.006
30.770	11.652	0.523	0.006
28.748	10.655	0.512	0.006
26.626	11.589	0.502	0.006
25.006	14.015	0.493	0.006
23.243	16.679	0.484	0.006
20.635	18.487	0.477	0.006
17.598	19.346	0.471	0.006
15.338	20.092	0.466	0.006
14.668	21.722	0.463	0.007
15.126	24.590	0.461	0.007
16.293	28.211	0.461	0.007
17.686	32.076	0.463	0.008
19.659	36.236	0.468	0.008
22.458	41.323	0.475	0.009
25.933	47.920	0.486	0.010
29.273	56.310	0.500	0.010
32.095	66.652	0.516	0.011
34.555	79.025	0.533	0.012
37.217	92.862	0.551	0.013
40.397	106.754	0.570	0.014
43.356	119.454	0.588	0.015
45.509	131.024	0.606	0.016
46.581	142.597	0.623	0.017
47.046	154.438	0.639	0.018
47.613	165.325	0.652	0.018
48.604	173.914	0.664	0.019
49.674	180.257	0.673	0.020
50.107	185.291	0.682	0.020
49.481	189.235	0.690	0.021
47.891	191.440	0.697	0.021
45.767	191.956	0.703	0.021
43.516	192.023	0.708	0.021
41.544	192.784	0.713	0.021
39.909	193.526	0.717	0.021
38.519	191.947	0.721	0.021
37.329	186.529	0.724	0.021
36.299	178.191	0.727	0.021
35.504	168.931	0.729	0.021
35.055	160.028	0.731	0.020
34.995	151.540	0.733	0.020
35.296	143.498	0.734	0.020
35.701	136.849	0.735	0.019
35.904	132.922	0.735	0.019
35.752	131.656	0.734	0.019
35.185	131.627	0.733	0.018
34.762	130.799	0.731	0.018
34.801	128.200	0.729	0.018
35.455	124.425	0.725	0.018
36.239	121.105	0.721	0.018
36.514	119.577	0.716	0.017
36.829	120.301	0.710	0.017
38.445	123.369	0.703	0.017
41.646	128.332	0.694	0.017
45.228	133.917	0.685	0.017
47.336	138.102	0.676	0.018
47.086	139.004	0.666	0.018
45.427	135.480	0.657	0.018
44.318	127.536	0.649	0.018
44.127	116.251	0.640	0.017
44.120	103.023	0.632	0.017
43.643	89.122	0.623	0.016
43.072	75.632	0.615	0.015
42.843	63.617	0.606	0.015
42.837	53.925	0.597	0.014
42.451	46.787	0.588	0.013
41.539	41.665	0.579	0.012
40.643	37.673	0.571	0.011
40.262	34.139	0.563	0.010
40.243	30.939	0.555	0.010
40.632	28.537	0.547	0.009
41.020	27.453	0.540	0.009
40.787	28.051	0.533	0.009
40.227	29.501	0.527	0.009
39.754	30.172	0.520	0.008
39.734	29.397	0.513	0.008
39.902	28.672	0.507	0.009
40.261	30.855	0.500	0.009
40.559	36.545	0.494	0.009
40.883	43.026	0.487	0.009
40.915	46.977	0.480	0.010
40.543	47.960	0.473	0.010
39.573	48.277	0.466	0.010
38.622	49.949	0.458	0.011
38.453	52.526	0.451	0.011
39.290	54.250	0.445	0.011
39.968	54.588	0.439	0.011
39.493	54.927	0.433	0.011
38.400	56.844	0.426	0.011
37.607	60.222	0.420	0.012
37.697	63.440	0.414	0.012
38.236	65.180	0.410	0.012
38.528	65.475	0.406	0.012
37.956	65.470	0.404	0.012
36.834	66.249	0.404	0.012
35.946	67.686	0.407	0.013
35.652	68.846	0.412	0.013
36.244	69.246	0.418	0.013
37.080	69.606	0.426	0.013
37.712	71.209	0.433	0.013
38.088	74.348	0.440	0.013
37.838	77.749	0.446	0.013
36.925	79.596	0.452	0.013
35.572	79.000	0.457	0.013
33.973	76.374	0.463	0.013
32.127	72.964	0.468	0.013
30.114	69.963	0.473	0.013
28.183	67.562	0.477	0.013
26.320	64.992	0.481	0.013
24.892	61.536	0.485	0.013
24.018	57.199	0.489	0.012
23.347	52.509	0.492	0.012
22.475	47.986	0.495	0.012
21.396	43.815	0.499	0.011
20.476	40.076	0.504	0.011
19.993	37.009	0.508	0.010
19.738	34.898	0.513	0.010
19.400	33.835	0.518	0.010
18.959	33.520	0.523	0.009
18.723	33.383	0.528	0.009
18.966	32.952	0.533	0.009
19.365	32.069	0.538	0.009
19.153	30.733	0.543	0.009
18.086	28.843	0.549	0.009
18.006	26.577	0.554	0.008
20.253	24.557	0.560	0.008
21.729	23.134	0.565	0.008
19.113	21.571	0.569	0.008
13.407	18.564	0.573	0.007
8.740	13.863	0.575	0.007
7.743	9.037	0.578	0.006
9.072	6.000	0.580	0.006
9.350	5.028	0.584	0.005
7.286	4.638	0.588	0.004
4.891	3.446	0.592	0.004
4.503	1.675	0.596	0.003
6.006	0.728	0.600	0.003
7.316	1.400	0.604	0.003
7.255	2.912	0.607	0.003
6.485	3.911	0.611	0.003
6.451	4.010	0.614	0.003
7.273	3.876	0.617	0.003
8.059	4.010	0.619	0.003
8.207	4.132	0.621	0.003
8.012	3.728	0.623	0.003
8.154	2.935	0.624	0.003
8.818	2.435	0.625	0.003
9.515	2.616	0.626	0.003
9.769	3.048	0.626	0.003
9.664	3.157	0.625	0.003
9.559	2.939	0.624	0.003
9.550	2.973	0.621	0.003
9.578	3.662	0.618	0.003
9.882	4.686	0.614	0.003
10.221	5.291	0.609	0.003
10.063	5.230	0.604	0.003
9.201	4.894	0.599	0.003
8.057	4.851	0.594	0.003
7.311	5.162	0.589	0.003
7.324	5.402	0.584	0.003
7.983	5.220	0.579	0.003
8.425	4.737	0.572	0.003
8.627	4.359	0.565	0.003
8.885	4.257	0.557	0.003
9.725	4.168	0.547	0.003
10.943	3.771	0.537	0.003
12.004	3.082	0.526	0.003
11.976	2.422	0.515	0.003
11.083	2.032	0.505	0.003
10.043	1.833	0.497	0.002
9.504	1.581	0.489	0.002
9.478	1.172	0.484	0.002
9.592	0.733	0.480	0.002
9.533	0.438	0.477	0.002
9.266	0.318	0.477	0.001
8.859	0.278	0.478	0.001
8.359	0.272	0.480	0.001
7.650	0.379	0.484	0.001
6.872	0.703	0.488	0.001
6.409	1.419	0.493	0.001
6.190	2.543	0.499	0.002
5.974	3.746	0.505	0.002
5.605	4.499	0.511	0.002
5.092	4.516	0.518	0.003
4.686	4.120	0.525	0.003
4.304	4.024	0.531	0.003
3.780	4.585	0.538	0.003
3.142	5.499	0.544	0.003
2.702	6.263	0.551	0.004
2.764	6.838	0.558	0.004
3.254	7.612	0.564	0.004
3.790	8.779	0.569	0.004
4.153	9.836	0.572	0.004
4.385	9.891	0.575	0.004
4.737	8.662	0.575	0.004
5.193	7.015	0.573	0.004
5.559	6.338	0.569	0.004
5.719	7.341	0.564	0.004
5.813	9.131	0.559	0.004
5.981	9.901	0.554	0.004
6.281	8.967	0.550	0.004
6.542	7.547	0.547	0.004
6.653	7.300	0.544	0.004
6.746	8.404	0.540	0.005
7.017	9.716	0.538	0.005
7.551	9.768	0.538	0.005
8.121	8.775	0.540	0.005
8.567	8.793	0.544	0.005
8.993	11.517	0.549	0.005
9.677	15.857	0.555	0.005
10.552	18.255	0.563	0.005
11.717	16.066	0.572	0.006
13.258	11.348	0.580	0.006
15.037	8.916	0.588	0.006
16.503	11.909	0.595	0.006
17.071	19.218	0.602	0.006
16.790	26.660	0.609	0.007
16.171	30.742	0.615	0.007
15.280	30.916	0.619	0.007
14.176	28.958	0.623	0.008
13.136	27.282	0.627	0.008
12.412	26.872	0.630	0.008
12.039	27.053	0.633	0.008
11.774	27.039	0.636	0.008
11.279	26.608	0.638	0.008
10.496	25.856	0.641	0.008
9.680	24.806	0.644	0.008
9.046	23.434	0.647	0.008
8.561	21.942	0.651	0.008
8.036	20.746	0.656	0.008
7.419	20.163	0.662	0.007
6.838	20.100	0.669	0.007
6.417	20.135	0.675	0.007
6.099	19.875	0.680	0.007
5.761	19.191	0.685	0.007
5.325	18.238	0.690	0.007
4.850	17.248	0.695	0.007
4.446	16.279	0.701	0.007
4.171	15.309	0.706	0.006
3.999	14.342	0.712	0.006
3.887	13.437	0.718	0.006
3.836	12.610	0.724	0.006
3.898	11.772	0.730	0.006
4.017	10.817	0.735	0.005
4.113	9.768	0.739	0.005
4.119	8.741	0.744	0.005
4.091	7.838	0.748	0.005
4.069	7.096	0.752	0.005
4.056	6.558	0.755	0.004
4.014	6.486	0.758	0.004
3.940	6.804	0.760	0.004
3.842	6.879	0.761	0.004
3.769	6.081	0.761	0.004
3.741	4.583	0.762	0.004
3.739	3.342	0.762	0.004
3.768	3.226	0.762	0.003
3.784	3.989	0.762	0.003
3.758	4.687	0.762	0.003
3.704	4.724	0.761	0.003
3.541	4.385	0.761	0.003
3.373	4.289	0.761	0.003
3.309	4.682	0.760	0.003
3.526	5.190	0.760	0.003
3.765	5.301	0.759	0.003
3.758	4.949	0.759	0.003
3.447	4.531	0.759	0.003
3.078	4.455	0.758	0.003
2.904	4.776	0.757	0.003
3.009	5.188	0.756	0.003
3.148	5.375	0.755	0.003
3.105	5.266	0.755	0.003
2.909	5.018	0.755	0.003
2.744	4.783	0.756	0.003
2.698	4.578	0.759	0.003
2.564	4.346	0.761	0.003
2.347	4.094	0.765	0.003
2.197	3.950	0.768	0.003
2.238	4.041	0.771	0.003
2.403	4.301	0.773	0.003
2.482	4.481	0.775	0.003
2.357	4.354	0.776	0.003
2.139	3.938	0.777	0.003
2.000	3.486	0.777	0.003
1.989	3.238	0.777	0.003
2.005	3.216	0.777	0.003
1.947	3.257	0.775	0.003
1.830	3.213	0.773	0.003
1.732	3.087	0.771	0.003
1.693	2.990	0.770	0.003
1.696	2.979	0.770	0.003
1.695	2.996	0.773	0.003
1.652	2.953	0.777	0.003
1.572	2.837	0.783	0.003
1.486	2.715	0.789	0.003
1.409	2.652	0.793	0.003
1.365	2.633	0.796	0.003
1.343	2.599	0.797	0.003
1.317	2.542	0.797	0.003
1.269	2.515	0.796	0.003
1.228	2.555	0.795	0.003
1.192	2.624	0.793	0.002
1.144	2.631	0.791	0.002
1.080	2.535	0.790	0.002
0.999	2.393	0.788	0.002
0.930	2.287	0.786	0.002
0.892	2.233	0.784	0.002
0.872	2.179	0.781	0.002
0.846	2.078	0.779	0.002
0.813	1.946	0.778	0.002
0.788	1.842	0.777	0.002
0.765	1.797	0.777	0.002
0.713	1.785	0.779	0.002
0.643	1.766	0.782	0.002
0.586	1.726	0.787	0.002
0.584	1.670	0.793	0.002
0.610	1.603	0.799	0.002
0.610	1.541	0.806	0.002
0.573	1.505	0.813	0.002
0.540	1.505	0.820	0.002
0.533	1.521	0.827	0.002
0.560	1.525	0.833	0.002
0.597	1.507	0.838	0.002
0.605	1.498	0.843	0.002
0.585	1.513	0.848	0.002
0.570	1.537	0.853	0.002
0.570	1.547	0.857	0.002
0.573	1.534	0.862	0.002
0.567	1.519	0.866	0.002
0.546	1.539	0.871	0.002
0.524	1.596	0.875	0.002
0.507	1.657	0.880	0.002
0.489	1.680	0.884	0.002
0.460	1.645	0.889	0.002
0.422	1.570	0.894	0.002
0.392	1.480	0.899	0.002
0.378	1.379	0.903	0.002
0.366	1.254	0.908	0.002
0.341	1.097	0.913	0.002
0.306	0.926	0.917	0.002
0.273	0.775	0.922	0.002
0.260	0.668	0.925	0.002
0.280	0.600	0.929	0.001
0.296	0.554	0.932	0.001
0.278	0.519	0.935	0.001
0.233	0.492	0.937	0.001
0.195	0.474	0.940	0.001
0.198	0.458	0.942	0.001
0.238	0.434	0.944	0.001
0.280	0.401	0.945	0.001
0.300	0.368	0.946	0.001
0.316	0.342	0.946	0.001
0.357	0.323	0.946	0.001
0.448	0.316	0.945	0.001
0.551	0.323	0.943	0.001
0.646	0.354	0.941	0.001
0.729	0.415	0.938	0.001
0.830	0.495	0.934	0.001
0.972	0.575	0.929	0.001
1.147	0.637	0.924	0.001
1.323	0.681	0.919	0.001
1.508	0.725	0.913	0.001
1.730	0.786	0.908	0.001
1.959	0.878	0.903	0.001
2.140	0.993	0.897	0.001
2.224	1.126	0.892	0.001
2.281	1.272	0.886	0.002
2.337	1.434	0.879	0.002
2.397	1.612	0.872	0.002
2.417	1.786	0.863	0.002
2.491	1.944	0.854	0.002
2.491	2.098	0.844	0.002
2.421	2.264	0.833	0.002
2.322	2.429	0.821	0.002
2.391	2.546	0.808	0.002
2.610	2.576	0.795	0.002
3.054	2.520	0.783	0.002
3.584	2.405	0.770	0.002
3.975	2.277	0.756	0.002
4.108	2.172	0.740	0.002
4.112	2.123	0.723	0.002
4.283	2.170	0.706	0.002
4.625	2.357	0.688	0.002
4.973	2.709	0.670	0.002
5.266	3.183	0.652	0.003
5.545	3.775	0.636	0.003
5.904	4.609	0.620	0.003
6.353	5.812	0.606	0.003
6.785	7.267	0.593	0.003
7.145	8.613	0.583	0.004
7.469	9.622	0.575	0.004
7.812	10.526	0.570	0.004
8.217	11.729	0.567	0.005
8.594	13.411	0.567	0.005
8.876	15.428	0.569	0.005
9.141	17.602	0.573	0.006
9.462	19.882	0.578	0.006
9.844	22.328	0.584	0.007
10.291	24.991	0.591	0.007
10.893	27.967	0.600	0.007
11.644	31.448	0.609	0.008
12.511	35.427	0.620	0.008
13.427	39.523	0.631	0.009
14.450	43.219	0.643	0.009
15.613	46.347	0.655	0.010
16.853	49.245	0.667	0.010
17.981	52.372	0.680	0.010
18.902	55.756	0.692	0.011
19.659	59.076	0.704	0.011
20.435	62.138	0.716	0.012
21.245	65.154	0.727	0.012
21.955	68.511	0.738	0.012
22.648	72.115	0.749	0.013
23.159	75.349	0.758	0.013
23.478	77.799	0.767	0.013
23.585	79.627	0.776	0.013
23.519	81.324	0.784	0.014
23.325	83.124	0.792	0.014
23.032	84.617	0.799	0.014
22.509	85.261	0.805	0.014
21.624	84.886	0.811	0.014
20.335	83.646	0.817	0.014
18.804	81.520	0.822	0.014
17.319	78.201	0.827	0.014
16.072	73.508	0.832	0.014
15.055	67.813	0.837	0.013
14.162	61.878	0.841	0.013
13.292	56.261	0.846	0.013
12.361	50.994	0.850	0.012
11.369	45.842	0.855	0.012
10.341	40.763	0.859	0.011
9.316	35.985	0.863	0.011
8.382	31.740	0.867	0.010
7.594	28.010	0.871	0.009
6.926	24.572	0.875	0.009
6.371	21.253	0.879	0.008
5.982	18.026	0.882	0.008
6.016	14.987	0.885	0.007
6.672	12.277	0.888	0.007
8.093	10.036	0.891	0.006
10.268	8.336	0.893	0.006
12.823	7.153	0.895	0.005
15.129	6.317	0.897	0.005
16.633	5.596	0.899	0.004
17.064	4.847	0.901	0.004
16.429	4.083	0.902	0.004
14.928	3.390	0.904	0.003
12.768	2.815	0.906	0.003
10.234	2.299	0.908	0.003
7.670	1.772	0.910	0.003
5.398	1.247	0.912	0.002
3.596	0.808	0.914	0.002
2.255	0.518	0.915	0.002
1.292	0.357	0.916	0.002
0.650	0.249	0.917	0.001
0.313	0.147	0.917	0.001
0.221	0.063	0.918	0.001
0.249	0.026	0.918	0.001
0.274	0.032	0.917	0.001
0.252	0.050	0.917	0.000
0.217	0.064	0.916	0.000
0.207	0.082	0.915	0.000
0.227	0.120	0.913	0.000
0.239	0.172	0.912	0.000
0.219	0.222	0.911	0.001
0.183	0.260	0.909	0.001
0.165	0.293	0.908	0.001
0.173	0.332	0.907	0.001
0.192	0.372	0.906	0.001
0.203	0.401	0.904	0.001
0.204	0.414	0.902	0.001
0.205	0.414	0.899	0.001
0.211	0.411	0.897	0.001
0.211	0.413	0.894	0.001
0.195	0.416	0.891	0.001
0.167	0.416	0.888	0.001
0.142	0.410	0.885	0.001
0.128	0.403	0.883	0.001
0.121	0.401	0.881	0.001
0.114	0.401	0.879	0.001
0.101	0.398	0.877	0.001
0.087	0.391	0.875	0.001
0.079	0.377	0.873	0.001
0.078	0.358	0.871	0.001
0.076	0.334	0.869	0.001
0.072	0.308	0.867	0.001
0.066	0.289	0.864	0.001
0.063	0.274	0.862	0.001
0.063	0.255	0.859	0.001
0.061	0.226	0.856	0.001
0.057	0.191	0.853	0.001
0.051	0.163	0.849	0.001
0.047	0.151	0.846	0.001
0.046	0.151	0.842	0.001
0.047	0.149	0.838	0.001
0.047	0.139	0.834	0.001
0.044	0.125	0.830	0.001
0.039	0.110	0.826	0.001
0.037	0.096	0.821	0.001
0.036	0.082	0.816	0.001
0.035	0.067	0.811	0.000
0.031	0.055	0.805	0.000
0.026	0.049	0.799	0.000
0.020	0.048	0.793	0.000
0.017	0.046	0.786	0.000
0.016	0.041	0.779	0.000
0.016	0.034	0.771	0.000
0.017	0.028	0.763	0.000
0.016	0.023	0.755	0.000
0.015	0.021	0.746	0.000
0.012	0.018	0.736	0.000
0.009	0.018	0.726	0.000
0.008	0.019	0.716	0.000
0.009	0.021	0.704	0.000
0.012	0.023	0.692	0.000
0.014	0.025	0.678	0.000
0.020	0.027	0.664	0.000
0.025	0.029	0.647	0.000
0.027	0.029	0.630	0.000
0.025	0.029	0.611	0.000
0.023	0.027	0.590	0.000
0.026	0.025	0.566	0.000
0.035	0.024	0.541	0.000
0.045	0.023	0.513	0.000
0.054	0.022	0.483	0.000
0.062	0.021	0.449	0.000
