0.000	0.000	0.000	0.000
0.001	0.000	0.000	0.000
0.002	0.000	0.000	0.000
0.003	0.000	0.000	0.000
0.004	0.000	0.000	0.000
0.003	0.001	0.000	0.000
0.003	0.003	0.000	0.000
0.003	0.005	0.000	0.000
0.005	0.008	0.000	0.000
0.007	0.008	0.000	0.000
0.010	0.006	0.000	0.000
0.010	0.003	0.000	0.000
0.010	0.001	0.000	0.000
0.008	0.002	0.000	0.000
0.007	0.007	0.000	0.000
0.005	0.011	0.000	0.000
0.005	0.015	0.000	0.000
0.006	0.016	0.000	0.000
0.008	0.016	0.000	0.000
0.009	0.016	0.000	0.000
0.010	0.017	0.000	0.000
0.009	0.017	0.000	0.000
0.008	0.018	0.000	0.000
0.007	0.018	0.000	0.000
0.007	0.016	0.000	0.000
0.006	0.011	0.000	0.000
0.006	0.007	0.000	0.000
0.005	0.004	0.000	0.000
0.005	0.002	0.000	0.000
0.005	0.001	0.000	0.000
0.004	0.001	0.000	0.000
0.005	0.001	0.000	0.000
0.005	0.000	0.000	0.000
0.007	0.001	0.000	0.000
0.009	0.001	0.000	0.000
0.014	0.003	0.000	0.000
0.023	0.006	0.000	0.000
0.027	0.011	0.000	0.000
0.024	0.017	0.000	0.000
0.017	0.020	0.000	0.000
0.012	0.021	0.000	0.000
0.014	0.020	0.000	0.000
0.018	0.019	0.000	0.000
0.020	0.017	0.000	0.000
0.019	0.014	0.000	0.000
0.017	0.011	0.000	0.000
0.017	0.008	0.000	0.000
0.019	0.008	0.000	0.000
0.019	0.009	0.000	0.000
0.020	0.012	0.000	0.000
0.020	0.013	0.000	0.000
0.018	0.011	0.000	0.000
0.015	0.007	0.000	0.000
0.012	0.004	0.000	0.000
0.011	0.005	0.000	0.000
0.011	0.007	0.000	0.000
0.010	0.009	0.000	0.000
0.009	0.010	0.000	0.000
0.007	0.011	0.000	0.000
0.008	0.012	0.000	0.000
0.009	0.014	0.000	0.000
0.010	0.014	0.000	0.000
0.012	0.013	0.000	0.000
0.014	0.010	0.000	0.000
0.015	0.007	0.000	0.000
0.013	0.005	0.000	0.000
0.010	0.006	0.000	0.000
0.007	0.009	0.000	0.000
0.006	0.010	0.000	0.000
0.006	0.009	0.000	0.000
0.007	0.008	0.000	0.000
0.007	0.009	0.000	0.000
0.005	0.012	0.000	0.000
0.004	0.015	0.000	0.000
0.004	0.016	0.000	0.000
0.005	0.015	0.000	0.000
0.006	0.013	0.000	0.000
0.007	0.010	0.000	0.000
0.008	0.006	0.000	0.000
0.010	0.004	0.000	0.000
0.012	0.004	0.000	0.000
0.014	0.006	0.000	0.000
0.015	0.009	0.000	0.000
0.016	0.011	0.000	0.000
0.015	0.009	0.000	0.000
0.014	0.006	0.000	0.000
0.013	0.004	0.000	0.000
0.011	0.005	0.000	0.000
0.010	0.007	0.000	0.000
0.010	0.010	0.000	0.000
0.011	0.010	0.000	0.000
0.011	0.009	0.000	0.000
0.011	0.007	0.000	0.000
0.010	0.006	0.000	0.000
0.009	0.004	0.000	0.000
0.009	0.003	0.000	0.000
0.010	0.002	0.000	0.000
0.011	0.001	0.000	0.000
0.012	0.001	0.000	0.000
0.012	0.002	0.000	0.000
0.013	0.002	0.043	0.000
0.013	0.002	0.132	0.000
0.013	0.001	0.224	0.000
0.012	0.002	0.268	0.000
0.010	0.005	0.252	0.000
0.009	0.009	0.213	0.000
0.009	0.014	0.194	0.000
0.010	0.015	0.204	0.000
0.010	0.015	0.217	0.000
0.008	0.013	0.209	0.000
0.007	0.012	0.188	0.000
0.007	0.011	0.174	0.000
0.008	0.009	0.174	0.000
0.008	0.009	0.177	0.000
0.007	0.008	0.168	0.000
0.006	0.008	0.150	0.000
0.006	0.006	0.134	0.000
0.006	0.004	0.127	0.000
0.006	0.001	0.124	0.000
0.006	-0.000	0.117	0.000
0.005	0.000	0.107	0.000
0.005	0.001	0.099	0.000
0.005	0.001	0.096	0.000
0.005	0.001	0.095	0.000
0.005	0.002	0.093	0.000
0.005	0.003	0.090	0.000
0.005	0.004	0.087	0.000
0.005	0.003	0.087	0.000
0.005	0.002	0.088	0.000
0.005	0.001	0.089	0.000
0.005	0.001	0.091	0.000
0.004	0.002	0.095	0.000
0.005	0.002	0.105	0.000
0.005	0.002	0.119	0.000
0.005	0.001	0.136	0.000
0.005	0.001	0.155	0.000
0.005	0.002	0.176	0.000
0.004	0.002	0.200	0.000
0.004	0.002	0.226	0.000
0.004	0.002	0.254	0.000
0.005	0.002	0.284	0.000
0.005	0.003	0.314	0.000
0.006	0.003	0.345	0.000
0.006	0.003	0.374	0.000
0.006	0.004	0.402	0.000
0.006	0.005	0.430	0.000
0.006	0.007	0.456	0.000
0.006	0.008	0.483	0.000
0.006	0.007	0.510	0.000
0.006	0.007	0.539	0.000
0.005	0.007	0.569	0.000
0.005	0.009	0.596	0.000
0.006	0.011	0.621	0.000
0.007	0.012	0.642	0.000
0.008	0.013	0.662	0.000
0.008	0.015	0.682	0.000
0.007	0.019	0.702	0.000
0.007	0.024	0.722	0.000
0.007	0.029	0.743	0.000
0.008	0.029	0.762	0.000
0.009	0.025	0.776	0.000
0.009	0.021	0.786	0.000
0.009	0.019	0.793	0.000
0.009	0.020	0.798	0.000
0.010	0.019	0.802	0.000
0.010	0.017	0.805	0.000
0.009	0.017	0.808	0.000
0.009	0.020	0.809	0.000
0.008	0.025	0.810	0.000
0.008	0.030	0.810	0.000
0.007	0.031	0.809	0.000
0.007	0.029	0.808	0.000
0.007	0.025	0.808	0.000
0.007	0.022	0.808	0.000
0.007	0.020	0.809	0.000
0.008	0.019	0.811	0.000
0.008	0.017	0.813	0.000
0.009	0.014	0.816	0.000
0.009	0.010	0.819	0.000
0.009	0.008	0.821	0.000
0.009	0.009	0.823	0.000
0.009	0.012	0.823	0.000
0.009	0.011	0.820	0.000
0.009	0.008	0.818	0.000
0.009	0.004	0.815	0.000
0.008	0.002	0.814	0.000
0.008	0.002	0.812	0.000
0.008	0.003	0.810	0.000
0.008	0.004	0.808	0.000
0.007	0.005	0.805	0.000
0.006	0.008	0.802	0.000
0.006	0.010	0.799	0.000
0.007	0.011	0.793	0.000
0.008	0.010	0.785	0.000
0.009	0.008	0.775	0.000
0.009	0.008	0.765	0.000
0.008	0.008	0.755	0.000
0.007	0.009	0.744	0.000
0.006	0.009	0.735	0.000
0.005	0.009	0.727	0.000
0.005	0.010	0.721	0.000
0.005	0.012	0.715	0.000
0.006	0.012	0.709	0.000
0.008	0.011	0.700	0.000
0.009	0.012	0.691	0.000
0.010	0.016	0.681	0.000
0.010	0.021	0.671	0.000
0.010	0.024	0.661	0.000
0.010	0.025	0.650	0.000
0.010	0.023	0.640	0.000
0.009	0.022	0.631	0.000
0.009	0.023	0.625	0.000
0.008	0.025	0.622	0.000
0.008	0.024	0.620	0.000
0.009	0.022	0.620	0.000
0.011	0.018	0.621	0.000
0.013	0.016	0.622	0.000
0.013	0.016	0.623	0.000
0.013	0.020	0.622	0.000
0.012	0.022	0.620	0.000
0.011	0.021	0.617	0.000
0.010	0.016	0.614	0.000
0.009	0.010	0.611	0.000
0.006	0.006	0.609	0.000
0.004	0.007	0.607	0.000
0.004	0.008	0.606	0.000
0.004	0.007	0.605	0.000
0.005	0.006	0.606	0.000
0.005	0.005	0.607	0.000
0.004	0.007	0.608	0.000
0.004	0.009	0.609	0.000
0.004	0.012	0.608	0.000
0.004	0.015	0.608	0.000
0.004	0.016	0.607	0.000
0.003	0.015	0.605	0.000
0.003	0.013	0.600	0.000
0.003	0.011	0.593	0.000
0.004	0.010	0.585	0.000
0.004	0.009	0.577	0.000
0.003	0.008	0.571	0.000
0.003	0.007	0.566	0.000
0.003	0.007	0.562	0.000
0.003	0.008	0.560	0.000
0.003	0.009	0.557	0.000
0.003	0.008	0.556	0.000
0.003	0.007	0.555	0.000
0.003	0.005	0.553	0.000
0.003	0.003	0.552	0.000
0.003	0.003	0.551	0.000
0.003	0.003	0.551	0.000
0.002	0.003	0.552	0.000
0.002	0.003	0.555	0.000
0.002	0.003	0.560	0.000
0.002	0.003	0.567	0.000
0.002	0.004	0.576	0.000
0.002	0.005	0.585	0.000
0.002	0.005	0.595	0.000
0.003	0.006	0.605	0.000
0.002	0.006	0.615	0.000
0.002	0.005	0.625	0.000
0.002	0.004	0.635	0.000
0.002	0.003	0.644	0.000
0.002	0.003	0.653	0.000
0.002	0.003	0.663	0.000
0.002	0.003	0.674	0.000
0.002	0.004	0.685	0.000
0.002	0.004	0.695	0.000
0.002	0.003	0.704	0.000
0.002	0.002	0.710	0.000
0.002	0.002	0.715	0.000
0.002	0.002	0.719	0.000
0.003	0.002	0.721	0.000
0.006	0.002	0.721	0.000
0.007	0.004	0.719	0.000
0.006	0.009	0.718	0.000
0.005	0.019	0.717	0.000
0.004	0.030	0.717	0.000
0.005	0.036	0.714	0.000
0.006	0.035	0.709	0.000
0.007	0.030	0.700	0.000
0.007	0.027	0.691	0.000
0.006	0.028	0.684	0.000
0.006	0.029	0.678	0.000
0.007	0.026	0.671	0.000
0.007	0.021	0.661	0.000
0.007	0.016	0.648	0.000
0.013	0.015	0.636	0.000
0.024	0.015	0.623	0.000
0.042	0.013	0.608	0.000
0.081	0.011	0.588	0.000
0.159	0.011	0.561	0.000
0.308	0.012	0.531	0.000
0.554	0.012	0.505	0.000
0.886	0.008	0.485	0.000
1.259	0.004	0.470	0.000
1.653	0.001	0.457	0.000
2.043	0.004	0.444	0.000
2.437	0.012	0.432	0.000
2.848	0.020	0.418	0.000
3.256	0.023	0.405	0.000
3.629	0.020	0.391	0.000
3.914	0.013	0.376	0.000
4.099	0.008	0.363	0.000
4.212	0.009	0.351	0.000
4.288	0.011	0.341	0.000
4.343	0.012	0.334	0.000
4.332	0.010	0.330	0.000
4.226	0.008	0.325	0.000
4.038	0.010	0.317	0.000
3.816	0.015	0.303	0.000
3.624	0.020	0.288	0.000
3.437	0.021	0.274	0.000
3.212	0.018	0.264	0.000
2.940	0.020	0.258	0.000
2.673	0.032	0.252	0.000
2.444	0.047	0.245	0.000
2.244	0.053	0.240	0.000
2.032	0.043	0.238	0.000
1.795	0.028	0.241	0.000
1.548	0.022	0.246	0.000
1.320	0.027	0.251	0.000
1.104	0.037	0.255	0.000
0.901	0.038	0.260	0.000
0.717	0.033	0.262	0.000
0.563	0.028	0.259	0.000
0.436	0.028	0.251	0.000
0.326	0.029	0.235	0.000
0.225	0.026	0.216	0.000
0.143	0.020	0.199	0.000
0.093	0.016	0.190	0.000
0.072	0.017	0.195	0.000
0.061	0.021	0.211	0.000
0.048	0.029	0.229	0.000
0.031	0.040	0.243	0.000
0.021	0.052	0.248	0.000
0.023	0.058	0.248	0.000
0.028	0.053	0.249	0.000
0.029	0.044	0.255	0.000
0.023	0.039	0.263	0.000
0.016	0.041	0.273	0.000
0.012	0.045	0.285	0.000
0.012	0.040	0.298	0.000
0.012	0.025	0.312	0.000
0.012	0.008	0.325	0.000
0.014	0.000	0.336	0.000
0.015	0.003	0.346	0.000
0.018	0.012	0.354	0.000
0.020	0.022	0.360	0.000
0.018	0.028	0.364	0.000
0.016	0.026	0.365	0.000
0.015	0.019	0.365	0.000
0.012	0.014	0.368	0.000
0.009	0.017	0.375	0.000
0.006	0.028	0.384	0.000
0.004	0.034	0.396	0.000
0.005	0.031	0.408	0.000
0.008	0.019	0.423	0.000
0.010	0.008	0.438	0.000
0.010	0.003	0.454	0.000
0.008	0.003	0.469	0.000
0.006	0.003	0.481	0.000
0.007	0.002	0.491	0.000
0.008	0.002	0.499	0.000
0.010	0.005	0.505	0.000
0.010	0.011	0.510	0.000
0.008	0.017	0.514	0.000
0.008	0.022	0.517	0.000
0.008	0.025	0.521	0.000
0.008	0.025	0.525	0.000
0.007	0.023	0.530	0.000
0.006	0.018	0.533	0.000
0.005	0.011	0.534	0.000
0.004	0.004	0.534	0.000
0.004	0.001	0.533	0.000
0.004	0.001	0.530	0.000
0.004	0.003	0.525	0.000
0.004	0.004	0.517	0.000
0.005	0.005	0.505	0.000
0.007	0.005	0.492	0.000
0.008	0.006	0.479	0.000
0.010	0.008	0.467	0.000
0.012	0.010	0.456	0.000
0.013	0.010	0.447	0.000
0.012	0.009	0.440	0.000
0.009	0.009	0.434	0.000
0.006	0.011	0.427	0.000
0.005	0.013	0.417	0.000
0.006	0.012	0.404	0.000
0.007	0.008	0.389	0.000
0.008	0.003	0.372	0.000
0.009	0.000	0.353	0.000
0.009	0.001	0.333	0.000
0.009	0.003	0.315	0.000
0.007	0.005	0.298	0.000
0.005	0.004	0.285	0.000
0.004	0.004	0.276	0.000
0.003	0.004	0.269	0.000
0.004	0.004	0.264	0.000
0.004	0.004	0.260	0.000
0.004	0.004	0.257	0.000
0.003	0.003	0.253	0.000
0.003	0.003	0.249	0.000
0.003	0.003	0.244	0.000
0.003	0.004	0.237	0.000
0.004	0.003	0.229	0.000
0.004	0.004	0.220	0.000
0.004	0.005	0.214	0.000
0.003	0.007	0.210	0.000
0.003	0.008	0.210	0.000
0.003	0.010	0.213	0.000
0.004	0.012	0.216	0.000
0.006	0.012	0.219	0.000
0.009	0.012	0.221	0.000
0.011	0.010	0.224	0.000
0.013	0.010	0.227	0.000
0.014	0.010	0.230	0.000
0.015	0.010	0.234	0.000
0.022	0.009	0.239	0.000
0.040	0.008	0.243	0.000
0.079	0.006	0.249	0.000
0.149	0.006	0.257	0.000
0.257	0.008	0.267	0.000
0.401	0.013	0.278	0.000
0.572	0.018	0.288	0.000
0.757	0.020	0.298	0.000
0.963	0.017	0.310	0.000
1.181	0.014	0.325	0.000
1.393	0.013	0.341	0.000
1.581	0.015	0.354	0.000
1.742	0.018	0.361	0.000
1.902	0.018	0.362	0.000
2.088	0.017	0.358	0.000
2.291	0.020	0.350	0.000
2.465	0.024	0.338	0.000
2.585	0.025	0.325	0.000
2.650	0.022	0.310	0.000
2.665	0.015	0.297	0.000
2.649	0.008	0.286	0.000
2.597	0.007	0.276	0.000
2.495	0.010	0.265	0.000
2.353	0.012	0.254	0.000
2.213	0.012	0.240	0.000
2.084	0.012	0.226	0.000
1.962	0.015	0.212	0.000
1.831	0.017	0.201	0.000
1.674	0.015	0.194	0.000
1.487	0.010	0.192	0.000
1.287	0.008	0.193	0.000
1.110	0.011	0.195	0.000
1.002	0.017	0.200	0.000
0.961	0.022	0.209	0.000
0.943	0.021	0.223	0.000
0.911	0.018	0.242	0.000
0.866	0.018	0.267	0.000
0.826	0.024	0.296	0.000
0.788	0.034	0.329	0.000
0.734	0.044	0.365	0.000
0.652	0.051	0.402	0.000
0.555	0.050	0.434	0.000
0.475	0.037	0.460	0.000
0.429	0.019	0.477	0.000
0.403	0.004	0.489	0.000
0.380	0.001	0.497	0.000
0.356	0.010	0.505	0.000
0.355	0.028	0.515	0.000
0.381	0.041	0.526	0.000
0.416	0.043	0.538	0.000
0.432	0.036	0.553	0.000
0.428	0.028	0.569	0.000
0.415	0.025	0.586	0.000
0.412	0.021	0.601	0.000
0.424	0.014	0.610	0.000
0.445	0.005	0.612	0.000
0.470	0.003	0.606	0.000
0.497	0.013	0.593	0.000
0.524	0.029	0.576	0.000
0.545	0.041	0.554	0.000
0.553	0.045	0.528	0.000
0.544	0.046	0.499	0.000
0.525	0.047	0.467	0.000
0.520	0.042	0.436	0.000
0.520	0.028	0.408	0.000
0.495	0.011	0.383	0.000
0.441	0.001	0.362	0.000
0.379	0.003	0.343	0.000
0.346	0.012	0.326	0.000
0.356	0.018	0.310	0.000
0.406	0.017	0.297	0.000
0.458	0.011	0.287	0.000
0.489	0.008	0.281	0.000
0.502	0.010	0.277	0.000
0.518	0.013	0.277	0.000
0.550	0.014	0.278	0.000
0.601	0.017	0.281	0.000
0.656	0.020	0.284	0.000
0.694	0.025	0.287	0.000
0.704	0.029	0.289	0.000
0.709	0.026	0.291	0.000
0.711	0.017	0.293	0.000
0.702	0.006	0.296	0.000
0.675	0.002	0.300	0.000
0.630	0.008	0.306	0.000
0.585	0.015	0.312	0.000
0.559	0.016	0.319	0.000
0.554	0.014	0.327	0.000
0.553	0.016	0.335	0.000
0.543	0.027	0.344	0.000
0.500	0.039	0.352	0.000
0.430	0.046	0.360	0.000
0.356	0.051	0.368	0.000
0.315	0.057	0.377	0.000
0.319	0.066	0.386	0.000
0.361	0.076	0.396	0.000
0.383	0.081	0.404	0.000
0.356	0.086	0.412	0.000
0.308	0.097	0.420	0.000
0.292	0.116	0.426	0.000
0.325	0.132	0.433	0.000
0.380	0.126	0.439	0.000
0.417	0.095	0.444	0.000
0.426	0.057	0.450	0.000
0.443	0.036	0.456	0.000
0.493	0.034	0.462	0.000
0.569	0.038	0.470	0.000
0.614	0.032	0.478	0.000
0.592	0.016	0.486	0.000
0.524	0.002	0.495	0.000
0.489	0.004	0.504	0.000
0.515	0.014	0.514	0.000
0.607	0.024	0.523	0.000
0.687	0.032	0.532	0.000
0.695	0.049	0.542	0.000
0.649	0.078	0.554	0.000
0.626	0.111	0.566	0.000
0.761	0.144	0.578	0.000
0.951	0.180	0.589	0.001
1.060	0.238	0.600	0.001
1.187	0.330	0.611	0.001
1.274	0.456	0.620	0.001
1.292	0.602	0.629	0.001
1.245	0.754	0.638	0.001
1.202	0.895	0.647	0.001
1.239	1.004	0.656	0.001
1.379	1.059	0.666	0.001
1.578	1.043	0.677	0.001
1.747	0.966	0.688	0.001
1.857	0.869	0.701	0.001
1.927	0.802	0.714	0.001
1.943	0.795	0.727	0.001
1.879	0.847	0.740	0.001
1.767	0.934	0.753	0.001
1.638	1.032	0.766	0.002
1.524	1.138	0.780	0.002
1.425	1.274	0.794	0.002
1.350	1.474	0.807	0.002
1.321	1.754	0.820	0.002
1.361	2.081	0.833	0.002
1.451	2.377	0.844	0.002
1.534	2.600	0.855	0.002
1.576	2.792	0.863	0.002
1.569	3.052	0.870	0.002
1.537	3.434	0.875	0.003
1.484	3.896	0.881	0.003
1.413	4.325	0.888	0.003
1.312	4.600	0.895	0.003
1.210	4.646	0.903	0.003
1.095	4.452	0.911	0.003
0.975	4.069	0.919	0.003
0.866	3.572	0.927	0.003
0.791	3.036	0.933	0.003
0.743	2.521	0.937	0.003
0.722	2.070	0.940	0.003
0.747	1.690	0.941	0.002
0.804	1.354	0.940	0.002
0.877	1.038	0.938	0.002
0.941	0.758	0.935	0.002
0.979	0.560	0.932	0.002
0.994	0.463	0.928	0.001
1.020	0.428	0.922	0.001
1.084	0.391	0.917	0.001
1.167	0.311	0.911	0.001
1.266	0.203	0.906	0.001
1.337	0.113	0.900	0.001
1.330	0.064	0.894	0.001
1.241	0.051	0.888	0.001
1.126	0.053	0.882	0.001
1.079	0.061	0.875	0.000
1.095	0.078	0.868	0.000
1.118	0.110	0.860	0.000
1.092	0.146	0.851	0.000
1.036	0.180	0.840	0.001
0.998	0.222	0.830	0.001
0.985	0.297	0.819	0.001
0.953	0.419	0.807	0.001
0.872	0.550	0.795	0.001
0.830	0.608	0.783	0.001
0.813	0.535	0.771	0.001
0.775	0.368	0.759	0.001
0.681	0.213	0.747	0.001
0.567	0.159	0.734	0.001
0.512	0.187	0.721	0.001
0.536	0.203	0.707	0.001
0.586	0.149	0.693	0.001
0.599	0.057	0.679	0.001
0.586	-0.003	0.664	0.001
0.586	0.001	0.649	0.000
0.620	0.037	0.634	0.000
0.660	0.055	0.620	0.000
0.693	0.039	0.605	0.000
0.709	0.013	0.591	0.000
0.731	0.003	0.578	0.000
0.763	0.007	0.566	0.000
0.803	0.011	0.554	0.000
0.828	0.009	0.544	0.000
0.886	0.005	0.534	0.000
1.114	0.009	0.524	0.000
1.312	0.018	0.515	0.000
1.329	0.022	0.507	0.000
1.203	0.018	0.499	0.000
1.116	0.014	0.492	0.000
1.156	0.021	0.485	0.000
1.247	0.039	0.477	0.000
1.244	0.059	0.469	0.000
1.094	0.078	0.460	0.000
0.910	0.098	0.452	0.000
0.855	0.121	0.443	0.000
0.932	0.147	0.436	0.000
1.038	0.173	0.427	0.001
1.077	0.202	0.419	0.001
1.046	0.244	0.409	0.001
1.013	0.306	0.399	0.001
1.027	0.377	0.388	0.001
1.064	0.434	0.376	0.001
1.104	0.455	0.363	0.001
1.171	0.449	0.349	0.001
1.258	0.448	0.334	0.001
1.327	0.474	0.318	0.001
1.360	0.536	0.301	0.001
1.532	0.603	0.285	0.001
1.807	0.676	0.269	0.001
1.984	0.768	0.254	0.001
1.884	0.865	0.239	0.001
1.574	0.900	0.224	0.001
1.364	0.829	0.208	0.001
1.363	0.671	0.192	0.001
1.479	0.540	0.175	0.001
1.522	0.511	0.158	0.001
1.419	0.592	0.140	0.001
1.291	0.717	0.125	0.001
1.278	0.829	0.114	0.001
1.389	0.909	0.109	0.001
1.492	0.959	0.112	0.001
1.542	0.962	0.124	0.001
1.571	0.901	0.144	0.001
1.677	0.814	0.171	0.001
1.885	0.787	0.204	0.001
2.143	0.897	0.240	0.002
2.377	1.137	0.278	0.002
2.560	1.441	0.318	0.002
2.730	1.725	0.359	0.002
2.908	1.932	0.401	0.002
3.063	2.015	0.442	0.002
3.178	1.975	0.480	0.002
3.286	1.834	0.514	0.002
3.470	1.649	0.545	0.002
3.757	1.475	0.573	0.002
4.061	1.326	0.598	0.002
4.269	1.179	0.621	0.002
4.379	1.017	0.640	0.002
4.504	0.861	0.656	0.002
4.735	0.765	0.669	0.002
5.047	0.753	0.680	0.002
5.320	0.804	0.686	0.001
5.592	0.852	0.689	0.001
5.837	0.862	0.688	0.001
6.022	0.871	0.683	0.001
6.145	0.955	0.675	0.002
6.214	1.160	0.665	0.002
6.248	1.445	0.655	0.002
6.244	1.722	0.645	0.002
6.186	1.963	0.636	0.002
6.098	2.148	0.628	0.002
6.024	2.168	0.620	0.002
5.999	1.885	0.614	0.002
6.009	1.335	0.609	0.002
5.974	0.806	0.603	0.002
5.780	0.585	0.599	0.002
5.439	0.708	0.595	0.002
5.088	0.913	0.591	0.002
4.995	0.938	0.587	0.001
4.981	0.759	0.583	0.001
4.900	0.580	0.579	0.001
4.664	0.590	0.575	0.001
4.397	0.754	0.571	0.001
4.222	0.894	0.568	0.001
4.153	0.950	0.565	0.001
3.999	1.084	0.562	0.001
3.586	1.439	0.560	0.002
3.001	1.928	0.558	0.002
2.511	2.326	0.557	0.002
2.267	2.449	0.557	0.002
2.181	2.266	0.557	0.002
2.080	1.900	0.558	0.002
1.904	1.527	0.558	0.002
1.726	1.233	0.559	0.002
1.634	1.054	0.560	0.002
1.631	0.970	0.561	0.002
1.678	0.966	0.562	0.002
1.691	1.024	0.564	0.002
1.664	1.124	0.565	0.002
1.658	1.206	0.566	0.002
1.709	1.221	0.567	0.002
1.807	1.163	0.566	0.002
1.952	1.087	0.566	0.002
2.127	1.030	0.566	0.002
2.299	0.987	0.567	0.002
2.456	0.942	0.568	0.002
2.576	0.907	0.570	0.002
2.674	0.920	0.572	0.002
2.781	0.951	0.574	0.002
2.910	1.029	0.577	0.002
3.075	1.248	0.579	0.002
3.304	1.578	0.582	0.002
3.542	1.817	0.583	0.002
3.741	1.781	0.584	0.002
3.902	1.531	0.583	0.002
4.064	1.433	0.580	0.002
4.204	1.689	0.577	0.002
4.360	2.120	0.573	0.002
4.461	2.366	0.569	0.002
4.459	2.267	0.564	0.002
4.382	1.984	0.560	0.002
4.315	1.773	0.555	0.002
4.275	1.680	0.550	0.002
4.231	1.562	0.545	0.002
4.145	1.320	0.540	0.002
4.006	1.019	0.533	0.002
3.867	0.791	0.525	0.002
3.757	0.676	0.517	0.002
3.640	0.601	0.508	0.001
3.493	0.512	0.499	0.001
3.299	0.437	0.488	0.001
3.097	0.433	0.476	0.001
2.918	0.495	0.463	0.001
2.755	0.564	0.450	0.001
2.577	0.592	0.437	0.001
2.416	0.608	0.422	0.001
2.302	0.670	0.406	0.001
2.227	0.803	0.388	0.001
2.157	0.988	0.371	0.001
2.088	1.209	0.352	0.001
2.040	1.468	0.333	0.002
2.017	1.761	0.313	0.002
2.047	2.056	0.291	0.002
2.129	2.344	0.268	0.002
2.233	2.681	0.243	0.002
2.348	3.159	0.218	0.002
2.466	3.820	0.194	0.003
2.571	4.583	0.172	0.003
2.675	5.316	0.153	0.003
2.789	5.956	0.139	0.003
2.939	6.556	0.133	0.004
3.130	7.198	0.134	0.004
3.341	7.883	0.142	0.004
3.539	8.486	0.155	0.004
3.728	8.861	0.170	0.004
3.900	8.933	0.187	0.004
4.092	8.756	0.203	0.004
4.355	8.458	0.220	0.004
4.713	8.150	0.238	0.004
5.077	7.882	0.257	0.004
5.378	7.668	0.277	0.004
5.588	7.488	0.298	0.004
5.782	7.288	0.318	0.004
5.965	6.983	0.339	0.004
6.080	6.528	0.360	0.004
6.091	5.966	0.380	0.004
6.026	5.404	0.399	0.004
5.891	4.906	0.417	0.004
5.777	4.448	0.434	0.004
5.681	3.958	0.451	0.003
5.549	3.397	0.467	0.003
5.377	2.793	0.482	0.003
5.178	2.222	0.497	0.003
4.931	1.744	0.511	0.003
4.616	1.378	0.525	0.002
4.221	1.098	0.539	0.002
3.786	0.872	0.551	0.002
3.396	0.681	0.560	0.002
3.070	0.516	0.568	0.002
2.758	0.367	0.576	0.001
2.440	0.227	0.583	0.001
2.154	0.105	0.591	0.001
1.986	0.020	0.599	0.001
1.940	-0.015	0.607	0.001
1.935	-0.007	0.615	0.000
1.910	0.020	0.623	0.000
1.895	0.047	0.631	0.000
1.974	0.078	0.637	0.000
2.176	0.140	0.644	0.000
2.450	0.263	0.651	0.001
2.732	0.469	0.657	0.001
2.983	0.755	0.664	0.001
3.265	1.105	0.670	0.001
3.622	1.489	0.676	0.001
4.017	1.877	0.680	0.002
4.383	2.260	0.684	0.002
4.722	2.639	0.687	0.002
5.094	2.975	0.688	0.002
5.373	3.266	0.688	0.002
5.469	3.539	0.686	0.003
5.395	3.819	0.682	0.003
5.299	4.044	0.679	0.003
5.322	4.090	0.675	0.003
5.521	3.907	0.671	0.003
5.767	3.598	0.666	0.003
5.914	3.341	0.661	0.003
5.909	3.245	0.655	0.003
5.857	3.244	0.649	0.003
5.875	3.145	0.644	0.003
5.982	2.797	0.640	0.003
6.192	2.219	0.636	0.003
6.461	1.576	0.632	0.002
6.859	1.046	0.629	0.002
7.355	0.737	0.625	0.002
7.678	0.673	0.622	0.002
7.632	0.844	0.619	0.002
7.449	1.180	0.616	0.002
7.437	1.555	0.615	0.002
7.753	1.832	0.614	0.002
8.466	1.941	0.613	0.002
9.311	1.910	0.609	0.002
9.953	1.832	0.603	0.002
10.285	1.827	0.594	0.002
10.544	2.031	0.583	0.002
10.927	2.579	0.570	0.002
11.464	3.545	0.555	0.003
11.921	4.865	0.539	0.003
12.225	6.397	0.521	0.003
12.408	8.010	0.502	0.004
12.409	9.681	0.483	0.004
12.255	11.461	0.465	0.004
11.951	13.371	0.449	0.005
11.788	15.294	0.435	0.005
12.010	16.947	0.421	0.006
12.857	18.045	0.408	0.006
14.137	18.584	0.395	0.006
15.585	19.080	0.382	0.006
17.070	20.284	0.371	0.007
18.628	22.742	0.362	0.007
20.335	26.439	0.355	0.007
22.246	30.754	0.352	0.008
24.337	34.850	0.351	0.008
26.529	38.451	0.353	0.009
28.967	42.078	0.358	0.009
31.556	46.409	0.367	0.010
34.231	52.096	0.378	0.010
37.264	59.533	0.392	0.011
41.244	68.210	0.407	0.011
46.249	76.734	0.423	0.012
51.916	83.877	0.440	0.013
57.873	89.276	0.457	0.013
63.839	94.555	0.475	0.014
69.260	101.752	0.493	0.015
74.854	111.698	0.511	0.015
80.376	123.595	0.529	0.016
85.378	136.352	0.546	0.017
89.846	149.443	0.563	0.018
93.181	164.280	0.579	0.018
95.269	183.352	0.595	0.019
95.478	207.291	0.610	0.020
93.509	232.680	0.625	0.021
89.434	252.555	0.640	0.022
83.995	260.116	0.654	0.023
78.359	252.926	0.667	0.023
73.162	234.358	0.679	0.023
68.077	211.401	0.690	0.023
62.966	189.964	0.701	0.023
57.322	170.984	0.711	0.022
51.671	152.198	0.720	0.021
46.716	132.004	0.729	0.020
42.603	111.809	0.737	0.019
38.922	94.724	0.744	0.018
35.359	82.361	0.751	0.017
31.864	73.430	0.758	0.016
28.770	65.631	0.764	0.015
26.232	57.813	0.770	0.014
24.077	50.594	0.775	0.013
22.111	44.799	0.780	0.012
20.344	40.089	0.785	0.011
19.039	35.010	0.789	0.010
18.261	28.891	0.793	0.010
17.833	22.699	0.797	0.009
17.189	17.867	0.800	0.008
16.131	14.620	0.804	0.008
14.922	11.918	0.807	0.007
14.141	8.863	0.810	0.006
13.870	5.851	0.814	0.005
13.669	3.920	0.817	0.005
13.128	3.404	0.821	0.004
12.263	3.532	0.824	0.004
11.547	3.378	0.828	0.003
11.426	2.791	0.832	0.003
11.805	2.340	0.836	0.003
12.109	2.469	0.839	0.003
11.890	3.006	0.843	0.003
11.323	3.469	0.846	0.003
10.744	3.635	0.850	0.003
10.327	3.654	0.853	0.003
10.139	3.743	0.857	0.003
10.074	3.892	0.860	0.003
9.870	3.874	0.864	0.003
9.538	3.548	0.867	0.003
9.168	3.054	0.870	0.003
8.773	2.667	0.873	0.003
8.371	2.540	0.876	0.003
8.097	2.582	0.878	0.003
7.983	2.567	0.881	0.003
7.960	2.395	0.883	0.003
7.891	2.167	0.885	0.002
7.751	2.008	0.887	0.002
7.593	1.915	0.889	0.002
7.468	1.807	0.891	0.002
7.479	1.707	0.893	0.002
7.676	1.791	0.896	0.002
8.069	2.125	0.898	0.002
8.613	2.459	0.900	0.002
9.255	2.503	0.902	0.002
10.099	2.291	0.904	0.002
11.305	2.208	0.906	0.002
12.805	2.603	0.908	0.002
14.303	3.496	0.910	0.003
15.544	4.627	0.912	0.003
16.604	5.866	0.914	0.003
17.774	7.207	0.916	0.003
19.025	8.393	0.918	0.004
20.327	8.891	0.921	0.004
21.671	8.405	0.923	0.004
22.903	7.269	0.925	0.004
23.879	6.323	0.928	0.004
24.545	6.035	0.930	0.004
24.950	6.104	0.933	0.004
25.330	5.982	0.934	0.004
25.993	5.577	0.936	0.004
26.590	5.367	0.938	0.004
26.690	5.738	0.940	0.004
26.179	6.319	0.942	0.004
25.101	6.351	0.943	0.004
24.116	5.653	0.945	0.004
23.512	4.737	0.946	0.004
22.922	4.062	0.947	0.003
21.811	3.449	0.949	0.003
20.327	2.454	0.949	0.003
18.968	1.111	0.950	0.003
17.914	0.034	0.951	0.002
16.913	-0.252	0.952	0.002
15.810	0.094	0.952	0.001
14.755	0.417	0.953	0.001
13.938	0.307	0.954	0.001
13.390	-0.030	0.955	0.001
12.886	-0.150	0.955	0.000
12.169	0.081	0.956	0.000
11.299	0.409	0.956	0.000
10.488	0.584	0.956	0.001
9.963	0.685	0.956	0.001
9.834	0.982	0.956	0.001
9.891	1.682	0.955	0.002
9.875	2.798	0.955	0.002
9.916	4.153	0.954	0.002
10.443	5.369	0.953	0.003
11.335	6.000	0.952	0.003
11.884	5.954	0.952	0.003
11.790	5.786	0.951	0.003
11.238	6.130	0.949	0.004
10.752	6.968	0.947	0.004
10.603	7.616	0.943	0.004
10.726	7.538	0.938	0.004
11.003	6.932	0.932	0.004
11.361	6.393	0.923	0.004
11.720	6.136	0.912	0.004
12.067	5.998	0.900	0.004
12.352	5.949	0.886	0.004
12.526	6.227	0.872	0.004
12.578	6.937	0.858	0.004
12.520	7.638	0.843	0.004
12.225	7.664	0.827	0.004
11.601	6.859	0.812	0.004
10.699	5.756	0.798	0.004
9.727	4.964	0.786	0.004
8.903	4.504	0.774	0.004
8.253	3.894	0.763	0.003
7.639	2.883	0.751	0.003
6.967	1.838	0.740	0.003
6.286	1.336	0.729	0.003
5.689	1.548	0.719	0.003
5.218	2.065	0.709	0.002
4.897	2.332	0.699	0.002
4.771	2.222	0.689	0.002
4.922	2.020	0.678	0.002
5.365	1.962	0.667	0.002
6.151	2.054	0.656	0.002
7.209	2.076	0.645	0.002
8.449	1.987	0.634	0.002
9.901	1.949	0.624	0.002
11.657	2.059	0.613	0.002
13.725	2.217	0.602	0.002
15.923	2.276	0.590	0.002
18.004	2.213	0.578	0.002
19.623	2.113	0.565	0.002
20.680	2.081	0.553	0.002
21.223	2.169	0.540	0.002
21.366	2.266	0.528	0.002
21.193	2.286	0.516	0.002
20.611	2.324	0.505	0.002
19.764	2.356	0.493	0.002
18.767	2.310	0.482	0.002
17.794	2.193	0.471	0.002
16.767	2.104	0.461	0.002
15.559	2.080	0.451	0.002
14.275	2.057	0.442	0.002
13.256	1.975	0.435	0.002
12.621	1.880	0.429	0.002
11.889	1.840	0.423	0.002
10.659	1.860	0.416	0.002
9.061	1.906	0.410	0.002
7.664	1.969	0.407	0.002
6.835	2.068	0.405	0.002
6.444	2.202	0.402	0.002
6.092	2.355	0.398	0.002
5.562	2.516	0.395	0.002
5.055	2.683	0.393	0.002
4.908	2.851	0.394	0.002
5.155	2.990	0.395	0.003
5.495	3.074	0.396	0.003
5.701	3.134	0.397	0.003
5.801	3.194	0.402	0.003
6.009	3.213	0.410	0.003
6.441	3.109	0.420	0.003
6.967	2.883	0.430	0.003
7.337	2.695	0.441	0.003
7.550	2.777	0.455	0.003
7.661	3.208	0.470	0.003
7.761	3.832	0.486	0.003
7.829	4.366	0.499	0.003
7.909	4.627	0.510	0.003
8.086	4.655	0.522	0.003
8.341	4.628	0.535	0.003
8.593	4.647	0.549	0.003
8.681	4.678	0.560	0.003
8.558	4.646	0.570	0.003
8.280	4.535	0.579	0.003
8.010	4.364	0.588	0.003
7.828	4.122	0.597	0.003
7.725	3.795	0.605	0.003
7.741	3.461	0.613	0.003
7.807	3.253	0.622	0.003
7.857	3.235	0.630	0.003
7.843	3.356	0.639	0.003
7.666	3.558	0.646	0.003
7.328	3.853	0.654	0.003
6.987	4.241	0.661	0.003
6.802	4.603	0.667	0.003
6.677	4.768	0.672	0.003
6.539	4.721	0.676	0.003
6.310	4.625	0.679	0.003
6.047	4.603	0.682	0.003
5.868	4.569	0.684	0.003
5.807	4.370	0.686	0.003
5.870	4.061	0.687	0.003
5.921	3.954	0.689	0.003
6.009	4.353	0.691	0.003
6.267	5.173	0.694	0.003
6.788	6.075	0.697	0.004
7.501	6.910	0.697	0.004
8.154	7.866	0.693	0.004
8.681	9.248	0.688	0.004
9.175	11.008	0.684	0.004
9.658	12.695	0.680	0.005
10.235	13.925	0.676	0.005
10.947	14.626	0.672	0.005
11.549	15.011	0.667	0.006
11.971	15.342	0.663	0.006
12.183	15.703	0.661	0.006
12.463	16.098	0.659	0.006
12.827	16.491	0.659	0.006
13.240	16.869	0.660	0.006
13.435	17.245	0.663	0.006
13.413	17.581	0.667	0.006
13.402	17.969	0.673	0.006
13.409	18.636	0.679	0.007
13.390	19.704	0.685	0.007
13.292	21.000	0.692	0.007
12.948	22.122	0.700	0.007
12.846	22.660	0.708	0.007
13.079	22.633	0.715	0.007
13.067	22.572	0.722	0.007
12.833	22.798	0.729	0.007
12.581	22.897	0.736	0.007
12.462	22.131	0.743	0.007
12.483	20.292	0.749	0.007
12.496	18.172	0.755	0.007
12.613	16.836	0.760	0.007
13.178	16.471	0.765	0.007
14.130	16.434	0.769	0.007
15.025	16.210	0.774	0.007
15.461	16.010	0.778	0.006
15.449	16.393	0.782	0.006
15.401	17.472	0.786	0.006
15.562	18.701	0.791	0.006
15.856	19.536	0.795	0.007
16.067	19.862	0.799	0.007
16.222	19.874	0.803	0.007
16.593	19.709	0.808	0.007
17.331	19.424	0.812	0.007
18.231	19.171	0.816	0.007
18.940	19.206	0.820	0.007
19.247	19.505	0.825	0.007
19.440	19.684	0.829	0.007
19.788	19.321	0.833	0.007
20.223	18.375	0.837	0.007
20.492	17.151	0.841	0.007
20.488	16.023	0.844	0.007
20.295	15.143	0.848	0.006
20.203	14.357	0.852	0.006
20.419	13.369	0.855	0.006
20.807	11.961	0.858	0.006
21.055	10.186	0.860	0.006
21.182	8.388	0.863	0.005
21.235	7.011	0.865	0.005
21.300	6.330	0.867	0.005
21.155	6.307	0.868	0.004
20.806	6.687	0.869	0.004
20.198	7.161	0.870	0.004
19.477	7.475	0.871	0.004
18.655	7.445	0.872	0.004
17.775	7.107	0.873	0.004
16.909	6.764	0.873	0.004
16.094	6.802	0.874	0.004
15.269	7.416	0.874	0.004
14.345	8.517	0.875	0.004
13.373	9.785	0.876	0.004
12.701	10.782	0.878	0.005
12.317	11.014	0.880	0.005
12.051	10.295	0.882	0.005
11.912	8.985	0.885	0.005
12.236	7.822	0.888	0.005
13.258	7.446	0.891	0.005
14.531	7.947	0.895	0.005
15.650	8.880	0.899	0.005
16.425	9.622	0.903	0.005
17.146	9.769	0.906	0.005
18.148	9.220	0.909	0.005
19.337	8.145	0.912	0.004
20.392	6.875	0.914	0.004
20.977	5.792	0.915	0.004
21.311	5.152	0.916	0.004
21.812	5.034	0.915	0.004
22.675	5.348	0.912	0.004
23.570	6.027	0.908	0.004
24.234	7.144	0.901	0.004
24.662	8.857	0.892	0.004
25.043	11.315	0.881	0.005
25.525	14.547	0.868	0.005
25.912	18.205	0.854	0.005
25.950	21.729	0.840	0.006
25.646	24.648	0.824	0.006
25.342	26.861	0.809	0.007
25.259	28.618	0.793	0.007
25.282	30.201	0.778	0.008
24.965	31.619	0.763	0.008
24.133	32.670	0.748	0.008
22.910	33.116	0.734	0.009
21.780	33.048	0.720	0.009
21.036	32.728	0.707	0.009
20.627	32.261	0.693	0.009
20.266	31.476	0.680	0.009
19.739	30.242	0.668	0.009
19.001	28.786	0.656	0.009
17.923	27.520	0.645	0.008
16.621	26.461	0.633	0.008
15.441	25.014	0.622	0.008
14.633	22.683	0.611	0.008
14.155	19.803	0.600	0.008
13.732	17.358	0.589	0.007
13.201	15.944	0.578	0.007
12.681	15.076	0.567	0.007
12.253	13.823	0.556	0.006
12.033	11.919	0.545	0.006
11.901	9.960	0.533	0.006
11.841	8.613	0.522	0.005
11.827	7.855	0.510	0.005
11.901	7.176	0.498	0.005
12.132	6.283	0.485	0.004
12.314	5.371	0.473	0.004
12.228	4.774	0.461	0.004
11.915	4.554	0.449	0.004
11.631	4.487	0.437	0.004
11.536	4.349	0.424	0.003
11.719	4.122	0.412	0.003
12.094	3.931	0.399	0.003
12.426	3.848	0.386	0.003
12.743	3.830	0.373	0.003
13.240	3.873	0.360	0.003
13.825	4.108	0.347	0.003
14.120	4.636	0.334	0.003
14.011	5.364	0.320	0.003
13.787	6.065	0.308	0.003
13.615	6.649	0.295	0.004
13.551	7.163	0.283	0.004
13.485	7.612	0.272	0.004
13.471	7.911	0.261	0.004
13.543	8.036	0.252	0.004
13.566	8.114	0.243	0.004
13.342	8.347	0.235	0.004
12.797	8.857	0.229	0.004
12.311	9.587	0.223	0.005
12.292	10.335	0.220	0.005
12.514	10.863	0.218	0.005
12.336	11.054	0.218	0.005
11.466	10.973	0.219	0.005
10.506	10.686	0.222	0.005
10.577	10.094	0.226	0.005
11.550	9.058	0.233	0.005
12.194	7.713	0.240	0.005
11.541	6.508	0.248	0.005
10.158	5.800	0.257	0.004
9.401	5.509	0.268	0.004
9.899	5.243	0.280	0.004
11.033	4.762	0.294	0.004
11.661	4.188	0.308	0.004
11.521	3.727	0.323	0.003
11.386	3.362	0.340	0.003
11.863	2.918	0.358	0.003
12.768	2.352	0.376	0.003
13.606	1.862	0.396	0.003
14.151	1.666	0.415	0.003
14.639	1.792	0.434	0.002
15.176	2.126	0.452	0.002
15.596	2.554	0.470	0.002
15.727	3.032	0.487	0.002
15.826	3.578	0.503	0.003
16.069	4.229	0.518	0.003
16.477	5.009	0.531	0.003
16.817	5.860	0.543	0.003
16.883	6.653	0.553	0.003
16.790	7.285	0.562	0.004
16.799	7.757	0.568	0.004
17.059	8.136	0.573	0.004
17.430	8.450	0.576	0.004
17.725	8.667	0.578	0.004
17.784	8.810	0.577	0.004
17.600	9.048	0.575	0.005
17.418	9.618	0.572	0.005
17.456	10.593	0.567	0.005
17.558	11.753	0.561	0.005
17.500	12.772	0.553	0.005
17.296	13.555	0.543	0.005
17.234	14.328	0.532	0.005
17.576	15.268	0.520	0.006
18.189	16.183	0.506	0.006
18.686	16.752	0.491	0.006
18.833	17.099	0.476	0.006
18.787	17.844	0.461	0.006
18.848	19.403	0.446	0.007
19.389	21.298	0.431	0.007
20.173	22.690	0.416	0.007
20.812	23.609	0.402	0.007
21.145	25.262	0.389	0.007
21.565	28.743	0.378	0.008
22.880	33.609	0.369	0.008
24.803	38.119	0.362	0.009
26.386	41.369	0.358	0.009
26.949	44.548	0.355	0.010
26.960	49.283	0.355	0.010
27.336	55.331	0.358	0.010
28.285	60.368	0.364	0.011
29.213	62.492	0.372	0.011
29.609	62.287	0.381	0.012
29.683	62.072	0.391	0.012
30.036	63.216	0.402	0.012
30.883	65.071	0.414	0.012
31.865	66.393	0.426	0.012
32.625	67.081	0.439	0.013
33.342	68.036	0.451	0.013
34.211	69.606	0.464	0.013
34.960	71.162	0.476	0.013
35.375	72.021	0.490	0.013
35.650	72.673	0.503	0.013
36.082	74.291	0.515	0.013
36.879	77.180	0.527	0.013
37.564	80.005	0.538	0.013
38.102	80.846	0.550	0.013
38.192	78.434	0.561	0.013
38.160	73.219	0.572	0.013
38.971	66.569	0.582	0.013
40.651	59.613	0.591	0.013
42.379	52.710	0.600	0.012
43.459	45.995	0.609	0.012
43.565	39.630	0.617	0.011
43.375	33.979	0.625	0.011
42.922	29.344	0.633	0.010
41.464	25.946	0.640	0.009
38.415	23.702	0.647	0.009
34.855	22.300	0.653	0.008
32.791	21.130	0.659	0.008
33.287	19.676	0.663	0.007
35.193	17.771	0.668	0.007
36.390	15.774	0.672	0.007
35.606	14.113	0.675	0.007
33.504	13.103	0.677	0.006
31.590	12.815	0.678	0.006
30.605	13.171	0.678	0.006
29.797	13.978	0.678	0.006
28.160	14.895	0.678	0.006
25.635	15.417	0.677	0.006
23.104	15.304	0.675	0.006
21.305	14.809	0.672	0.006
20.357	14.596	0.668	0.006
19.920	15.251	0.663	0.006
19.741	16.908	0.658	0.006
20.068	19.264	0.652	0.006
21.862	21.912	0.646	0.007
24.277	24.726	0.641	0.007
26.024	27.819	0.635	0.007
26.362	31.246	0.629	0.008
26.316	34.826	0.624	0.008
27.249	38.269	0.619	0.009
29.315	41.477	0.615	0.009
31.296	44.575	0.611	0.010
31.933	47.508	0.608	0.010
31.193	49.881	0.606	0.010
30.441	51.145	0.605	0.010
30.196	51.069	0.606	0.011
29.828	49.895	0.607	0.011
28.498	47.965	0.609	0.011
26.364	45.282	0.612	0.011
24.241	41.609	0.615	0.010
22.940	37.010	0.618	0.010
22.150	32.053	0.621	0.010
21.282	27.357	0.623	0.009
19.991	22.957	0.626	0.009
18.538	18.353	0.629	0.008
17.488	13.328	0.632	0.007
17.006	8.492	0.636	0.006
16.825	4.820	0.639	0.006
16.589	2.707	0.643	0.005
16.214	1.650	0.647	0.004
15.693	0.913	0.651	0.003
15.183	0.268	0.655	0.002
14.667	-0.002	0.659	0.002
14.185	0.308	0.663	0.001
13.657	0.989	0.666	0.001
13.031	1.628	0.670	0.001
12.315	2.053	0.674	0.002
11.586	2.449	0.677	0.002
10.945	3.116	0.680	0.002
10.465	4.131	0.682	0.003
10.116	5.292	0.685	0.003
9.804	6.335	0.687	0.003
9.518	7.162	0.689	0.003
9.231	7.849	0.692	0.004
9.072	8.554	0.694	0.004
8.971	9.377	0.697	0.004
8.809	10.341	0.699	0.005
8.542	11.338	0.703	0.005
8.245	12.179	0.706	0.005
7.999	12.734	0.710	0.005
7.943	13.073	0.713	0.005
8.047	13.462	0.717	0.005
8.122	14.137	0.721	0.006
8.030	15.024	0.725	0.006
7.740	15.744	0.730	0.006
7.247	15.862	0.733	0.006
6.621	15.210	0.736	0.006
5.990	14.022	0.737	0.006
5.509	12.716	0.739	0.006
5.220	11.527	0.739	0.006
5.042	10.338	0.739	0.005
4.891	8.899	0.737	0.005
4.654	7.201	0.735	0.005
4.342	5.590	0.733	0.005
3.997	4.482	0.731	0.004
3.719	3.987	0.728	0.004
3.560	3.845	0.725	0.004
3.481	3.689	0.721	0.003
3.456	3.357	0.718	0.003
3.591	3.007	0.714	0.003
3.963	2.900	0.710	0.003
4.483	3.143	0.705	0.003
4.970	3.696	0.700	0.003
5.341	4.540	0.694	0.003
5.656	5.654	0.688	0.003
6.049	6.853	0.682	0.003
6.596	7.787	0.676	0.004
7.195	8.274	0.670	0.004
7.650	8.487	0.663	0.004
7.900	8.758	0.657	0.004
7.978	9.247	0.651	0.004
8.079	9.908	0.645	0.005
8.198	10.623	0.639	0.005
8.275	11.323	0.634	0.005
8.230	11.868	0.627	0.005
8.082	11.975	0.621	0.005
7.838	11.417	0.615	0.005
7.539	10.328	0.608	0.005
7.233	9.123	0.602	0.005
6.987	8.067	0.596	0.005
6.827	7.052	0.590	0.005
6.770	5.923	0.585	0.004
6.745	4.840	0.580	0.004
6.672	4.249	0.575	0.004
6.463	4.429	0.570	0.004
6.003	5.217	0.566	0.004
5.352	6.125	0.562	0.004
4.661	6.677	0.559	0.004
4.014	6.663	0.556	0.004
3.440	6.132	0.553	0.004
2.951	5.221	0.550	0.004
2.611	4.100	0.546	0.003
2.404	2.989	0.541	0.003
2.253	2.096	0.537	0.003
2.084	1.529	0.532	0.003
1.876	1.229	0.526	0.002
1.681	1.065	0.519	0.002
1.592	0.938	0.512	0.002
1.645	0.831	0.504	0.002
1.828	0.757	0.496	0.002
2.125	0.718	0.488	0.001
2.505	0.745	0.479	0.001
2.928	0.915	0.470	0.001
3.312	1.309	0.461	0.001
3.598	1.930	0.451	0.002
3.799	2.719	0.441	0.002
3.999	3.636	0.432	0.002
4.293	4.689	0.422	0.003
4.908	5.854	0.413	0.003
5.747	6.952	0.405	0.003
6.525	7.876	0.398	0.004
7.104	8.740	0.392	0.004
7.609	9.888	0.387	0.004
8.021	11.648	0.382	0.005
8.176	14.030	0.378	0.005
7.856	16.698	0.373	0.005
7.115	19.080	0.368	0.006
6.342	20.348	0.364	0.006
5.765	19.839	0.359	0.006
5.395	17.581	0.354	0.006
5.061	14.426	0.351	0.006
4.650	11.474	0.348	0.006
4.252	9.297	0.346	0.006
3.979	7.692	0.345	0.005
3.849	6.213	0.345	0.005
3.700	4.772	0.347	0.004
3.492	3.665	0.350	0.004
3.264	3.086	0.355	0.004
3.134	2.860	0.361	0.003
3.093	2.650	0.368	0.003
3.042	2.349	0.377	0.003
2.922	2.082	0.388	0.003
2.854	1.880	0.400	0.002
3.020	1.581	0.413	0.002
3.445	1.149	0.429	0.002
3.953	0.918	0.445	0.002
4.375	1.382	0.462	0.002
4.698	2.724	0.479	0.002
4.987	4.703	0.494	0.002
5.226	6.877	0.508	0.003
5.349	8.894	0.520	0.003
5.343	10.570	0.528	0.004
5.367	11.786	0.532	0.004
5.579	12.534	0.532	0.005
6.045	12.981	0.529	0.005
6.682	13.415	0.525	0.005
7.323	14.036	0.520	0.006
7.851	15.010	0.514	0.006
8.275	16.463	0.506	0.006
8.649	18.302	0.496	0.006
9.044	20.051	0.485	0.006
9.454	21.097	0.472	0.007
9.820	21.276	0.460	0.007
10.193	21.079	0.449	0.007
10.556	21.237	0.438	0.007
10.991	22.074	0.428	0.007
11.424	23.289	0.417	0.007
11.740	24.402	0.406	0.007
11.877	25.224	0.396	0.008
11.710	25.935	0.386	0.008
11.319	26.768	0.378	0.008
10.860	27.670	0.369	0.008
10.500	28.253	0.361	0.008
10.255	28.043	0.354	0.008
10.068	26.792	0.348	0.008
9.841	24.672	0.345	0.008
9.565	22.094	0.343	0.008
9.260	19.397	0.341	0.007
8.956	16.697	0.341	0.007
8.554	14.027	0.341	0.007
7.977	11.571	0.343	0.006
7.258	9.633	0.347	0.006
6.531	8.362	0.352	0.005
5.864	7.601	0.359	0.005
5.215	6.986	0.367	0.005
4.586	6.218	0.375	0.004
4.023	5.258	0.384	0.004
3.578	4.284	0.392	0.004
3.255	3.520	0.400	0.004
2.989	3.090	0.407	0.003
2.763	2.968	0.414	0.003
2.658	3.038	0.421	0.003
2.863	3.244	0.428	0.003
3.505	3.700	0.434	0.003
4.529	4.712	0.439	0.003
5.749	6.644	0.442	0.003
7.273	9.670	0.444	0.004
9.292	13.509	0.444	0.004
11.868	17.668	0.444	0.005
14.830	21.968	0.443	0.006
18.107	26.812	0.443	0.007
21.604	32.857	0.442	0.007
25.377	40.392	0.442	0.008
29.257	49.101	0.442	0.009
32.692	58.641	0.443	0.010
35.863	69.119	0.445	0.011
39.130	80.732	0.447	0.012
42.734	93.132	0.450	0.013
46.445	105.270	0.455	0.014
49.790	116.327	0.463	0.015
52.149	126.844	0.472	0.016
52.986	138.480	0.483	0.017
52.356	152.107	0.495	0.017
50.747	165.523	0.507	0.018
48.872	173.386	0.519	0.019
46.912	170.680	0.532	0.019
44.559	156.674	0.545	0.019
41.718	135.781	0.558	0.019
39.018	114.358	0.571	0.018
37.185	96.200	0.586	0.017
36.163	80.997	0.601	0.017
35.163	66.752	0.617	0.015
33.607	52.956	0.632	0.014
31.620	41.129	0.646	0.013
29.618	32.713	0.659	0.012
27.704	27.231	0.670	0.011
25.544	22.854	0.679	0.010
22.959	18.400	0.686	0.009
20.379	14.276	0.691	0.008
18.433	11.543	0.695	0.007
17.158	10.504	0.698	0.006
16.161	10.475	0.700	0.006
15.152	10.551	0.701	0.006
14.364	10.352	0.703	0.005
13.900	9.984	0.704	0.005
13.589	9.597	0.705	0.005
13.108	9.229	0.706	0.005
12.401	8.977	0.708	0.005
11.602	8.995	0.709	0.005
10.909	9.256	0.710	0.005
10.354	9.474	0.710	0.005
9.850	9.370	0.711	0.005
9.501	8.917	0.712	0.005
9.186	8.279	0.712	0.005
8.761	7.633	0.713	0.004
8.174	7.064	0.713	0.004
7.532	6.511	0.714	0.004
6.910	5.828	0.715	0.004
6.340	4.927	0.715	0.004
5.780	3.852	0.716	0.004
5.237	2.792	0.715	0.003
4.813	1.988	0.715	0.003
4.494	1.521	0.714	0.003
4.233	1.298	0.712	0.002
3.985	1.200	0.710	0.002
3.757	1.220	0.708	0.002
3.587	1.494	0.705	0.002
3.487	2.008	0.701	0.002
3.442	2.473	0.697	0.002
3.433	2.583	0.692	0.002
3.355	2.300	0.686	0.002
3.135	1.882	0.681	0.002
2.794	1.643	0.675	0.002
2.459	1.702	0.669	0.002
2.350	1.956	0.664	0.002
2.519	2.244	0.658	0.002
2.841	2.541	0.652	0.002
3.137	3.002	0.646	0.002
3.405	3.791	0.639	0.003
3.673	4.920	0.633	0.003
3.969	6.153	0.628	0.003
4.280	7.133	0.623	0.003
4.550	7.694	0.620	0.004
4.741	8.011	0.617	0.004
4.901	8.428	0.614	0.004
5.091	9.044	0.613	0.004
5.323	9.535	0.614	0.004
5.579	9.465	0.617	0.005
5.775	8.791	0.621	0.005
5.872	7.964	0.626	0.005
5.915	7.414	0.631	0.004
6.012	7.106	0.637	0.004
6.210	6.673	0.643	0.004
6.468	5.969	0.648	0.004
6.626	5.272	0.653	0.004
6.625	5.038	0.657	0.004
6.503	5.298	0.661	0.004
6.400	5.579	0.665	0.004
6.494	5.335	0.668	0.004
6.807	4.492	0.670	0.003
7.196	3.527	0.671	0.003
7.423	2.899	0.671	0.003
7.347	2.602	0.670	0.003
7.156	2.337	0.667	0.003
7.288	1.929	0.664	0.003
7.737	1.606	0.659	0.002
8.122	1.752	0.654	0.002
8.166	2.474	0.649	0.002
8.066	3.392	0.642	0.002
8.347	4.022	0.635	0.003
9.307	4.216	0.627	0.003
10.727	4.305	0.619	0.003
12.021	4.733	0.609	0.003
13.026	5.620	0.600	0.003
14.042	6.637	0.589	0.004
15.474	7.456	0.578	0.004
16.955	8.062	0.567	0.004
18.133	8.858	0.555	0.004
18.876	10.188	0.543	0.004
19.462	11.550	0.531	0.005
20.275	12.145	0.520	0.005
21.263	11.954	0.508	0.005
21.949	12.044	0.497	0.005
22.006	13.892	0.487	0.006
21.597	17.659	0.478	0.006
21.261	21.481	0.470	0.006
21.042	23.793	0.464	0.007
20.327	24.986	0.459	0.007
18.668	26.545	0.456	0.007
16.444	28.705	0.454	0.008
14.547	29.827	0.454	0.008
13.513	28.334	0.455	0.008
13.010	24.962	0.457	0.008
12.533	22.056	0.461	0.008
11.918	20.951	0.466	0.008
11.521	20.836	0.472	0.007
11.566	20.051	0.479	0.007
12.027	18.176	0.487	0.007
12.535	16.415	0.494	0.007
12.906	16.120	0.501	0.007
13.174	17.333	0.508	0.007
13.463	18.986	0.513	0.007
14.013	20.113	0.518	0.007
14.882	20.557	0.521	0.007
16.008	20.782	0.523	0.007
17.167	21.155	0.524	0.007
18.244	21.739	0.524	0.007
19.254	22.598	0.523	0.007
20.293	23.913	0.521	0.007
21.399	25.713	0.518	0.008
22.686	27.749	0.515	0.008
24.599	29.697	0.511	0.008
26.665	31.541	0.507	0.008
28.271	33.982	0.503	0.009
28.739	37.725	0.501	0.009
28.606	42.561	0.499	0.009
28.946	46.970	0.498	0.010
29.972	48.670	0.497	0.010
30.896	46.893	0.496	0.010
30.911	44.115	0.496	0.010
29.976	43.871	0.495	0.011
28.851	47.487	0.494	0.011
28.081	53.119	0.493	0.011
27.459	57.407	0.492	0.011
26.563	59.132	0.492	0.011
25.361	59.512	0.492	0.011
24.257	59.448	0.491	0.012
23.367	58.647	0.490	0.012
22.483	56.779	0.491	0.012
21.367	54.412	0.492	0.012
20.143	52.645	0.493	0.012
19.207	51.538	0.495	0.011
18.766	49.779	0.497	0.011
18.578	46.094	0.499	0.011
18.251	41.273	0.502	0.011
17.790	37.593	0.504	0.010
17.478	36.575	0.505	0.010
17.438	37.209	0.507	0.010
17.281	36.888	0.509	0.010
16.948	34.161	0.511	0.009
16.582	30.242	0.514	0.009
16.485	27.480	0.516	0.009
16.674	26.994	0.519	0.009
16.869	27.729	0.522	0.009
16.757	27.974	0.525	0.008
16.341	27.172	0.528	0.008
15.851	26.187	0.532	0.008
15.477	25.928	0.535	0.008
15.201	26.078	0.538	0.008
14.868	25.447	0.542	0.008
14.289	23.310	0.545	0.008
13.461	20.142	0.549	0.007
12.594	16.994	0.552	0.007
11.823	14.311	0.555	0.007
11.146	11.829	0.557	0.006
10.461	9.310	0.559	0.006
9.681	7.057	0.561	0.005
8.817	5.542	0.563	0.005
7.945	4.814	0.564	0.004
7.208	4.420	0.565	0.004
6.674	3.953	0.566	0.004
6.223	3.429	0.568	0.003
5.717	3.078	0.569	0.003
5.146	2.898	0.572	0.003
4.613	2.611	0.575	0.003
4.230	2.041	0.579	0.003
4.010	1.386	0.583	0.002
3.858	1.019	0.589	0.002
3.716	1.122	0.594	0.002
3.571	1.568	0.601	0.002
3.436	2.118	0.608	0.002
3.314	2.639	0.615	0.002
3.189	3.135	0.623	0.002
3.062	3.632	0.631	0.002
2.960	4.117	0.640	0.003
2.858	4.556	0.648	0.003
2.731	4.929	0.657	0.003
2.567	5.192	0.667	0.003
2.398	5.236	0.676	0.003
2.272	4.968	0.687	0.003
2.186	4.451	0.698	0.003
2.078	3.848	0.709	0.003
1.869	3.223	0.721	0.003
1.593	2.499	0.733	0.003
1.352	1.647	0.746	0.003
1.205	0.867	0.758	0.002
1.123	0.460	0.771	0.002
1.053	0.506	0.783	0.002
1.007	0.739	0.796	0.002
1.046	0.780	0.808	0.001
1.167	0.516	0.819	0.001
1.294	0.218	0.830	0.001
1.426	0.249	0.839	0.001
1.596	0.701	0.848	0.001
1.807	1.395	0.855	0.001
1.965	2.143	0.862	0.002
2.008	2.915	0.868	0.002
1.943	3.690	0.874	0.002
1.811	4.282	0.878	0.002
1.653	4.487	0.881	0.003
1.487	4.290	0.882	0.003
1.326	3.805	0.883	0.003
1.204	3.103	0.883	0.003
1.141	2.195	0.883	0.003
1.105	1.182	0.883	0.002
1.065	0.320	0.882	0.002
1.015	-0.115	0.880	0.002
0.998	-0.058	0.877	0.001
1.043	0.262	0.874	0.001
1.131	0.534	0.870	0.001
1.226	0.642	0.866	0.001
1.315	0.687	0.862	0.001
1.422	0.808	0.857	0.001
1.536	1.028	0.851	0.001
1.630	1.267	0.846	0.001
1.677	1.463	0.840	0.002
1.700	1.618	0.833	0.002
1.748	1.742	0.825	0.002
1.870	1.822	0.816	0.002
2.107	1.854	0.806	0.002
2.382	1.966	0.795	0.002
2.618	2.481	0.783	0.002
2.827	3.612	0.771	0.003
3.042	5.133	0.758	0.003
3.295	6.498	0.745	0.003
3.573	7.363	0.732	0.003
3.814	8.019	0.717	0.004
3.996	8.975	0.702	0.004
4.140	10.128	0.687	0.004
4.302	10.816	0.672	0.005
4.509	10.549	0.658	0.005
4.708	9.600	0.643	0.005
4.917	8.717	0.630	0.005
5.180	8.306	0.616	0.005
5.483	8.205	0.603	0.005
5.777	8.124	0.591	0.005
6.130	8.005	0.579	0.005
6.484	7.855	0.568	0.004
6.813	7.540	0.557	0.004
7.139	6.930	0.547	0.004
7.493	6.283	0.536	0.004
7.885	6.096	0.526	0.004
8.221	6.584	0.515	0.004
8.455	7.379	0.504	0.004
8.707	7.872	0.495	0.004
9.061	7.825	0.486	0.004
9.380	7.599	0.478	0.004
9.556	7.744	0.471	0.004
9.716	8.420	0.465	0.004
10.014	9.286	0.458	0.004
10.541	9.919	0.452	0.005
10.969	10.238	0.447	0.005
11.077	10.488	0.446	0.005
10.893	10.852	0.449	0.005
10.815	11.155	0.454	0.005
11.095	11.081	0.456	0.005
11.573	10.571	0.455	0.005
11.886	9.927	0.450	0.005
11.938	9.539	0.446	0.005
11.870	9.474	0.442	0.005
11.925	9.421	0.440	0.005
12.090	9.090	0.437	0.005
12.207	8.551	0.434	0.005
12.085	8.160	0.433	0.005
11.813	8.202	0.434	0.005
11.518	8.621	0.437	0.005
11.307	9.140	0.441	0.005
11.176	9.507	0.446	0.005
11.209	9.573	0.452	0.005
11.427	9.304	0.460	0.005
11.661	8.816	0.469	0.005
11.772	8.359	0.480	0.005
11.799	8.174	0.491	0.005
11.961	8.287	0.502	0.005
12.288	8.491	0.514	0.005
12.668	8.592	0.527	0.005
13.044	8.582	0.540	0.005
13.438	8.539	0.552	0.004
13.703	8.387	0.564	0.004
13.785	8.010	0.575	0.004
13.774	7.479	0.585	0.004
13.867	7.029	0.595	0.004
14.077	6.779	0.603	0.004
14.462	6.556	0.611	0.004
15.025	6.038	0.619	0.004
15.568	5.218	0.627	0.004
15.779	4.566	0.634	0.004
15.551	4.577	0.640	0.004
15.112	5.152	0.646	0.004
14.819	5.626	0.651	0.004
14.937	5.544	0.656	0.003
15.568	4.949	0.661	0.003
16.781	4.210	0.666	0.003
18.104	3.603	0.670	0.003
19.063	3.388	0.674	0.003
19.478	3.948	0.677	0.003
19.705	5.476	0.679	0.003
20.280	7.404	0.679	0.004
21.300	8.673	0.677	0.004
22.397	8.978	0.673	0.004
23.274	9.358	0.667	0.004
24.105	10.955	0.658	0.005
25.152	13.717	0.646	0.005
26.508	16.596	0.629	0.005
28.241	19.122	0.609	0.006
30.479	22.190	0.585	0.006
32.895	26.754	0.559	0.007
35.140	32.652	0.530	0.008
37.416	38.684	0.499	0.008
39.858	44.088	0.467	0.009
42.703	49.473	0.434	0.010
46.468	56.040	0.401	0.010
51.201	64.194	0.368	0.011
56.539	73.293	0.335	0.012
62.001	82.582	0.302	0.013
67.253	92.575	0.270	0.013
72.243	104.834	0.238	0.014
77.075	120.294	0.207	0.015
81.459	138.084	0.177	0.016
85.050	156.243	0.148	0.017
87.733	173.052	0.122	0.018
88.521	188.216	0.099	0.019
86.424	202.383	0.079	0.020
81.793	214.303	0.065	0.021
75.964	219.375	0.059	0.021
70.704	212.975	0.061	0.022
66.504	195.464	0.069	0.022
62.730	173.897	0.082	0.021
58.531	156.693	0.095	0.021
53.980	146.352	0.108	0.020
49.741	138.112	0.120	0.020
46.364	125.910	0.131	0.019
43.514	108.687	0.143	0.018
41.046	91.231	0.153	0.017
39.182	78.521	0.163	0.016
38.210	71.182	0.173	0.015
37.826	66.169	0.182	0.014
37.116	61.114	0.192	0.014
35.254	56.807	0.201	0.013
32.608	55.369	0.210	0.013
30.182	56.977	0.218	0.012
28.603	59.487	0.227	0.012
27.337	60.344	0.236	0.012
25.625	58.833	0.245	0.012
23.439	55.904	0.253	0.012
21.394	52.528	0.262	0.012
19.930	48.941	0.270	0.011
18.815	44.893	0.278	0.011
17.401	40.516	0.287	0.011
15.465	36.362	0.295	0.010
13.508	32.701	0.303	0.010
11.957	29.355	0.311	0.009
10.873	26.359	0.319	0.009
9.912	24.135	0.326	0.009
8.828	22.941	0.334	0.008
7.919	22.208	0.342	0.008
7.388	20.925	0.350	0.008
7.082	18.680	0.359	0.007
6.747	16.062	0.369	0.007
6.324	13.854	0.380	0.007
6.004	12.104	0.391	0.006
5.998	10.160	0.403	0.006
6.271	7.590	0.415	0.005
6.533	4.806	0.429	0.005
6.531	2.663	0.443	0.004
6.348	1.587	0.457	0.004
6.216	1.267	0.472	0.003
6.310	1.155	0.487	0.003
6.639	1.066	0.503	0.002
7.088	1.225	0.519	0.002
7.603	1.905	0.536	0.002
8.183	3.171	0.553	0.002
8.819	4.888	0.571	0.003
9.433	6.896	0.589	0.003
9.941	9.075	0.607	0.004
10.272	11.290	0.627	0.004
10.426	13.288	0.647	0.005
10.449	14.655	0.667	0.005
10.371	15.108	0.687	0.005
10.288	14.818	0.707	0.006
10.263	14.347	0.725	0.006
10.276	14.213	0.744	0.006
10.268	14.534	0.761	0.006
10.180	15.014	0.778	0.006
10.028	15.289	0.794	0.006
9.903	15.129	0.808	0.006
9.804	14.501	0.820	0.006
9.678	13.582	0.830	0.006
9.489	12.696	0.838	0.006
9.304	12.137	0.844	0.006
9.203	11.973	0.847	0.006
9.280	12.029	0.848	0.006
9.677	12.146	0.847	0.005
10.117	12.257	0.844	0.005
10.472	12.457	0.839	0.005
10.854	12.737	0.831	0.005
11.033	13.070	0.821	0.006
10.694	13.800	0.811	0.006
9.810	15.577	0.801	0.006
8.780	18.355	0.791	0.006
8.094	20.588	0.782	0.006
7.969	20.095	0.771	0.006
8.149	16.344	0.759	0.006
8.333	11.226	0.746	0.006
8.416	7.293	0.732	0.006
8.622	5.565	0.719	0.005
9.014	5.239	0.705	0.005
9.477	5.284	0.690	0.004
9.812	5.664	0.675	0.004
10.019	6.966	0.660	0.004
10.137	9.159	0.644	0.004
10.230	11.239	0.628	0.004
10.521	12.058	0.611	0.005
11.125	11.371	0.593	0.005
11.743	9.938	0.576	0.005
12.127	8.828	0.558	0.005
12.358	8.633	0.540	0.005
12.867	9.359	0.521	0.005
13.971	10.701	0.501	0.005
15.511	12.255	0.481	0.005
17.011	13.683	0.462	0.005
18.068	14.777	0.443	0.005
18.709	15.407	0.426	0.006
19.186	15.512	0.408	0.006
19.575	15.142	0.392	0.006
19.740	14.580	0.378	0.006
19.520	14.332	0.366	0.006
19.087	14.751	0.357	0.006
18.905	15.686	0.350	0.006
19.336	16.662	0.346	0.006
20.484	17.419	0.344	0.006
22.160	18.223	0.343	0.006
24.219	19.674	0.345	0.007
26.757	22.125	0.347	0.007
30.160	25.381	0.351	0.007
34.365	28.952	0.356	0.008
39.061	32.591	0.361	0.008
43.649	36.425	0.366	0.008
47.833	40.580	0.371	0.009
51.757	44.929	0.377	0.009
55.788	49.445	0.384	0.010
60.197	54.496	0.391	0.010
65.164	60.532	0.397	0.011
70.864	67.541	0.404	0.012
76.688	75.098	0.410	0.012
82.134	83.505	0.415	0.013
87.376	94.207	0.420	0.014
93.420	108.708	0.424	0.015
100.488	127.281	0.428	0.016
108.208	148.981	0.431	0.017
115.701	173.196	0.434	0.018
122.880	200.079	0.437	0.019
128.955	227.921	0.440	0.020
132.402	251.751	0.443	0.022
133.110	266.145	0.447	0.023
131.649	268.997	0.450	0.023
128.398	262.493	0.452	0.024
124.246	248.426	0.455	0.024
120.977	225.289	0.458	0.024
119.919	192.073	0.460	0.023
121.897	153.053	0.462	0.022
126.756	116.719	0.464	0.021
132.317	89.990	0.465	0.019
135.750	74.064	0.466	0.018
136.103	65.346	0.466	0.016
134.384	59.872	0.466	0.015
131.844	55.741	0.465	0.014
129.354	52.534	0.465	0.013
126.696	49.971	0.464	0.012
123.941	47.713	0.465	0.011
121.285	46.194	0.466	0.011
119.344	46.296	0.468	0.011
117.652	48.030	0.471	0.011
115.007	49.684	0.475	0.011
110.097	48.670	0.479	0.010
101.143	43.509	0.484	0.010
90.284	34.879	0.489	0.010
81.021	25.210	0.494	0.009
75.938	17.108	0.499	0.009
75.057	12.154	0.504	0.008
76.140	10.832	0.510	0.007
76.539	12.929	0.515	0.007
75.161	17.713	0.521	0.007
72.395	23.414	0.528	0.006
70.024	27.337	0.534	0.007
68.665	27.912	0.540	0.007
68.113	26.436	0.547	0.007
67.560	25.718	0.553	0.008
66.800	27.401	0.560	0.008
65.862	30.255	0.568	0.008
64.762	31.590	0.575	0.008
63.663	30.588	0.583	0.008
62.445	28.651	0.590	0.008
60.949	27.473	0.598	0.008
59.318	27.297	0.606	0.008
57.997	27.295	0.614	0.008
57.269	27.064	0.622	0.008
57.219	27.026	0.628	0.008
57.664	27.374	0.634	0.008
58.167	27.753	0.639	0.008
57.748	28.050	0.643	0.008
56.704	29.156	0.647	0.008
55.167	31.310	0.650	0.008
54.624	33.423	0.651	0.008
54.529	32.859	0.652	0.008
53.969	28.338	0.651	0.008
52.086	22.048	0.649	0.008
49.663	18.238	0.646	0.008
48.037	18.884	0.642	0.008
47.864	21.879	0.636	0.007
48.942	22.696	0.630	0.007
50.351	19.283	0.621	0.007
52.086	13.809	0.611	0.007
54.682	9.731	0.599	0.006
58.741	8.164	0.585	0.006
63.932	7.599	0.569	0.005
69.822	6.372	0.552	0.005
76.159	4.759	0.534	0.004
83.116	4.473	0.515	0.004
90.129	6.523	0.495	0.004
96.221	10.459	0.474	0.004
100.824	15.351	0.451	0.005
104.219	21.023	0.428	0.006
106.144	27.946	0.405	0.006
106.635	36.256	0.382	0.007
106.428	45.286	0.359	0.008
107.578	54.362	0.336	0.009
111.644	63.733	0.313	0.010
117.444	74.087	0.291	0.011
122.029	85.708	0.269	0.012
123.827	97.801	0.247	0.013
122.951	109.065	0.224	0.014
121.070	118.515	0.202	0.015
119.274	125.192	0.179	0.016
118.454	128.057	0.158	0.016
117.796	126.524	0.138	0.017
116.849	122.116	0.119	0.017
115.665	119.006	0.103	0.017
114.713	121.497	0.089	0.017
114.232	131.132	0.081	0.018
114.202	146.290	0.079	0.018
114.795	164.206	0.084	0.019
116.561	184.285	0.095	0.019
119.615	207.267	0.111	0.020
123.463	233.304	0.128	0.021
127.301	260.959	0.147	0.023
130.725	288.269	0.167	0.024
133.651	314.205	0.187	0.025
134.794	338.581	0.207	0.026
132.721	359.802	0.228	0.027
127.845	373.215	0.248	0.028
123.266	371.557	0.269	0.028
122.064	349.432	0.289	0.028
123.979	308.377	0.309	0.028
126.215	257.994	0.328	0.027
126.583	210.951	0.346	0.026
125.869	175.914	0.363	0.025
126.362	153.436	0.379	0.023
128.957	138.453	0.394	0.022
131.882	126.012	0.407	0.020
133.034	115.042	0.421	0.019
131.898	107.282	0.434	0.018
129.007	103.708	0.446	0.017
124.590	102.684	0.459	0.017
117.252	101.319	0.472	0.016
106.463	97.488	0.486	0.016
93.769	90.535	0.499	0.015
82.358	81.314	0.512	0.015
74.701	71.529	0.526	0.014
70.621	63.042	0.541	0.014
68.608	57.337	0.555	0.013
67.555	54.269	0.570	0.013
67.378	52.473	0.585	0.012
68.058	50.858	0.599	0.012
68.876	49.727	0.613	0.012
68.395	50.948	0.627	0.012
65.922	56.214	0.641	0.012
62.451	64.826	0.655	0.012
59.405	73.996	0.668	0.012
57.163	80.892	0.682	0.013
55.094	84.228	0.696	0.013
51.901	84.313	0.711	0.013
47.880	81.361	0.726	0.013
44.344	74.759	0.741	0.013
41.714	64.505	0.754	0.013
39.320	52.597	0.768	0.013
36.452	42.254	0.780	0.012
33.276	35.510	0.793	0.011
30.683	31.700	0.805	0.011
29.149	28.615	0.817	0.010
28.253	24.832	0.828	0.009
27.280	20.643	0.839	0.008
26.081	17.077	0.849	0.008
25.064	14.662	0.859	0.007
24.493	13.200	0.868	0.007
24.114	12.582	0.877	0.006
23.521	12.744	0.885	0.006
22.630	13.270	0.892	0.006
21.852	13.401	0.898	0.006
21.655	12.834	0.902	0.006
22.149	12.228	0.905	0.006
23.185	12.786	0.906	0.006
24.663	14.939	0.906	0.006
26.561	18.121	0.903	0.006
28.766	21.558	0.899	0.006
31.158	25.188	0.894	0.007
33.398	29.466	0.886	0.007
35.613	34.592	0.877	0.008
38.227	40.241	0.866	0.009
41.792	46.065	0.853	0.009
46.039	52.266	0.837	0.010
50.387	59.395	0.820	0.011
54.290	67.727	0.801	0.011
57.536	76.975	0.781	0.012
60.247	86.731	0.760	0.013
62.768	96.930	0.738	0.014
65.193	107.759	0.715	0.015
67.513	119.126	0.692	0.015
69.456	130.435	0.668	0.016
70.738	141.047	0.644	0.017
71.539	150.671	0.620	0.018
71.943	159.388	0.596	0.018
71.617	167.225	0.573	0.019
69.941	173.596	0.549	0.019
66.418	177.054	0.526	0.020
61.601	175.463	0.503	0.020
56.843	166.695	0.481	0.020
53.408	150.133	0.460	0.019
51.720	127.696	0.439	0.019
51.022	103.294	0.419	0.018
50.430	80.972	0.399	0.017
49.740	63.238	0.379	0.016
49.215	50.795	0.360	0.014
49.003	42.973	0.340	0.013
48.853	38.439	0.322	0.012
48.364	35.497	0.304	0.011
47.336	32.567	0.286	0.010
45.679	28.964	0.270	0.010
43.429	25.188	0.254	0.009
40.563	22.300	0.240	0.008
37.296	20.881	0.226	0.008
33.960	20.501	0.214	0.008
31.141	20.239	0.203	0.007
28.924	19.566	0.194	0.007
27.229	18.725	0.185	0.007
25.580	18.212	0.178	0.007
23.718	18.176	0.171	0.007
21.835	18.426	0.165	0.007
20.437	18.782	0.160	0.007
19.797	19.222	0.155	0.007
19.656	19.769	0.151	0.007
19.442	20.224	0.148	0.007
18.855	20.407	0.145	0.007
17.947	20.357	0.143	0.007
17.019	20.200	0.141	0.007
16.223	19.779	0.140	0.007
15.425	18.576	0.140	0.007
14.468	16.165	0.141	0.006
13.456	12.732	0.142	0.006
12.739	9.041	0.144	0.006
12.440	5.945	0.146	0.005
12.352	4.006	0.149	0.005
12.111	3.458	0.153	0.004
11.450	4.101	0.158	0.004
10.609	5.229	0.164	0.004
9.952	5.955	0.170	0.003
9.641	5.995	0.178	0.003
9.332	5.762	0.186	0.003
8.905	5.989	0.196	0.004
8.315	7.015	0.206	0.004
7.770	8.641	0.217	0.004
7.444	10.572	0.229	0.004
7.333	12.822	0.242	0.005
7.271	15.560	0.256	0.005
7.243	18.634	0.272	0.006
7.245	21.685	0.289	0.006
7.263	24.656	0.307	0.007
7.221	27.610	0.326	0.007
7.047	30.210	0.346	0.008
6.787	31.689	0.368	0.008
6.503	31.542	0.391	0.008
6.298	30.258	0.415	0.008
6.170	28.798	0.441	0.008
6.085	27.612	0.467	0.008
6.092	26.452	0.494	0.008
6.171	24.797	0.521	0.008
6.203	22.645	0.548	0.008
6.142	20.551	0.575	0.008
6.082	18.845	0.602	0.007
6.264	17.097	0.629	0.007
6.861	14.457	0.654	0.007
7.658	10.770	0.679	0.006
8.321	7.087	0.703	0.006
8.633	4.663	0.727	0.005
8.657	3.716	0.750	0.004
8.599	3.347	0.772	0.004
8.638	2.642	0.793	0.003
8.838	1.616	0.811	0.003
9.190	0.941	0.827	0.003
9.597	1.015	0.839	0.002
9.997	1.516	0.850	0.002
10.332	1.894	0.859	0.002
10.726	2.012	0.866	0.002
11.196	2.169	0.871	0.002
11.534	2.610	0.874	0.002
11.626	3.250	0.875	0.002
11.577	3.952	0.873	0.003
11.601	4.847	0.869	0.003
11.872	6.177	0.863	0.003
12.337	7.840	0.855	0.004
12.799	9.340	0.844	0.004
13.247	10.324	0.831	0.004
13.839	10.850	0.816	0.004
14.769	11.261	0.798	0.005
16.004	11.567	0.777	0.005
17.198	11.627	0.754	0.005
18.098	11.720	0.728	0.005
19.031	12.472	0.700	0.005
20.470	14.117	0.670	0.006
22.878	16.091	0.638	0.006
26.063	17.639	0.606	0.006
29.519	18.813	0.573	0.006
32.612	20.297	0.540	0.006
35.302	22.348	0.508	0.007
37.663	24.204	0.477	0.007
39.574	25.044	0.447	0.007
40.624	24.990	0.419	0.007
40.783	25.196	0.394	0.008
40.347	26.632	0.372	0.008
39.592	29.084	0.354	0.008
38.748	31.563	0.340	0.008
38.117	33.515	0.329	0.008
37.898	35.417	0.323	0.009
38.368	38.431	0.321	0.009
39.722	43.452	0.324	0.010
42.605	50.972	0.330	0.010
47.134	60.706	0.340	0.011
53.070	71.922	0.353	0.012
59.892	84.102	0.368	0.012
67.269	97.318	0.385	0.013
74.332	112.261	0.402	0.014
80.193	130.308	0.421	0.016
84.379	152.114	0.439	0.017
87.011	176.907	0.458	0.018
88.335	202.106	0.477	0.019
89.094	224.470	0.496	0.020
87.951	241.700	0.514	0.022
83.787	253.096	0.531	0.022
76.963	257.086	0.548	0.023
69.605	250.900	0.564	0.023
63.571	232.761	0.579	0.023
59.546	205.490	0.593	0.023
56.786	175.869	0.606	0.023
54.286	149.786	0.618	0.022
51.307	128.234	0.630	0.020
47.832	108.553	0.640	0.019
44.257	88.722	0.651	0.018
40.846	69.791	0.660	0.016
37.680	54.153	0.669	0.015
34.707	42.561	0.678	0.013
31.742	33.538	0.687	0.012
28.628	25.438	0.695	0.011
25.409	18.196	0.703	0.009
22.052	12.871	0.710	0.008
18.687	9.880	0.716	0.007
15.680	8.314	0.721	0.006
13.277	6.940	0.726	0.006
11.483	5.429	0.729	0.005
10.092	4.368	0.731	0.004
9.025	4.320	0.732	0.004
8.254	5.150	0.732	0.004
8.054	6.231	0.732	0.004
8.573	7.044	0.731	0.004
9.499	7.605	0.729	0.004
10.412	8.142	0.727	0.004
10.975	8.698	0.725	0.004
11.207	9.066	0.723	0.004
11.149	9.030	0.721	0.004
10.824	8.607	0.719	0.004
10.354	8.016	0.717	0.004
9.853	7.403	0.715	0.004
9.479	6.761	0.714	0.004
9.306	6.051	0.713	0.004
9.226	5.358	0.712	0.004
9.160	4.814	0.712	0.004
8.843	4.459	0.712	0.004
8.039	4.267	0.714	0.004
6.877	4.255	0.715	0.003
5.863	4.499	0.717	0.003
5.458	5.050	0.720	0.003
5.711	5.804	0.723	0.003
6.110	6.611	0.726	0.004
6.072	7.408	0.729	0.004
5.475	8.199	0.732	0.004
4.696	8.881	0.735	0.004
4.180	9.111	0.738	0.004
4.136	8.494	0.740	0.004
4.411	7.070	0.741	0.004
4.729	5.460	0.742	0.004
5.010	4.412	0.742	0.004
5.420	4.150	0.740	0.004
6.111	4.251	0.738	0.004
6.921	4.162	0.734	0.003
7.530	3.843	0.729	0.003
7.737	3.720	0.724	0.003
7.702	4.171	0.719	0.003
7.543	5.067	0.713	0.003
7.279	5.850	0.708	0.003
6.871	6.112	0.703	0.003
6.376	5.855	0.699	0.003
6.074	5.361	0.696	0.003
5.961	4.894	0.693	0.003
5.964	4.642	0.691	0.003
5.921	4.611	0.689	0.003
5.891	4.687	0.687	0.003
5.981	4.788	0.686	0.003
6.274	5.111	0.686	0.003
6.616	6.052	0.685	0.004
6.851	7.901	0.685	0.004
6.898	10.354	0.686	0.004
6.706	12.632	0.687	0.004
6.276	13.991	0.688	0.005
5.708	14.347	0.690	0.005
5.147	14.112	0.693	0.005
4.646	13.567	0.695	0.005
4.130	12.610	0.697	0.005
3.582	11.110	0.700	0.005
3.063	9.323	0.702	0.005
2.674	7.779	0.704	0.005
2.517	6.831	0.705	0.005
2.551	6.319	0.706	0.004
2.669	5.839	0.705	0.004
2.761	5.188	0.704	0.004
2.836	4.514	0.702	0.004
2.908	4.092	0.699	0.004
3.001	3.968	0.695	0.003
3.155	3.906	0.691	0.003
3.381	3.696	0.685	0.003
3.618	3.375	0.679	0.003
3.807	3.133	0.672	0.003
3.898	3.086	0.664	0.003
3.938	3.143	0.655	0.003
4.109	3.065	0.646	0.003
4.412	2.673	0.636	0.003
4.762	2.057	0.626	0.002
5.134	1.552	0.616	0.002
5.448	1.431	0.606	0.002
5.660	1.660	0.596	0.002
5.808	1.917	0.586	0.002
5.916	1.983	0.576	0.002
6.009	1.980	0.565	0.002
6.046	2.177	0.554	0.002
6.001	2.629	0.543	0.002
5.926	3.103	0.531	0.002
5.930	3.325	0.519	0.002
6.057	3.283	0.506	0.003
6.079	3.250	0.492	0.003
5.832	3.602	0.478	0.003
5.367	4.411	0.464	0.003
4.948	5.390	0.448	0.003
4.785	6.003	0.432	0.003
4.835	5.899	0.415	0.003
4.905	5.308	0.397	0.003
4.893	4.919	0.379	0.004
4.862	5.273	0.359	0.004
4.872	6.301	0.339	0.004
4.937	7.437	0.318	0.004
4.957	8.234	0.296	0.004
4.951	8.757	0.275	0.004
4.922	9.361	0.253	0.004
4.924	10.200	0.231	0.005
4.974	11.035	0.210	0.005
5.108	11.579	0.192	0.005
5.403	11.829	0.177	0.005
5.942	12.002	0.169	0.005
6.730	12.256	0.170	0.005
7.631	12.609	0.178	0.005
8.484	13.149	0.194	0.005
9.258	14.138	0.214	0.006
10.083	15.692	0.239	0.006
10.967	17.574	0.266	0.006
11.903	19.511	0.294	0.006
12.635	21.466	0.321	0.007
13.100	23.675	0.346	0.007
13.368	26.175	0.369	0.007
13.623	28.497	0.389	0.008
14.043	30.014	0.408	0.008
14.800	30.470	0.424	0.008
15.709	30.246	0.438	0.008
16.527	30.023	0.450	0.008
17.109	30.456	0.460	0.008
17.705	31.576	0.468	0.009
18.515	32.504	0.476	0.009
19.662	32.604	0.483	0.009
20.842	32.347	0.491	0.009
21.705	33.023	0.499	0.009
22.238	35.497	0.507	0.009
22.569	38.475	0.514	0.009
22.756	39.661	0.520	0.009
22.882	38.510	0.526	0.009
22.928	36.507	0.532	0.009
22.979	35.542	0.537	0.009
23.100	35.503	0.541	0.009
23.207	34.534	0.545	0.009
23.110	31.627	0.549	0.009
22.884	28.017	0.553	0.009
22.724	25.490	0.557	0.009
22.732	24.293	0.562	0.008
22.985	22.960	0.567	0.008
23.213	20.396	0.572	0.008
23.453	17.302	0.578	0.007
23.640	15.128	0.584	0.007
23.823	14.252	0.591	0.007
24.010	13.613	0.599	0.006
24.149	12.080	0.607	0.006
24.193	9.760	0.616	0.006
24.382	7.682	0.626	0.005
25.112	6.453	0.635	0.005
26.239	5.642	0.645	0.004
27.399	4.571	0.655	0.004
28.077	3.261	0.664	0.004
28.778	2.332	0.672	0.003
30.524	2.293	0.679	0.003
33.699	2.991	0.685	0.003
37.189	3.588	0.691	0.003
39.330	3.401	0.696	0.003
39.970	2.606	0.700	0.003
40.192	1.917	0.703	0.002
41.014	1.893	0.706	0.002
42.080	2.463	0.708	0.002
42.166	3.107	0.710	0.003
40.379	3.312	0.712	0.003
36.909	3.080	0.713	0.003
33.009	2.980	0.715	0.003
29.590	3.685	0.716	0.003
26.614	5.624	0.716	0.003
23.927	8.536	0.716	0.004
21.795	11.520	0.714	0.004
20.955	14.369	0.710	0.005
22.651	18.023	0.704	0.005
27.293	23.558	0.697	0.006
32.802	31.310	0.688	0.007
36.611	40.874	0.678	0.008
39.350	51.623	0.667	0.009
43.732	63.427	0.655	0.010
51.356	77.317	0.642	0.012
59.603	96.354	0.629	0.015
63.291	207.061	0.615	0.027
62.035	406.101	0.601	0.051
60.997	602.753	0.587	0.080
65.173	694.205	0.574	0.108
74.264	666.838	0.562	0.125
83.733	530.504	0.551	0.132
89.922	369.087	0.541	0.131
93.236	210.412	0.533	0.126
96.017	75.911	0.527	0.115
98.569	-15.507	0.522	0.098
99.654	-44.526	0.519	0.072
97.860	-23.856	0.517	0.040
94.443	7.769	0.517	0.011
91.576	16.499	0.517	-0.006
89.635	2.132	0.517	-0.008
87.044	-11.016	0.518	-0.002
82.333	-7.273	0.519	0.002
76.273	4.847	0.521	0.002
70.496	8.675	0.522	-0.001
65.922	1.235	0.524	-0.002
61.797	-6.171	0.525	-0.000
56.835	-4.638	0.526	0.001
50.793	2.128	0.527	0.001
44.411	4.913	0.528	-0.001
38.293	1.221	0.528	-0.001
32.508	-3.152	0.528	-0.000
26.781	-2.819	0.528	0.001
21.145	0.824	0.526	0.001
16.041	2.707	0.525	-0.000
11.956	0.945	0.523	-0.001
9.156	-1.577	0.520	-0.000
7.529	-1.674	0.517	0.000
6.756	0.257	0.513	0.000
6.675	1.471	0.509	-0.000
7.254	0.664	0.504	-0.000
8.528	-0.769	0.498	-0.000
10.455	-0.976	0.491	0.000
12.888	0.031	0.484	0.000
15.678	0.788	0.476	-0.000
18.821	0.440	0.466	-0.000
24.696	-0.362	0.456	0.003
32.624	84.991	0.446	0.014
40.322	260.490	0.434	0.035
45.886	443.645	0.422	0.060
49.448	533.779	0.410	0.082
52.390	511.623	0.397	0.096
55.714	423.341	0.384	0.101
58.797	464.741	0.371	0.102
60.320	520.545	0.359	0.099
60.206	451.604	0.347	0.093
59.764	238.507	0.335	0.080
59.350	33.680	0.323	0.060
58.072	-21.001	0.312	0.038
55.005	68.110	0.301	0.020
50.606	158.050	0.291	0.011
46.220	142.948	0.281	0.011
42.452	61.551	0.272	0.014
38.965	18.658	0.264	0.016
34.894	47.065	0.256	0.014
30.325	85.279	0.249	0.012
25.934	72.448	0.243	0.011
22.414	22.414	0.237	0.011
19.345	-7.793	0.232	0.011
16.131	4.840	0.229	0.009
12.669	28.782	0.226	0.007
9.838	27.039	0.224	0.006
8.021	2.508	0.223	0.006
7.037	-13.907	0.224	0.005
6.248	-6.310	0.225	0.004
5.546	10.264	0.228	0.003
5.374	14.450	0.231	0.003
6.231	5.485	0.235	0.003
8.121	-0.483	0.241	0.004
10.543	6.298	0.247	0.004
13.197	18.523	0.253	0.004
16.227	24.540	0.260	0.005
20.056	23.447	0.267	0.006
25.254	24.174	0.275	0.007
31.060	32.806	0.282	0.008
36.863	46.468	0.290	0.009
42.551	59.108	0.298	0.010
48.168	69.159	0.306	0.011
54.318	79.231	0.315	0.012
61.174	89.923	0.323	0.013
68.540	97.974	0.332	0.013
76.669	101.253	0.340	0.014
85.418	102.458	0.348	0.015
93.984	107.422	0.355	0.016
102.046	119.381	0.362	0.016
109.863	136.197	0.367	0.017
117.392	154.000	0.372	0.018
124.359	172.277	0.376	0.019
129.745	193.716	0.380	0.020
132.857	219.623	0.383	0.021
131.737	246.544	0.386	0.022
126.054	268.546	0.389	0.023
117.267	280.208	0.391	0.024
108.171	278.301	0.393	0.024
100.645	262.713	0.394	0.024
94.447	237.331	0.395	0.024
88.570	209.468	0.395	0.024
82.723	185.347	0.395	0.023
77.206	165.891	0.395	0.022
72.250	147.796	0.394	0.021
67.955	128.516	0.393	0.020
64.176	109.457	0.392	0.019
60.765	94.166	0.392	0.018
57.868	84.117	0.392	0.017
55.445	77.355	0.392	0.016
52.945	71.107	0.393	0.015
49.609	64.614	0.394	0.014
45.466	59.091	0.396	0.013
41.089	55.282	0.399	0.013
37.222	52.164	0.403	0.012
34.179	48.178	0.406	0.012
31.753	43.161	0.410	0.011
29.546	38.500	0.414	0.011
27.407	35.522	0.419	0.010
25.586	33.931	0.423	0.010
24.284	32.326	0.428	0.010
23.341	29.869	0.432	0.009
22.394	27.125	0.437	0.009
21.151	25.220	0.441	0.009
19.616	24.525	0.445	0.008
18.192	24.235	0.448	0.008
17.126	23.120	0.451	0.008
16.393	20.700	0.453	0.007
15.670	17.476	0.454	0.007
14.786	14.381	0.455	0.007
13.870	11.981	0.456	0.006
13.164	10.097	0.456	0.006
12.744	8.105	0.456	0.005
12.422	5.679	0.457	0.005
11.941	3.169	0.457	0.004
11.462	1.346	0.458	0.004
11.170	0.663	0.460	0.003
11.051	0.899	0.463	0.003
10.867	1.478	0.466	0.002
10.467	2.211	0.471	0.002
9.963	3.355	0.477	0.002
9.548	4.965	0.483	0.002
9.304	6.654	0.491	0.003
9.082	8.000	0.501	0.003
8.848	9.029	0.511	0.004
8.561	9.938	0.523	0.004
8.338	10.702	0.537	0.004
8.176	11.027	0.551	0.005
8.000	10.954	0.567	0.005
7.744	10.938	0.584	0.005
7.409	11.484	0.601	0.005
7.146	12.636	0.619	0.005
7.077	13.958	0.638	0.005
7.141	14.973	0.656	0.006
7.140	15.610	0.674	0.006
6.929	16.163	0.691	0.006
6.591	16.946	0.708	0.006
6.344	17.857	0.725	0.006
6.330	18.527	0.742	0.006
6.486	18.715	0.758	0.006
6.550	18.522	0.773	0.007
6.409	18.369	0.787	0.007
6.322	18.664	0.800	0.007
6.619	19.298	0.812	0.007
7.452	19.748	0.823	0.007
8.452	19.657	0.833	0.007
9.077	19.549	0.840	0.007
9.236	20.502	0.846	0.007
9.360	22.824	0.851	0.007
9.982	25.294	0.855	0.007
11.168	26.199	0.856	0.007
12.695	24.995	0.855	0.007
14.152	22.887	0.852	0.007
15.509	21.591	0.848	0.007
17.159	21.501	0.842	0.007
19.054	21.352	0.836	0.007
20.931	19.722	0.829	0.007
22.673	16.523	0.822	0.007
24.279	12.966	0.814	0.006
25.687	10.251	0.804	0.006
26.778	8.480	0.794	0.006
27.226	7.072	0.783	0.005
27.039	5.788	0.770	0.005
26.685	5.061	0.757	0.004
26.791	5.375	0.744	0.004
27.856	6.568	0.730	0.004
29.752	7.815	0.716	0.004
31.958	8.284	0.701	0.004
34.002	7.752	0.686	0.004
35.706	6.673	0.670	0.004
37.208	5.691	0.652	0.004
38.650	5.171	0.633	0.004
39.698	5.133	0.614	0.004
40.251	5.558	0.593	0.004
39.904	6.498	0.571	0.004
38.567	7.940	0.548	0.004
36.625	9.739	0.525	0.004
34.567	11.562	0.502	0.005
32.695	12.968	0.479	0.005
30.756	13.612	0.456	0.005
28.624	13.596	0.433	0.005
26.456	13.417	0.410	0.005
24.801	13.689	0.386	0.006
24.005	14.679	0.364	0.006
23.793	16.233	0.344	0.006
23.699	18.192	0.325	0.006
23.856	20.789	0.308	0.007
24.637	24.323	0.296	0.007
26.029	28.862	0.288	0.007
27.504	33.975	0.286	0.008
28.266	38.963	0.290	0.008
28.148	43.433	0.299	0.009
27.697	47.462	0.314	0.010
27.181	51.256	0.333	0.010
26.352	54.740	0.355	0.010
24.789	57.297	0.380	0.011
22.294	58.038	0.408	0.011
19.569	56.390	0.437	0.011
17.516	52.323	0.466	0.011
16.293	46.287	0.495	0.011
15.425	39.102	0.524	0.011
14.449	31.761	0.554	0.010
13.244	25.142	0.583	0.009
12.060	19.821	0.611	0.009
11.206	15.988	0.637	0.008
10.639	13.489	0.660	0.007
10.157	11.973	0.682	0.007
9.508	10.902	0.703	0.006
8.755	9.718	0.722	0.006
8.127	8.217	0.739	0.005
7.845	6.736	0.755	0.005
8.072	5.902	0.768	0.005
8.657	6.105	0.780	0.004
9.566	7.278	0.791	0.004
10.570	9.097	0.799	0.004
11.592	11.415	0.806	0.005
12.576	14.252	0.812	0.005
13.363	17.528	0.817	0.005
13.979	21.056	0.821	0.006
14.492	24.627	0.823	0.007
15.059	28.201	0.824	0.007
15.568	31.882	0.826	0.008
15.803	35.738	0.827	0.008
15.637	39.640	0.829	0.009
15.230	42.935	0.830	0.009
14.982	44.565	0.831	0.009
15.064	43.865	0.832	0.010
15.360	41.427	0.833	0.010
15.319	38.892	0.834	0.010
14.751	37.786	0.834	0.010
13.837	38.288	0.833	0.010
12.892	39.166	0.832	0.010
12.117	39.008	0.829	0.010
11.513	37.339	0.826	0.010
10.937	34.561	0.821	0.009
10.309	31.207	0.814	0.009
9.672	27.480	0.806	0.009
9.156	23.582	0.796	0.008
8.797	19.907	0.786	0.008
8.568	16.855	0.774	0.008
8.314	14.457	0.761	0.007
7.947	12.396	0.748	0.007
7.464	10.380	0.735	0.006
6.911	8.401	0.721	0.006
6.382	6.559	0.708	0.005
6.052	4.937	0.695	0.005
5.893	3.546	0.682	0.004
5.891	2.370	0.670	0.004
5.870	1.399	0.657	0.003
5.782	0.656	0.645	0.002
5.724	0.202	0.634	0.002
5.786	0.118	0.624	0.002
6.027	0.469	0.615	0.001
6.386	1.281	0.607	0.001
6.803	2.494	0.599	0.002
7.387	3.997	0.593	0.002
8.052	5.711	0.588	0.003
8.773	7.766	0.583	0.003
9.539	10.439	0.580	0.004
10.393	13.853	0.578	0.005
11.430	17.683	0.576	0.005
12.696	21.264	0.576	0.006
14.122	24.119	0.577	0.006
15.737	26.488	0.578	0.007
17.480	29.022	0.579	0.007
19.491	32.171	0.581	0.008
21.786	35.619	0.583	0.008
24.201	38.734	0.585	0.009
26.454	41.494	0.588	0.009
28.430	44.600	0.591	0.010
30.214	48.635	0.594	0.010
32.003	53.139	0.598	0.010
33.776	56.849	0.602	0.011
35.738	59.124	0.606	0.011
37.904	60.720	0.611	0.012
40.481	62.763	0.617	0.012
43.309	65.662	0.624	0.012
45.911	69.201	0.631	0.012
47.833	73.459	0.638	0.013
48.880	78.944	0.644	0.013
50.066	85.823	0.649	0.014
51.878	92.992	0.654	0.014
53.751	99.928	0.658	0.015
54.737	107.868	0.662	0.015
54.449	118.371	0.665	0.016
53.626	130.639	0.668	0.016
53.449	140.729	0.670	0.017
54.028	144.805	0.672	0.017
54.562	142.826	0.674	0.018
54.364	138.274	0.675	0.018
53.497	134.053	0.676	0.018
52.332	129.653	0.677	0.018
50.268	122.423	0.677	0.018
46.691	111.345	0.678	0.017
42.142	98.224	0.678	0.017
38.065	85.576	0.679	0.016
35.270	74.149	0.680	0.015
33.197	63.168	0.681	0.014
30.496	52.259	0.682	0.013
26.682	42.331	0.683	0.012
22.312	34.264	0.684	0.011
18.414	27.949	0.685	0.010
15.371	22.654	0.686	0.009
12.828	18.099	0.688	0.009
10.401	14.730	0.689	0.008
8.227	12.887	0.691	0.007
6.716	12.072	0.694	0.007
6.194	11.353	0.697	0.006
6.376	10.201	0.701	0.006
6.886	8.837	0.705	0.005
7.456	7.778	0.709	0.005
8.100	7.268	0.713	0.005
8.888	7.194	0.718	0.005
9.883	7.313	0.722	0.004
11.147	7.495	0.726	0.004
12.668	7.825	0.731	0.004
14.323	8.518	0.736	0.004
16.034	9.781	0.740	0.005
17.846	11.722	0.744	0.005
19.929	14.350	0.747	0.005
22.126	17.639	0.748	0.006
24.656	21.485	0.749	0.006
27.910	25.771	0.747	0.007
31.889	30.398	0.744	0.007
36.148	35.356	0.740	0.008
39.691	40.576	0.735	0.009
42.104	45.738	0.728	0.009
43.897	50.322	0.720	0.010
45.865	54.334	0.710	0.010
48.432	58.752	0.698	0.011
51.494	64.377	0.685	0.011
54.894	70.816	0.671	0.012
58.914	76.935	0.656	0.013
63.823	82.669	0.640	0.013
69.389	89.986	0.623	0.014
75.723	101.521	0.606	0.015
83.096	118.475	0.589	0.015
91.971	140.048	0.571	0.016
102.439	164.635	0.554	0.018
113.258	191.408	0.538	0.019
122.339	220.449	0.523	0.020
128.670	251.641	0.509	0.022
132.509	282.872	0.496	0.023
134.761	308.817	0.486	0.024
136.197	322.070	0.477	0.025
135.717	316.036	0.469	0.026
133.769	291.047	0.463	0.026
132.204	254.893	0.458	0.026
132.894	217.206	0.453	0.025
136.056	183.341	0.448	0.024
140.553	153.336	0.444	0.023
144.731	126.252	0.441	0.021
148.129	103.768	0.438	0.020
150.891	87.872	0.436	0.018
152.762	77.591	0.434	0.017
152.440	69.272	0.431	0.015
148.732	60.094	0.430	0.014
142.472	50.608	0.428	0.013
136.707	43.252	0.427	0.012
131.524	39.142	0.426	0.011
124.894	36.497	0.426	0.011
115.435	32.878	0.425	0.010
104.210	27.660	0.426	0.009
94.345	22.263	0.427	0.009
88.190	18.525	0.429	0.008
85.180	17.105	0.431	0.008
83.263	17.237	0.433	0.007
81.612	17.540	0.436	0.007
80.611	16.900	0.439	0.007
80.171	15.261	0.443	0.006
81.121	13.511	0.447	0.006
82.218	12.739	0.452	0.006
82.042	13.579	0.456	0.006
79.767	15.993	0.461	0.006
77.142	19.527	0.468	0.006
75.995	23.709	0.475	0.007
76.646	28.028	0.483	0.007
78.088	32.322	0.492	0.008
78.695	36.966	0.503	0.008
78.174	42.482	0.514	0.009
77.603	48.172	0.525	0.009
78.202	51.808	0.538	0.010
79.691	51.090	0.551	0.010
80.921	46.627	0.565	0.010
81.343	41.920	0.579	0.010
80.937	40.461	0.594	0.010
80.072	42.504	0.608	0.010
78.862	45.320	0.621	0.010
77.382	46.311	0.635	0.010
75.745	45.532	0.648	0.010
73.870	44.975	0.662	0.010
72.357	46.059	0.675	0.010
71.418	48.229	0.687	0.011
70.836	50.289	0.700	0.011
70.005	52.438	0.712	0.011
68.622	56.274	0.724	0.011
66.999	62.922	0.735	0.012
65.827	71.513	0.746	0.012
65.479	79.825	0.756	0.013
65.615	86.502	0.766	0.013
65.926	92.180	0.776	0.014
65.566	98.480	0.785	0.014
64.374	106.453	0.794	0.015
63.239	115.993	0.802	0.016
62.751	125.069	0.810	0.016
62.389	131.348	0.818	0.017
61.757	134.235	0.825	0.017
60.770	135.048	0.832	0.017
59.995	135.924	0.839	0.018
60.034	137.714	0.846	0.018
60.430	139.381	0.853	0.018
60.089	140.181	0.860	0.018
58.368	140.593	0.866	0.018
55.662	140.997	0.872	0.018
53.056	140.000	0.878	0.018
50.712	134.773	0.883	0.018
47.990	123.603	0.888	0.018
44.192	107.890	0.892	0.017
40.379	91.956	0.897	0.017
37.480	79.581	0.901	0.016
35.799	71.592	0.906	0.015
34.320	65.982	0.910	0.014
32.042	60.304	0.914	0.014
29.051	53.643	0.917	0.013
26.023	46.943	0.920	0.012
23.416	41.295	0.924	0.011
21.093	37.023	0.927	0.011
18.531	33.582	0.929	0.010
15.749	30.726	0.932	0.010
13.126	28.723	0.934	0.009
11.152	27.707	0.935	0.009
9.852	27.000	0.937	0.009
8.874	25.393	0.938	0.008
7.967	22.297	0.939	0.008
7.155	18.399	0.939	0.007
6.501	15.006	0.940	0.007
5.945	12.908	0.940	0.007
5.420	11.886	0.941	0.006
4.987	10.920	0.941	0.006
4.761	9.063	0.941	0.005
4.791	6.362	0.941	0.005
5.020	3.854	0.941	0.004
5.346	2.630	0.940	0.004
5.736	2.896	0.940	0.004
6.328	3.831	0.940	0.003
7.152	4.418	0.941	0.003
8.076	4.386	0.941	0.003
8.915	4.325	0.941	0.003
9.685	5.019	0.941	0.003
10.449	6.720	0.941	0.004
11.263	9.011	0.941	0.004
12.052	11.255	0.942	0.004
12.696	13.126	0.942	0.005
12.947	14.721	0.942	0.005
12.952	16.318	0.941	0.005
12.904	17.815	0.941	0.006
12.945	18.787	0.941	0.006
13.264	18.907	0.940	0.006
13.383	18.381	0.940	0.006
12.921	17.871	0.939	0.007
11.963	17.864	0.938	0.007
10.969	18.133	0.938	0.007
10.278	18.017	0.937	0.007
9.872	17.130	0.936	0.006
9.443	15.760	0.935	0.006
8.828	14.566	0.934	0.006
8.162	13.910	0.932	0.006
7.662	13.599	0.931	0.006
7.389	13.259	0.929	0.006
7.288	12.815	0.927	0.006
7.172	12.478	0.924	0.006
7.232	12.404	0.920	0.006
7.289	12.431	0.916	0.006
7.244	12.462	0.911	0.006
7.133	12.422	0.906	0.005
7.175	12.156	0.898	0.005
7.565	11.477	0.890	0.005
8.180	10.395	0.880	0.005
8.783	9.315	0.869	0.005
9.140	8.780	0.857	0.005
9.205	8.820	0.844	0.005
9.270	8.912	0.830	0.005
9.502	8.484	0.815	0.005
9.798	7.521	0.800	0.005
10.008	6.578	0.785	0.004
10.116	6.213	0.770	0.004
10.071	6.519	0.754	0.004
9.967	7.170	0.739	0.004
9.758	7.785	0.724	0.004
9.446	8.253	0.709	0.004
9.096	8.691	0.693	0.004
8.906	9.239	0.677	0.004
8.755	9.935	0.660	0.005
8.588	10.821	0.642	0.005
8.376	11.813	0.623	0.005
8.265	12.693	0.603	0.005
8.348	13.240	0.581	0.005
8.586	13.482	0.559	0.005
8.839	13.795	0.536	0.006
9.072	14.647	0.513	0.006
9.383	16.121	0.488	0.006
9.883	17.944	0.462	0.006
10.574	19.692	0.435	0.006
11.348	21.111	0.408	0.007
12.299	22.307	0.380	0.007
13.588	23.536	0.350	0.007
15.146	24.927	0.319	0.007
16.716	26.452	0.288	0.008
18.080	27.992	0.256	0.008
19.339	29.537	0.225	0.008
20.793	31.138	0.193	0.008
22.654	32.700	0.161	0.008
24.819	34.138	0.129	0.009
27.146	35.536	0.097	0.009
29.654	37.105	0.067	0.009
32.331	38.934	0.044	0.009
34.976	40.711	0.037	0.009
36.967	41.868	0.051	0.010
38.525	42.091	0.082	0.010
40.036	41.615	0.120	0.010
42.071	41.075	0.157	0.010
44.643	40.958	0.189	0.010
47.862	41.155	0.221	0.010
51.180	41.243	0.254	0.010
54.528	41.082	0.289	0.010
57.440	40.320	0.324	0.010
59.706	39.378	0.356	0.010
61.446	39.190	0.387	0.010
62.973	40.501	0.420	0.010
64.389	43.265	0.453	0.010
65.527	46.759	0.485	0.010
66.268	50.546	0.515	0.011
65.879	55.078	0.545	0.011
63.776	60.849	0.575	0.011
60.038	67.727	0.605	0.012
56.179	75.275	0.634	0.012
54.021	83.449	0.661	0.013
54.308	92.709	0.687	0.014
56.692	103.175	0.711	0.014
59.597	114.111	0.735	0.015
61.456	124.686	0.757	0.016
61.835	134.558	0.778	0.016
61.402	142.965	0.797	0.017
60.773	147.531	0.816	0.017
59.859	144.894	0.833	0.018
58.087	133.872	0.849	0.018
55.263	117.721	0.863	0.018
52.332	102.380	0.876	0.017
49.991	91.983	0.886	0.017
48.259	85.971	0.896	0.016
46.505	80.815	0.903	0.015
44.503	74.017	0.910	0.015
42.878	65.871	0.915	0.014
42.690	58.093	0.920	0.013
43.695	51.417	0.923	0.013
44.497	45.321	0.925	0.012
44.465	39.405	0.926	0.011
43.315	34.033	0.926	0.011
41.210	29.845	0.926	0.010
38.332	26.756	0.924	0.009
34.866	23.971	0.922	0.009
31.169	21.359	0.919	0.008
28.023	19.628	0.916	0.008
26.263	19.508	0.911	0.008
25.936	21.074	0.905	0.008
26.602	23.987	0.898	0.008
28.042	28.123	0.889	0.008
30.034	33.741	0.880	0.008
32.592	41.070	0.870	0.009
35.406	49.702	0.859	0.009
36.718	59.178	0.847	0.010
36.935	69.382	0.834	0.011
36.944	78.585	0.820	0.012
37.667	84.092	0.806	0.012
38.783	85.540	0.790	0.013
39.703	85.369	0.774	0.014
40.007	86.643	0.758	0.014
39.995	88.988	0.742	0.014
39.831	89.055	0.727	0.014
39.804	85.446	0.711	0.014
39.455	81.262	0.697	0.014
38.367	80.258	0.682	0.014
36.644	82.794	0.668	0.014
34.629	85.099	0.655	0.014
32.657	83.655	0.643	0.014
30.722	78.744	0.632	0.014
28.652	73.349	0.622	0.014
26.347	69.406	0.613	0.013
24.034	65.745	0.605	0.013
22.021	60.246	0.597	0.013
20.291	52.735	0.591	0.012
18.525	45.064	0.585	0.012
16.427	38.795	0.580	0.011
14.101	33.597	0.576	0.010
11.830	28.176	0.572	0.010
9.785	22.198	0.569	0.009
7.909	16.846	0.567	0.008
6.194	13.089	0.565	0.007
4.842	10.533	0.563	0.007
4.115	8.084	0.562	0.006
4.045	5.387	0.561	0.005
4.353	3.214	0.561	0.004
4.802	2.462	0.561	0.004
5.435	3.029	0.560	0.004
6.595	3.946	0.560	0.003
8.605	4.592	0.559	0.003
11.415	5.490	0.557	0.003
14.717	7.847	0.555	0.004
17.890	12.408	0.552	0.004
21.014	18.708	0.549	0.005
24.629	25.287	0.546	0.006
28.750	31.304	0.542	0.007
33.264	38.305	0.537	0.008
37.921	48.515	0.532	0.009
43.055	61.985	0.527	0.010
48.802	75.792	0.522	0.011
54.742	87.431	0.516	0.012
60.002	98.231	0.510	0.013
64.164	111.812	0.505	0.014
66.933	128.344	0.499	0.015
68.581	144.062	0.493	0.016
69.461	155.340	0.488	0.017
69.469	161.972	0.482	0.018
68.284	166.375	0.477	0.019
66.128	170.114	0.471	0.019
63.631	172.157	0.466	0.020
61.190	170.964	0.461	0.020
58.252	166.622	0.457	0.020
54.716	160.114	0.452	0.020
51.038	151.915	0.448	0.020
47.929	141.803	0.444	0.019
45.610	129.711	0.440	0.019
43.322	116.422	0.435	0.018
40.901	102.648	0.430	0.017
38.607	88.258	0.425	0.016
37.122	73.697	0.420	0.016
36.298	60.479	0.414	0.015
35.175	50.465	0.408	0.014
32.880	43.985	0.402	0.013
29.495	39.256	0.395	0.012
25.824	34.221	0.389	0.011
22.781	28.519	0.383	0.010
20.222	23.478	0.377	0.009
17.862	20.512	0.370	0.009
15.536	19.047	0.364	0.008
13.447	17.221	0.357	0.007
11.708	13.914	0.350	0.007
10.242	9.926	0.343	0.006
8.879	7.052	0.337	0.006
7.624	6.199	0.330	0.005
6.681	6.537	0.324	0.005
6.216	6.697	0.319	0.004
6.087	6.129	0.314	0.004
6.041	5.373	0.310	0.004
5.913	5.053	0.307	0.004
5.711	5.148	0.305	0.004
5.540	5.225	0.304	0.004
5.454	5.113	0.304	0.004
5.330	5.124	0.304	0.004
5.106	5.589	0.306	0.004
4.833	6.311	0.308	0.004
4.683	6.653	0.311	0.004
4.663	6.197	0.315	0.004
4.706	5.211	0.320	0.004
4.683	4.390	0.325	0.004
4.584	4.177	0.332	0.004
4.425	4.380	0.339	0.003
4.305	4.492	0.347	0.003
4.273	4.218	0.356	0.003
4.290	3.692	0.366	0.003
4.295	3.266	0.377	0.003
4.315	3.098	0.389	0.003
4.215	3.046	0.402	0.003
3.958	3.028	0.417	0.003
3.631	3.068	0.432	0.003
3.379	3.128	0.448	0.003
3.276	3.019	0.466	0.003
3.254	2.605	0.484	0.003
3.213	2.083	0.503	0.003
3.048	1.842	0.522	0.002
2.767	2.068	0.542	0.002
2.470	2.517	0.563	0.002
2.249	2.757	0.584	0.002
2.126	2.578	0.605	0.002
2.054	2.146	0.625	0.002
1.989	1.746	0.646	0.002
1.896	1.542	0.666	0.002
1.762	1.484	0.687	0.002
1.630	1.457	0.707	0.002
1.530	1.394	0.726	0.002
1.473	1.310	0.745	0.002
1.424	1.226	0.762	0.002
1.342	1.138	0.779	0.002
1.234	1.041	0.794	0.002
1.135	0.937	0.807	0.002
1.076	0.845	0.818	0.002
1.037	0.787	0.827	0.002
0.997	0.769	0.833	0.001
0.944	0.780	0.837	0.001
0.890	0.801	0.839	0.001
0.845	0.819	0.838	0.001
0.813	0.824	0.836	0.001
0.791	0.817	0.832	0.001
0.773	0.798	0.827	0.001
0.759	0.780	0.821	0.001
0.748	0.788	0.815	0.001
0.737	0.839	0.809	0.001
0.715	0.922	0.802	0.001
0.682	0.985	0.795	0.001
0.648	0.986	0.788	0.001
0.632	0.935	0.780	0.001
0.635	0.883	0.772	0.001
0.642	0.871	0.763	0.001
0.642	0.886	0.754	0.001
0.628	0.887	0.744	0.001
0.598	0.870	0.734	0.001
0.563	0.872	0.724	0.001
0.544	0.920	0.713	0.001
0.548	0.962	0.703	0.001
0.558	0.924	0.691	0.001
0.554	0.810	0.680	0.001
0.533	0.723	0.668	0.001
0.511	0.758	0.656	0.001
0.499	0.852	0.643	0.001
0.494	0.892	0.630	0.001
0.487	0.826	0.617	0.001
0.478	0.727	0.603	0.001
0.469	0.689	0.589	0.001
0.479	0.728	0.574	0.001
0.493	0.770	0.558	0.001
0.491	0.768	0.542	0.001
0.473	0.774	0.525	0.001
0.451	0.846	0.509	0.001
0.438	0.958	0.492	0.001
0.432	1.026	0.475	0.001
0.420	0.992	0.458	0.001
0.395	0.928	0.441	0.002
0.368	0.977	0.424	0.002
0.354	1.163	0.407	0.002
0.348	1.333	0.390	0.002
0.341	1.302	0.375	0.002
0.322	1.051	0.360	0.002
0.300	0.776	0.347	0.002
0.285	0.676	0.335	0.002
0.277	0.760	0.325	0.001
0.263	0.874	0.318	0.001
0.243	0.880	0.313	0.001
0.221	0.777	0.312	0.001
0.208	0.664	0.314	0.001
0.203	0.608	0.321	0.001
0.199	0.592	0.331	0.001
0.188	0.565	0.345	0.001
0.174	0.512	0.361	0.001
0.161	0.458	0.381	0.001
0.153	0.424	0.403	0.001
0.145	0.399	0.428	0.001
0.137	0.363	0.454	0.001
0.131	0.313	0.483	0.001
0.126	0.272	0.514	0.001
0.121	0.257	0.547	0.001
0.115	0.268	0.582	0.001
0.107	0.282	0.619	0.001
0.099	0.280	0.655	0.001
0.093	0.266	0.691	0.001
0.086	0.269	0.726	0.001
0.081	0.289	0.760	0.001
0.079	0.287	0.791	0.001
0.076	0.235	0.820	0.001
0.070	0.161	0.847	0.001
0.061	0.127	0.872	0.001
0.054	0.188	0.895	0.001
0.051	0.307	0.913	0.001
0.049	0.392	0.928	0.001
0.047	0.372	0.939	0.001
0.041	0.261	0.946	0.001
0.036	0.136	0.951	0.001
0.036	0.067	0.955	0.001
0.038	0.051	0.958	0.001
0.038	0.048	0.961	0.001
0.035	0.034	0.962	0.000
0.031	0.022	0.963	0.000
0.032	0.040	0.964	0.000
0.035	0.080	0.963	0.000
0.039	0.111	0.963	0.000
0.040	0.112	0.963	0.000
0.041	0.094	0.962	0.000
0.043	0.079	0.960	0.000
0.051	0.078	0.959	0.000
0.059	0.084	0.957	0.000
0.062	0.086	0.955	0.000
0.062	0.080	0.953	0.000
0.063	0.074	0.951	0.000
0.066	0.073	0.948	0.000
0.068	0.076	0.945	0.000
0.065	0.080	0.942	0.000
0.060	0.085	0.939	0.000
0.056	0.087	0.937	0.000
0.057	0.084	0.935	0.000
0.063	0.076	0.933	0.000
0.067	0.068	0.930	0.000
0.065	0.067	0.928	0.000
0.060	0.077	0.926	0.000
0.055	0.091	0.923	0.000
0.051	0.097	0.920	0.000
0.051	0.090	0.917	0.000
0.049	0.076	0.914	0.000
0.044	0.064	0.912	0.000
0.037	0.059	0.909	0.000
0.033	0.063	0.907	0.000
0.032	0.073	0.905	0.000
0.033	0.088	0.902	0.000
0.032	0.104	0.900	0.000
0.028	0.115	0.897	0.000
0.025	0.118	0.895	0.000
0.025	0.111	0.892	0.000
0.027	0.097	0.890	0.000
0.027	0.082	0.887	0.000
0.024	0.074	0.885	0.000
0.021	0.077	0.882	0.000
0.020	0.085	0.879	0.000
