0.001	0.000	0.000	0.000
0.003	0.000	0.000	0.000
0.005	0.000	0.000	0.000
0.006	0.000	0.000	0.000
0.006	0.000	0.000	0.000
0.005	0.000	0.000	0.000
0.005	0.001	0.000	0.000
0.006	0.001	0.000	0.000
0.007	0.002	0.000	0.000
0.007	0.002	0.000	0.000
0.007	0.001	0.000	0.000
0.007	0.001	0.000	0.000
0.007	0.001	0.000	0.000
0.008	0.000	0.000	0.000
0.009	0.000	0.000	0.000
0.008	0.001	0.000	0.000
0.007	0.001	0.000	0.000
0.007	0.001	0.000	0.000
0.006	0.002	0.000	0.000
0.005	0.003	0.000	0.000
0.004	0.004	0.000	0.000
0.003	0.004	0.000	0.000
0.003	0.005	0.000	0.000
0.002	0.005	0.000	0.000
0.002	0.005	0.000	0.000
0.002	0.005	0.000	0.000
0.002	0.005	0.000	0.000
0.002	0.003	0.000	0.000
0.002	0.002	0.000	0.000
0.002	0.002	0.000	0.000
0.002	0.002	0.000	0.000
0.002	0.002	0.000	0.000
0.002	0.003	0.000	0.000
0.002	0.004	0.000	0.000
0.002	0.005	0.000	0.000
0.003	0.006	0.000	0.000
0.003	0.007	0.000	0.000
0.003	0.009	0.000	0.000
0.003	0.010	0.000	0.000
0.003	0.011	0.000	0.000
0.003	0.012	0.000	0.000
0.003	0.012	0.000	0.000
0.004	0.014	0.000	0.000
0.005	0.015	0.000	0.000
0.006	0.016	0.000	0.000
0.006	0.017	0.000	0.000
0.006	0.016	0.000	0.000
0.005	0.014	0.000	0.000
0.005	0.013	0.000	0.000
0.005	0.013	0.000	0.000
0.005	0.014	0.000	0.000
0.005	0.017	0.000	0.000
0.005	0.019	0.000	0.000
0.005	0.022	0.000	0.000
0.005	0.025	0.000	0.000
0.005	0.028	0.000	0.000
0.006	0.029	0.000	0.000
0.009	0.029	0.000	0.000
0.011	0.027	0.000	0.000
0.012	0.026	0.000	0.000
0.012	0.025	0.000	0.000
0.014	0.025	0.000	0.000
0.024	0.025	0.000	0.000
0.047	0.026	0.000	0.000
0.109	0.026	0.000	0.000
0.221	0.028	0.000	0.000
0.391	0.034	0.000	0.000
0.634	0.045	0.000	0.000
0.967	0.065	0.000	0.000
1.403	0.090	0.000	0.000
1.934	0.113	0.000	0.000
2.534	0.127	0.000	0.000
3.160	0.126	0.000	0.000
3.791	0.110	0.000	0.000
4.421	0.088	0.000	0.000
5.135	0.069	0.000	0.000
5.811	0.054	0.000	0.000
6.296	0.042	0.000	0.000
6.493	0.032	0.000	0.000
6.535	0.027	0.000	0.000
6.475	0.028	0.000	0.000
6.206	0.031	0.000	0.000
5.699	0.033	0.000	0.000
5.055	0.031	0.000	0.000
4.505	0.029	0.000	0.000
4.113	0.029	0.000	0.000
3.751	0.032	0.000	0.000
3.277	0.038	0.000	0.000
2.702	0.044	0.000	0.000
2.190	0.050	0.000	0.000
1.860	0.054	0.000	0.000
1.791	0.052	0.000	0.000
1.732	0.040	0.000	0.000
1.498	0.023	0.000	0.000
1.397	0.009	0.000	0.000
1.390	0.007	0.000	0.000
1.326	0.017	0.000	0.000
1.078	0.034	0.000	0.000
0.748	0.046	0.000	0.000
0.522	0.045	0.000	0.000
0.508	0.033	0.088	0.000
0.592	0.019	0.274	0.000
0.587	0.011	0.476	0.000
0.457	0.009	0.590	0.000
0.328	0.011	0.590	0.000
0.301	0.012	0.541	0.000
0.339	0.011	0.526	0.000
0.337	0.010	0.566	0.000
0.266	0.011	0.610	0.000
0.189	0.012	0.616	0.000
0.168	0.012	0.594	0.000
0.186	0.010	0.585	0.000
0.204	0.008	0.602	0.000
0.229	0.006	0.623	0.000
0.231	0.006	0.623	0.000
0.198	0.012	0.606	0.000
0.137	0.025	0.594	0.000
0.079	0.046	0.597	0.000
0.053	0.065	0.605	0.000
0.066	0.073	0.604	0.000
0.091	0.071	0.595	0.000
0.096	0.065	0.589	0.000
0.080	0.064	0.592	0.000
0.066	0.072	0.598	0.000
0.068	0.085	0.598	0.000
0.077	0.099	0.592	0.000
0.075	0.111	0.587	0.000
0.061	0.117	0.588	0.000
0.045	0.113	0.592	0.000
0.036	0.097	0.594	0.000
0.033	0.072	0.592	0.000
0.037	0.048	0.588	0.000
0.044	0.034	0.584	0.000
0.046	0.030	0.579	0.000
0.039	0.029	0.573	0.000
0.025	0.026	0.565	0.000
0.012	0.020	0.558	0.000
0.008	0.014	0.555	0.000
0.011	0.010	0.556	0.000
0.015	0.008	0.559	0.000
0.015	0.006	0.563	0.000
0.011	0.005	0.567	0.000
0.010	0.006	0.573	0.000
0.014	0.009	0.580	0.000
0.020	0.011	0.587	0.000
0.024	0.012	0.595	0.000
0.025	0.012	0.601	0.000
0.025	0.013	0.607	0.000
0.025	0.016	0.613	0.000
0.027	0.021	0.617	0.000
0.030	0.024	0.621	0.000
0.033	0.026	0.625	0.000
0.037	0.029	0.628	0.000
0.044	0.036	0.631	0.000
0.052	0.046	0.634	0.000
0.057	0.056	0.638	0.000
0.058	0.064	0.642	0.000
0.057	0.071	0.647	0.000
0.058	0.079	0.652	0.000
0.066	0.092	0.658	0.000
0.077	0.111	0.664	0.000
0.084	0.135	0.670	0.000
0.086	0.157	0.676	0.001
0.089	0.174	0.682	0.001
0.096	0.184	0.687	0.001
0.108	0.193	0.693	0.001
0.123	0.213	0.698	0.001
0.139	0.247	0.703	0.001
0.159	0.292	0.708	0.001
0.192	0.340	0.714	0.001
0.250	0.387	0.719	0.001
0.359	0.436	0.725	0.001
0.624	0.492	0.731	0.001
1.412	0.572	0.737	0.001
3.463	0.757	0.740	0.001
8.510	1.217	0.740	0.001
16.672	2.117	0.739	0.002
27.679	3.549	0.737	0.002
40.811	5.388	0.731	0.002
54.318	7.092	0.713	0.003
64.786	8.089	0.684	0.003
69.464	8.425	0.648	0.004
67.474	8.717	0.613	0.004
60.901	9.493	0.586	0.004
52.421	11.124	0.565	0.005
44.865	14.271	0.548	0.005
38.622	19.579	0.535	0.006
33.405	26.238	0.526	0.006
29.709	31.545	0.521	0.007
29.032	32.746	0.522	0.007
31.924	29.543	0.527	0.008
37.216	24.285	0.536	0.008
42.850	19.620	0.548	0.007
47.250	16.144	0.562	0.007
50.191	12.695	0.577	0.007
52.287	8.485	0.590	0.006
54.553	4.420	0.602	0.005
57.106	2.105	0.609	0.004
60.239	2.262	0.611	0.004
63.369	4.791	0.605	0.004
65.334	9.901	0.590	0.004
67.015	18.061	0.565	0.004
71.584	28.867	0.528	0.005
81.621	40.639	0.482	0.007
95.982	51.466	0.429	0.008
111.452	60.705	0.375	0.009
126.336	69.501	0.329	0.011
140.858	79.906	0.299	0.012
156.469	93.717	0.287	0.013
172.795	111.268	0.295	0.014
187.524	131.255	0.317	0.015
198.344	151.478	0.348	0.017
205.286	170.174	0.383	0.018
207.992	187.192	0.419	0.019
204.919	202.825	0.452	0.020
196.755	217.152	0.483	0.021
186.581	230.728	0.511	0.022
179.807	245.525	0.535	0.023
178.029	264.871	0.558	0.024
180.170	292.446	0.579	0.025
183.369	330.580	0.598	0.026
186.002	378.516	0.615	0.027
187.724	430.945	0.631	0.029
190.176	478.136	0.645	0.030
194.315	507.674	0.659	0.031
199.387	510.354	0.671	0.032
203.155	483.793	0.682	0.033
205.634	433.933	0.691	0.033
207.007	373.089	0.699	0.032
207.721	313.605	0.705	0.031
208.217	262.034	0.710	0.029
209.712	219.384	0.714	0.028
214.685	186.788	0.717	0.026
225.068	165.047	0.720	0.024
239.468	150.987	0.722	0.022
252.077	137.004	0.724	0.021
259.695	116.500	0.725	0.019
262.726	89.810	0.725	0.018
266.215	63.873	0.723	0.016
275.988	44.726	0.719	0.015
291.473	34.127	0.714	0.013
308.271	31.705	0.705	0.012
321.048	39.178	0.695	0.012
326.087	60.527	0.683	0.012
321.682	98.633	0.669	0.013
309.554	150.777	0.655	0.015
295.217	210.103	0.639	0.017
286.375	267.753	0.624	0.019
288.633	313.500	0.606	0.021
302.684	338.810	0.586	0.023
322.572	343.463	0.564	0.025
339.926	337.011	0.539	0.026
350.992	331.723	0.511	0.027
356.288	331.110	0.481	0.028
356.940	328.062	0.451	0.028
353.962	313.425	0.419	0.027
347.601	285.900	0.387	0.027
335.842	253.209	0.355	0.026
319.921	224.654	0.326	0.026
302.655	203.249	0.298	0.025
285.866	186.207	0.273	0.024
271.129	173.444	0.251	0.023
259.110	167.308	0.233	0.022
251.353	167.744	0.219	0.021
246.444	169.405	0.209	0.021
241.658	164.016	0.202	0.020
232.461	148.277	0.199	0.019
217.874	125.870	0.197	0.019
200.236	104.179	0.198	0.018
184.419	87.692	0.199	0.017
173.359	75.690	0.200	0.016
166.810	65.657	0.202	0.015
161.635	58.021	0.205	0.014
156.721	57.309	0.208	0.014
153.554	66.878	0.210	0.013
154.357	84.266	0.213	0.013
160.210	102.802	0.216	0.014
169.780	117.820	0.218	0.015
180.488	130.984	0.221	0.015
190.553	147.414	0.223	0.017
199.744	168.303	0.226	0.018
207.568	187.213	0.230	0.019
214.198	195.826	0.233	0.019
219.323	192.288	0.238	0.020
221.318	183.087	0.243	0.020
219.967	175.995	0.248	0.021
216.251	172.861	0.254	0.021
210.919	170.066	0.260	0.021
205.314	165.677	0.266	0.021
201.067	163.384	0.273	0.020
196.881	168.202	0.281	0.020
191.386	180.001	0.289	0.021
186.183	192.820	0.298	0.021
185.646	200.824	0.307	0.021
191.918	203.978	0.315	0.021
202.999	206.191	0.323	0.022
212.908	209.446	0.330	0.022
217.154	211.522	0.336	0.022
216.317	209.279	0.340	0.022
214.561	203.097	0.343	0.022
215.349	196.688	0.346	0.022
217.640	192.709	0.347	0.022
218.732	189.687	0.347	0.022
217.077	182.832	0.345	0.021
214.257	168.096	0.343	0.021
212.076	145.336	0.340	0.020
209.145	117.658	0.337	0.019
202.675	89.613	0.332	0.017
191.406	65.168	0.326	0.016
178.671	46.274	0.318	0.014
168.367	33.347	0.310	0.013
161.754	26.806	0.301	0.011
157.755	27.473	0.290	0.010
154.808	35.673	0.279	0.009
151.637	50.908	0.266	0.010
146.972	71.315	0.253	0.010
139.222	94.314	0.240	0.012
127.630	116.819	0.226	0.013
112.846	136.231	0.212	0.015
98.290	151.473	0.198	0.016
87.946	161.271	0.183	0.017
82.998	163.739	0.170	0.018
81.462	159.010	0.156	0.019
81.366	150.462	0.143	0.019
82.214	142.881	0.130	0.019
84.498	138.601	0.117	0.019
88.551	135.695	0.106	0.019
92.365	134.836	0.097	0.019
95.723	138.111	0.091	0.018
99.782	145.689	0.088	0.018
105.986	151.982	0.089	0.018
113.277	150.741	0.094	0.018
119.723	142.212	0.102	0.018
124.231	131.643	0.112	0.018
127.388	124.290	0.123	0.018
131.580	119.708	0.134	0.017
139.003	113.105	0.144	0.017
149.519	101.949	0.154	0.017
160.731	88.654	0.163	0.016
170.692	76.124	0.170	0.015
178.718	63.936	0.175	0.014
185.005	49.550	0.179	0.013
189.246	32.647	0.182	0.012
190.975	16.863	0.185	0.010
189.369	6.815	0.189	0.009
183.072	3.967	0.193	0.008
169.384	5.959	0.199	0.006
146.417	9.410	0.206	0.006
116.813	12.506	0.215	0.005
87.563	15.063	0.227	0.005
65.057	17.698	0.241	0.005
52.171	21.927	0.256	0.006
47.468	30.478	0.272	0.007
48.287	46.081	0.287	0.008
53.034	68.706	0.303	0.010
60.710	94.717	0.320	0.011
69.702	119.762	0.335	0.013
78.327	142.465	0.350	0.015
86.269	164.670	0.363	0.016
95.944	187.423	0.375	0.018
109.669	205.646	0.384	0.019
128.369	212.169	0.391	0.020
151.490	204.019	0.395	0.021
178.777	184.040	0.395	0.021
208.912	156.395	0.391	0.020
239.896	123.582	0.383	0.019
272.045	88.622	0.374	0.018
306.182	59.330	0.363	0.017
342.947	43.610	0.352	0.015
377.977	44.082	0.341	0.014
403.816	56.606	0.330	0.014
416.203	76.552	0.319	0.013
414.304	103.729	0.307	0.014
401.877	141.399	0.296	0.016
383.903	193.176	0.285	0.018
372.207	262.792	0.274	0.020
372.346	354.348	0.265	0.023
372.013	473.112	0.255	0.027
369.573	620.878	0.247	0.031
366.117	780.574	0.239	0.034
368.826	910.003	0.231	0.037
381.157	959.394	0.225	0.040
391.843	900.509	0.222	0.041
381.698	756.653	0.223	0.042
347.360	594.045	0.229	0.042
307.018	479.250	0.239	0.041
283.182	437.917	0.252	0.039
277.073	447.566	0.269	0.037
276.550	460.967	0.288	0.036
271.679	447.431	0.309	0.034
263.642	409.501	0.331	0.033
256.954	369.443	0.355	0.032
251.419	346.563	0.379	0.031
238.984	341.351	0.402	0.030
215.071	341.187	0.425	0.030
186.489	334.596	0.445	0.029
162.690	318.537	0.464	0.028
148.586	295.008	0.480	0.028
137.228	266.448	0.494	0.027
120.782	233.022	0.505	0.026
100.095	195.543	0.514	0.024
82.631	157.734	0.521	0.023
73.279	124.708	0.525	0.021
70.879	99.100	0.527	0.020
71.016	79.156	0.527	0.018
72.326	60.351	0.524	0.016
77.646	40.229	0.519	0.014
91.463	21.350	0.511	0.012
112.748	9.235	0.499	0.010
137.340	7.986	0.486	0.008
162.144	17.533	0.471	0.007
185.911	34.005	0.456	0.007
208.519	50.835	0.440	0.008
224.780	60.757	0.424	0.008
230.210	60.330	0.408	0.009
224.282	53.000	0.394	0.010
209.250	45.597	0.383	0.010
187.132	42.069	0.374	0.010
159.699	40.582	0.369	0.010
130.449	36.733	0.368	0.009
106.279	29.421	0.371	0.009
90.129	22.068	0.377	0.009
79.364	18.501	0.386	0.008
68.482	19.001	0.396	0.008
55.245	20.843	0.407	0.008
42.046	21.612	0.418	0.007
33.006	21.009	0.429	0.007
28.164	19.764	0.439	0.007
24.068	18.128	0.448	0.007
18.419	16.203	0.456	0.007
12.669	14.687	0.463	0.007
9.665	14.661	0.469	0.007
10.157	16.418	0.473	0.007
12.354	19.242	0.476	0.007
14.439	22.236	0.477	0.007
16.973	25.586	0.477	0.007
22.058	30.249	0.476	0.008
31.081	36.721	0.473	0.008
43.681	44.222	0.470	0.009
59.668	51.964	0.466	0.010
79.956	60.402	0.461	0.011
104.915	71.505	0.457	0.011
132.315	84.585	0.451	0.012
159.518	99.175	0.446	0.014
185.398	116.500	0.442	0.015
211.599	139.327	0.439	0.016
239.623	168.261	0.438	0.017
269.634	198.023	0.439	0.019
299.295	221.541	0.443	0.020
324.348	234.931	0.449	0.021
342.420	239.253	0.456	0.022
353.484	238.675	0.464	0.023
360.911	236.668	0.472	0.023
367.251	235.470	0.480	0.024
366.325	237.997	0.490	0.024
354.674	248.268	0.499	0.024
333.012	269.027	0.508	0.025
308.874	299.164	0.516	0.025
289.187	333.018	0.522	0.026
277.174	364.155	0.527	0.027
269.618	387.940	0.530	0.028
262.027	400.438	0.532	0.029
251.067	395.026	0.533	0.029
239.628	363.170	0.534	0.029
222.967	302.756	0.535	0.028
199.476	225.334	0.535	0.027
175.181	152.055	0.534	0.025
161.693	100.085	0.534	0.023
166.726	72.565	0.533	0.020
189.520	60.587	0.532	0.018
220.748	55.207	0.531	0.016
249.061	55.109	0.528	0.015
267.195	64.776	0.525	0.014
273.891	87.283	0.521	0.014
271.138	122.332	0.518	0.015
262.101	169.061	0.513	0.017
254.919	229.185	0.508	0.019
251.850	303.327	0.503	0.021
253.050	385.708	0.496	0.024
256.848	463.338	0.490	0.027
260.895	521.385	0.482	0.029
263.389	551.950	0.473	0.031
267.874	559.339	0.462	0.033
277.362	552.902	0.452	0.034
293.087	539.506	0.441	0.035
309.046	520.294	0.431	0.035
318.647	494.603	0.421	0.035
319.933	465.688	0.411	0.035
316.136	440.424	0.402	0.034
316.018	425.157	0.393	0.034
318.142	422.521	0.384	0.033
316.445	430.317	0.376	0.033
304.644	443.677	0.369	0.033
286.807	457.127	0.361	0.033
273.630	465.281	0.354	0.033
271.056	460.528	0.348	0.032
276.771	434.394	0.342	0.032
284.910	383.980	0.336	0.031
294.834	317.290	0.330	0.030
303.933	251.352	0.322	0.029
310.138	201.631	0.312	0.027
307.527	171.690	0.300	0.025
289.615	152.678	0.287	0.023
258.048	133.287	0.273	0.021
221.267	110.183	0.260	0.019
189.399	89.136	0.249	0.018
167.453	76.591	0.240	0.016
153.854	72.384	0.233	0.015
144.289	70.160	0.229	0.014
138.050	63.273	0.229	0.013
135.525	49.906	0.232	0.012
135.924	33.223	0.239	0.010
136.812	18.553	0.250	0.009
135.059	10.082	0.265	0.008
129.896	8.832	0.282	0.007
123.054	13.095	0.300	0.007
116.520	20.451	0.319	0.006
110.667	29.870	0.336	0.007
105.121	41.764	0.351	0.008
100.761	56.871	0.363	0.009
98.130	75.232	0.373	0.011
97.486	96.586	0.380	0.012
96.795	120.386	0.386	0.014
93.545	145.009	0.390	0.015
86.267	167.004	0.392	0.017
76.692	183.361	0.393	0.018
69.116	192.280	0.392	0.019
67.768	193.034	0.391	0.020
74.904	186.219	0.387	0.020
90.691	175.063	0.382	0.020
113.173	166.753	0.376	0.021
137.273	170.960	0.368	0.021
157.976	194.961	0.360	0.021
172.598	239.178	0.352	0.022
182.054	297.911	0.345	0.024
190.458	364.986	0.338	0.025
202.775	439.833	0.331	0.028
222.327	527.899	0.326	0.030
250.068	630.002	0.322	0.033
279.734	732.857	0.319	0.035
299.138	807.675	0.318	0.038
299.801	825.944	0.317	0.039
290.582	781.431	0.317	0.040
291.492	696.736	0.320	0.041
306.277	604.251	0.324	0.040
320.464	523.200	0.331	0.039
322.046	451.499	0.341	0.038
309.839	380.969	0.354	0.036
290.879	314.130	0.368	0.033
272.789	262.154	0.384	0.031
254.829	229.668	0.400	0.029
231.609	207.872	0.416	0.027
202.736	184.054	0.432	0.025
174.659	154.608	0.447	0.023
152.762	126.505	0.463	0.021
136.098	107.053	0.477	0.020
120.941	95.421	0.491	0.018
105.904	84.973	0.504	0.017
92.015	71.276	0.516	0.015
80.969	55.741	0.528	0.014
72.464	42.551	0.539	0.013
66.339	33.982	0.550	0.012
64.486	28.969	0.560	0.011
69.199	25.864	0.570	0.010
80.620	24.581	0.579	0.009
98.293	26.081	0.587	0.009
120.070	30.340	0.594	0.009
141.573	35.118	0.600	0.009
158.664	37.564	0.605	0.009
167.824	36.942	0.608	0.009
169.069	35.264	0.611	0.009
165.530	35.817	0.614	0.009
162.002	40.336	0.616	0.010
161.511	46.817	0.617	0.010
164.354	51.384	0.619	0.010
169.011	50.434	0.619	0.010
173.899	43.102	0.619	0.010
179.557	32.971	0.619	0.010
183.451	27.247	0.619	0.010
183.480	30.233	0.618	0.010
177.814	38.768	0.617	0.010
166.119	45.061	0.616	0.010
149.004	46.297	0.614	0.010
127.601	48.865	0.612	0.010
105.801	61.609	0.611	0.011
88.562	81.956	0.610	0.012
80.417	98.502	0.609	0.013
80.030	103.280	0.608	0.013
81.940	99.693	0.607	0.014
81.771	95.067	0.607	0.014
80.192	91.616	0.606	0.015
81.110	85.074	0.604	0.015
87.140	74.956	0.601	0.015
98.503	68.324	0.596	0.014
116.752	73.246	0.588	0.014
144.457	88.694	0.575	0.014
181.852	104.146	0.557	0.014
227.132	111.805	0.534	0.014
274.854	115.036	0.504	0.015
322.659	121.616	0.468	0.015
364.255	132.954	0.429	0.016
390.609	141.882	0.391	0.016
392.420	141.294	0.358	0.017
366.572	130.171	0.334	0.017
320.540	112.664	0.322	0.017
269.752	93.902	0.319	0.016
226.961	78.836	0.321	0.016
196.879	72.855	0.327	0.016
176.399	79.797	0.334	0.015
158.525	97.005	0.342	0.015
139.557	114.694	0.350	0.015
121.016	123.674	0.358	0.015
107.830	124.897	0.366	0.016
102.609	128.533	0.372	0.016
103.516	143.429	0.377	0.017
106.593	167.585	0.382	0.018
109.407	191.387	0.387	0.019
111.746	207.310	0.391	0.020
113.863	215.129	0.395	0.021
115.292	219.281	0.398	0.022
114.553	223.477	0.401	0.022
111.818	229.304	0.403	0.023
109.716	237.856	0.404	0.023
111.474	247.831	0.403	0.024
117.418	254.370	0.402	0.024
124.884	253.324	0.401	0.024
129.816	241.156	0.399	0.024
131.473	222.178	0.396	0.024
131.969	208.676	0.392	0.024
133.169	212.947	0.387	0.024
134.582	236.492	0.382	0.024
132.254	266.949	0.377	0.024
126.640	282.792	0.371	0.024
118.002	275.199	0.367	0.024
107.746	251.167	0.362	0.024
96.102	222.225	0.358	0.024
82.949	191.561	0.354	0.023
69.030	155.806	0.349	0.022
56.588	112.352	0.344	0.020
47.799	67.524	0.337	0.018
45.321	31.685	0.329	0.015
50.893	10.630	0.320	0.013
66.128	3.974	0.309	0.010
90.782	9.884	0.295	0.008
121.328	27.809	0.278	0.006
153.588	55.165	0.258	0.007
184.346	84.663	0.237	0.008
213.537	112.213	0.217	0.010
242.153	139.039	0.198	0.013
268.548	169.390	0.182	0.016
287.538	205.095	0.171	0.018
295.117	245.320	0.164	0.021
291.574	292.917	0.163	0.023
280.625	356.650	0.166	0.025
264.904	434.342	0.171	0.027
246.276	504.083	0.176	0.029
226.483	535.424	0.181	0.031
208.635	517.266	0.186	0.032
197.158	471.279	0.190	0.033
194.333	430.024	0.193	0.033
199.771	404.233	0.196	0.033
209.157	378.462	0.198	0.032
217.822	333.871	0.200	0.030
221.017	269.629	0.202	0.029
214.228	200.997	0.204	0.027
195.414	141.789	0.205	0.024
166.215	94.903	0.205	0.022
134.482	58.298	0.204	0.019
106.815	32.800	0.203	0.016
87.893	21.428	0.200	0.014
79.171	22.943	0.198	0.012
78.397	31.018	0.195	0.011
81.368	41.095	0.192	0.010
84.114	53.085	0.190	0.010
85.052	67.484	0.187	0.011
84.480	81.958	0.184	0.011
85.081	91.695	0.180	0.012
88.363	96.086	0.177	0.013
94.395	101.200	0.174	0.014
101.385	113.090	0.172	0.015
107.267	132.084	0.170	0.016
111.680	152.971	0.169	0.017
114.701	170.105	0.169	0.018
115.715	182.636	0.170	0.019
113.771	192.233	0.171	0.020
110.694	198.999	0.173	0.020
109.959	202.535	0.175	0.021
112.259	204.713	0.177	0.021
113.308	209.256	0.181	0.022
108.324	217.168	0.184	0.022
97.882	221.902	0.188	0.022
87.628	213.051	0.191	0.022
80.182	187.492	0.193	0.022
74.130	155.209	0.194	0.021
65.915	130.873	0.195	0.020
56.460	119.434	0.195	0.019
50.744	111.534	0.194	0.018
53.048	94.019	0.191	0.017
63.659	65.017	0.186	0.015
79.031	35.332	0.177	0.014
97.083	16.203	0.165	0.012
116.339	9.083	0.151	0.010
135.087	10.311	0.139	0.009
150.788	21.859	0.131	0.008
163.468	50.993	0.128	0.008
171.531	98.233	0.127	0.010
174.085	149.947	0.127	0.012
171.695	187.484	0.126	0.014
166.814	201.603	0.123	0.016
161.103	194.947	0.119	0.017
154.164	173.745	0.113	0.018
144.070	141.689	0.108	0.018
131.685	102.134	0.101	0.017
117.626	62.808	0.095	0.016
102.241	33.774	0.089	0.014
85.765	20.409	0.085	0.013
68.676	20.410	0.082	0.011
52.435	27.095	0.081	0.010
38.888	31.593	0.081	0.009
28.936	31.967	0.083	0.008
21.955	29.644	0.085	0.008
16.983	26.977	0.088	0.008
13.706	25.311	0.092	0.008
12.164	24.544	0.098	0.008
11.951	23.567	0.105	0.008
12.176	21.817	0.113	0.008
12.402	19.589	0.124	0.007
12.740	17.648	0.135	0.007
13.410	16.669	0.146	0.007
14.159	16.923	0.159	0.007
14.676	18.255	0.173	0.007
15.364	20.263	0.187	0.007
17.220	22.690	0.203	0.007
20.786	25.582	0.220	0.007
25.651	29.360	0.238	0.008
31.006	34.747	0.255	0.008
36.689	42.165	0.273	0.009
43.061	51.243	0.290	0.010
50.671	61.301	0.306	0.010
59.939	71.983	0.320	0.011
71.056	83.358	0.332	0.012
84.471	95.697	0.342	0.013
99.468	108.727	0.351	0.014
113.237	122.273	0.359	0.015
125.048	136.014	0.367	0.016
137.750	148.275	0.376	0.017
154.963	155.719	0.385	0.018
176.083	155.730	0.395	0.018
197.413	149.443	0.404	0.018
216.273	142.601	0.413	0.019
233.158	142.080	0.421	0.019
251.336	151.650	0.429	0.019
271.181	170.526	0.437	0.020
289.704	195.786	0.445	0.020
302.033	225.176	0.453	0.021
302.731	257.937	0.461	0.022
289.557	293.677	0.469	0.024
264.960	332.062	0.477	0.025
235.963	373.136	0.485	0.027
210.360	418.254	0.493	0.029
195.012	468.760	0.501	0.030
192.362	524.623	0.508	0.032
198.921	582.342	0.515	0.034
210.479	633.073	0.520	0.035
224.461	662.484	0.524	0.036
239.575	655.653	0.526	0.037
253.627	605.657	0.529	0.037
261.562	521.705	0.531	0.037
262.397	426.411	0.533	0.035
257.178	342.114	0.534	0.034
247.915	276.384	0.535	0.032
236.418	221.338	0.536	0.029
224.684	167.430	0.536	0.026
215.322	115.398	0.536	0.023
209.481	74.097	0.534	0.021
205.657	48.541	0.533	0.018
202.758	34.020	0.531	0.015
203.580	23.600	0.528	0.013
210.748	18.105	0.526	0.011
220.668	25.787	0.523	0.010
223.402	51.962	0.521	0.010
211.571	89.955	0.518	0.010
187.384	124.303	0.516	0.011
160.257	142.057	0.515	0.013
138.233	140.060	0.513	0.014
121.645	123.051	0.512	0.015
105.552	97.042	0.512	0.015
89.113	68.092	0.510	0.015
76.118	43.189	0.508	0.014
71.347	28.869	0.505	0.013
77.314	26.675	0.502	0.012
91.977	31.596	0.498	0.011
109.821	35.811	0.492	0.010
127.608	35.279	0.485	0.009
143.219	32.170	0.477	0.009
154.308	31.861	0.467	0.009
160.263	39.455	0.457	0.010
162.600	58.200	0.445	0.011
165.380	88.827	0.434	0.012
171.429	125.820	0.424	0.014
181.067	158.899	0.416	0.015
192.051	184.370	0.408	0.017
201.563	206.901	0.402	0.019
208.216	231.127	0.396	0.020
212.117	253.589	0.390	0.021
212.837	258.019	0.386	0.022
211.860	234.094	0.383	0.022
210.433	190.360	0.381	0.022
210.682	147.567	0.380	0.022
214.555	120.350	0.379	0.021
216.947	106.926	0.379	0.019
211.145	95.132	0.378	0.018
193.993	77.911	0.377	0.017
169.727	59.640	0.374	0.015
147.678	48.930	0.371	0.014
133.402	48.785	0.367	0.013
125.217	55.771	0.361	0.013
118.014	67.033	0.355	0.013
108.535	84.445	0.346	0.013
97.107	110.626	0.337	0.014
86.423	142.116	0.327	0.015
77.307	169.508	0.318	0.016
69.158	184.941	0.309	0.018
62.464	188.411	0.300	0.019
58.720	185.772	0.292	0.020
58.522	180.946	0.285	0.020
60.635	172.316	0.279	0.020
62.768	156.431	0.274	0.020
64.976	133.892	0.270	0.019
70.507	109.973	0.266	0.018
82.818	89.800	0.262	0.017
102.076	74.297	0.258	0.016
125.900	61.188	0.254	0.015
152.306	49.766	0.250	0.014
181.298	43.895	0.245	0.013
212.212	48.757	0.240	0.012
242.477	65.685	0.234	0.012
266.941	90.256	0.228	0.013
282.941	117.207	0.222	0.013
292.930	141.081	0.215	0.015
298.040	156.280	0.209	0.016
297.924	158.951	0.202	0.017
291.597	151.911	0.195	0.018
281.309	146.687	0.187	0.019
270.261	155.053	0.179	0.019
259.943	177.183	0.170	0.020
249.232	205.119	0.161	0.021
237.433	232.160	0.154	0.021
223.771	258.670	0.149	0.022
211.218	286.361	0.147	0.023
200.254	310.480	0.148	0.024
190.768	320.970	0.152	0.025
179.798	312.349	0.160	0.026
165.962	289.309	0.169	0.026
149.470	263.052	0.181	0.026
132.065	239.505	0.193	0.025
116.253	215.281	0.206	0.024
104.297	183.832	0.220	0.023
96.056	144.328	0.235	0.022
89.885	104.492	0.250	0.020
85.235	72.973	0.266	0.018
83.213	53.189	0.284	0.016
85.250	42.401	0.303	0.014
90.836	36.232	0.324	0.013
97.442	32.644	0.345	0.011
102.221	31.657	0.367	0.010
105.139	32.884	0.390	0.009
108.913	34.787	0.412	0.009
111.627	36.482	0.433	0.009
112.780	38.756	0.452	0.009
111.661	42.824	0.468	0.009
108.732	48.457	0.480	0.010
104.879	53.928	0.488	0.010
101.289	58.059	0.493	0.011
97.894	61.797	0.496	0.011
94.022	67.516	0.496	0.012
89.616	76.747	0.495	0.013
85.392	88.836	0.494	0.013
82.921	101.260	0.494	0.014
83.065	112.460	0.494	0.015
84.580	123.149	0.495	0.016
85.127	135.030	0.498	0.016
85.864	148.553	0.502	0.017
90.241	162.244	0.508	0.018
98.097	175.308	0.516	0.019
104.269	190.160	0.524	0.020
106.263	209.415	0.530	0.021
106.996	230.964	0.535	0.021
110.511	245.729	0.538	0.022
116.116	242.524	0.541	0.022
118.905	217.430	0.543	0.022
115.422	178.538	0.543	0.022
107.442	140.549	0.543	0.021
99.973	114.064	0.542	0.020
96.382	99.205	0.539	0.019
96.209	90.319	0.536	0.018
95.960	85.232	0.532	0.017
93.538	88.127	0.525	0.016
89.281	103.597	0.517	0.016
85.487	130.160	0.508	0.016
83.787	160.289	0.498	0.017
85.018	187.688	0.488	0.018
89.661	212.853	0.476	0.019
96.908	237.381	0.464	0.021
106.050	257.352	0.452	0.022
118.219	265.616	0.441	0.023
133.723	262.862	0.430	0.024
151.515	260.405	0.418	0.024
168.622	265.627	0.405	0.025
179.891	266.268	0.390	0.024
185.290	241.975	0.375	0.024
190.032	187.791	0.359	0.023
197.927	124.805	0.343	0.022
210.624	82.922	0.327	0.020
224.209	73.271	0.310	0.018
234.616	81.267	0.292	0.017
245.596	87.827	0.272	0.016
259.660	87.564	0.251	0.015
276.134	88.562	0.229	0.014
290.715	97.170	0.207	0.015
300.883	113.486	0.187	0.015
305.327	140.814	0.169	0.017
304.277	186.300	0.153	0.018
298.212	250.689	0.140	0.020
288.447	319.581	0.130	0.022
278.011	367.018	0.122	0.024
270.416	373.732	0.117	0.025
267.456	343.563	0.116	0.026
268.567	300.301	0.118	0.027
269.776	272.396	0.123	0.028
270.394	276.467	0.130	0.028
268.262	312.374	0.138	0.028
261.200	368.818	0.145	0.028
247.404	430.033	0.152	0.029
227.624	479.127	0.158	0.030
203.553	500.743	0.163	0.031
177.476	484.201	0.166	0.031
151.687	429.039	0.167	0.031
128.331	346.892	0.165	0.030
109.485	257.274	0.162	0.029
97.472	179.779	0.158	0.027
91.704	125.852	0.153	0.025
89.806	96.237	0.149	0.022
88.218	83.931	0.147	0.020
84.301	80.175	0.145	0.018
78.436	79.229	0.144	0.016
72.680	79.400	0.144	0.015
68.431	80.510	0.145	0.015
65.721	81.458	0.149	0.014
63.666	79.558	0.154	0.014
61.464	73.098	0.160	0.013
58.867	63.540	0.168	0.013
56.348	54.782	0.179	0.013
54.407	49.845	0.190	0.012
53.296	48.682	0.203	0.012
53.098	49.079	0.215	0.012
53.574	49.536	0.226	0.011
53.901	50.270	0.236	0.011
53.340	52.289	0.245	0.011
52.440	55.816	0.252	0.011
53.878	59.883	0.258	0.011
57.773	62.928	0.262	0.012
62.228	64.430	0.265	0.012
64.637	64.184	0.267	0.012
64.428	62.826	0.270	0.012
63.510	62.236	0.272	0.012
64.059	65.092	0.275	0.013
66.511	72.765	0.277	0.013
69.880	82.961	0.278	0.013
73.030	91.300	0.280	0.014
75.843	96.004	0.282	0.014
77.461	98.295	0.284	0.014
78.252	98.790	0.284	0.015
80.060	95.667	0.285	0.015
84.281	86.249	0.285	0.014
89.895	71.175	0.287	0.014
94.871	54.905	0.289	0.013
95.323	41.837	0.292	0.012
88.415	32.924	0.295	0.012
75.639	26.537	0.299	0.011
60.574	21.725	0.303	0.010
46.908	20.221	0.308	0.009
37.639	24.364	0.313	0.009
34.100	33.851	0.319	0.009
35.237	45.141	0.326	0.009
39.326	54.105	0.335	0.009
45.242	58.599	0.344	0.010
52.075	58.381	0.353	0.010
60.760	53.496	0.363	0.010
72.293	44.254	0.372	0.010
85.700	32.963	0.380	0.010
98.489	24.435	0.386	0.010
109.979	23.434	0.391	0.009
121.644	31.015	0.394	0.009
135.716	43.488	0.395	0.009
153.063	55.106	0.395	0.010
171.973	62.010	0.393	0.010
190.994	64.183	0.391	0.011
207.085	64.090	0.389	0.011
217.991	64.185	0.386	0.012
222.631	65.286	0.385	0.012
222.371	67.223	0.385	0.013
217.048	70.256	0.386	0.013
206.853	76.690	0.389	0.013
192.620	87.628	0.394	0.014
176.483	101.222	0.401	0.014
160.583	111.381	0.409	0.014
145.483	110.163	0.418	0.014
131.224	93.221	0.426	0.014
116.609	64.367	0.432	0.014
102.987	33.702	0.433	0.012
92.434	11.528	0.428	0.011
87.660	2.338	0.415	0.010
89.514	3.748	0.394	0.008
99.018	10.176	0.366	0.007
116.491	18.201	0.330	0.006
146.125	27.103	0.287	0.006
185.396	36.375	0.240	0.006
226.342	44.636	0.189	0.007
250.114	50.569	0.140	0.009
262.774	54.324	0.097	0.010
268.614	57.333	0.071	0.010
270.162	60.269	0.067	0.011
260.753	63.091	0.085	0.012
239.253	66.930	0.115	0.012
210.838	75.088	0.146	0.013
184.966	92.123	0.172	0.014
167.377	119.234	0.195	0.015
157.423	150.351	0.216	0.016
150.206	174.620	0.237	0.017
144.295	184.509	0.255	0.018
141.878	179.243	0.268	0.018
143.394	161.827	0.277	0.019
147.277	135.784	0.283	0.018
150.155	104.577	0.285	0.018
150.072	72.472	0.283	0.017
146.957	48.775	0.276	0.015
141.729	36.761	0.263	0.014
140.747	30.690	0.249	0.012
139.874	22.872	0.233	0.010
133.360	13.648	0.218	0.009
120.693	10.397	0.202	0.008
108.387	19.079	0.187	0.008
103.870	32.883	0.172	0.007
108.622	39.467	0.158	0.008
118.166	34.527	0.145	0.008
126.337	27.601	0.132	0.008
132.008	31.218	0.121	0.009
138.897	48.901	0.110	0.010
149.870	74.185	0.100	0.011
164.596	99.359	0.091	0.012
179.199	121.859	0.084	0.014
190.702	145.516	0.079	0.015
199.070	172.804	0.076	0.017
205.841	199.252	0.077	0.018
210.359	216.132	0.081	0.020
211.549	219.818	0.086	0.021
210.520	218.192	0.093	0.022
207.232	226.155	0.102	0.023
201.957	251.629	0.112	0.024
194.631	291.225	0.122	0.025
184.951	336.710	0.133	0.026
171.507	382.396	0.143	0.027
154.322	426.775	0.153	0.028
138.412	465.029	0.162	0.030
128.143	480.339	0.169	0.030
129.301	448.337	0.175	0.030
144.871	359.098	0.179	0.029
171.866	235.047	0.181	0.028
196.890	121.272	0.182	0.026
207.982	51.487	0.182	0.023
204.999	25.970	0.179	0.019
198.929	21.403	0.176	0.016
202.294	18.501	0.172	0.013
213.591	16.566	0.168	0.011
221.001	24.071	0.164	0.009
216.158	41.874	0.158	0.009
205.029	59.987	0.152	0.009
201.446	68.972	0.146	0.010
210.848	69.543	0.140	0.011
225.088	68.234	0.136	0.011
233.442	68.050	0.133	0.012
226.528	66.064	0.132	0.012
204.513	58.743	0.133	0.012
174.662	47.301	0.135	0.012
145.525	36.140	0.139	0.011
123.181	28.464	0.143	0.010
110.773	23.964	0.149	0.009
106.734	21.177	0.155	0.008
106.905	20.242	0.161	0.008
107.801	22.553	0.168	0.008
107.708	29.479	0.175	0.008
106.749	41.531	0.182	0.008
105.717	58.013	0.190	0.009
104.808	77.517	0.198	0.011
103.486	98.166	0.205	0.012
101.452	118.242	0.212	0.014
98.802	137.350	0.218	0.015
94.560	155.650	0.224	0.016
89.240	172.091	0.228	0.017
82.374	180.759	0.232	0.018
75.189	171.942	0.235	0.018
69.374	140.853	0.237	0.018
67.298	95.573	0.239	0.017
69.956	53.873	0.239	0.016
77.218	29.547	0.239	0.014
88.560	24.076	0.238	0.012
103.678	30.287	0.236	0.011
122.274	41.793	0.232	0.010
144.009	57.586	0.228	0.010
167.353	79.207	0.223	0.011
190.058	107.671	0.218	0.012
210.970	142.197	0.212	0.014
229.726	179.706	0.206	0.016
246.193	214.508	0.201	0.018
259.504	238.864	0.197	0.020
268.515	247.231	0.195	0.021
272.530	244.244	0.194	0.023
272.171	245.677	0.197	0.024
269.183	267.661	0.204	0.025
261.875	310.108	0.216	0.025
251.693	349.789	0.231	0.026
229.548	353.996	0.247	0.026
193.519	312.478	0.263	0.026
150.406	246.707	0.278	0.026
112.466	191.928	0.291	0.025
86.831	163.851	0.303	0.024
73.367	148.782	0.312	0.022
68.080	123.880	0.318	0.020
70.049	84.822	0.319	0.018
81.966	47.940	0.316	0.016
105.006	31.147	0.309	0.014
134.482	37.047	0.300	0.013
162.897	56.869	0.287	0.012
186.639	85.825	0.271	0.012
208.159	129.315	0.253	0.014
231.211	194.216	0.232	0.016
255.272	281.364	0.210	0.019
274.958	388.216	0.188	0.023
286.892	512.576	0.167	0.027
293.636	647.709	0.147	0.031
301.608	772.744	0.129	0.034
310.072	857.248	0.114	0.037
315.074	877.856	0.104	0.040
313.237	829.407	0.097	0.041
310.869	727.036	0.095	0.041
320.461	603.559	0.097	0.041
342.479	498.384	0.103	0.040
363.435	436.993	0.112	0.038
366.003	412.410	0.122	0.036
347.402	391.412	0.133	0.034
313.439	343.825	0.144	0.032
277.236	269.775	0.155	0.030
246.172	195.838	0.166	0.027
220.502	147.564	0.176	0.025
198.532	129.492	0.187	0.024
182.012	130.384	0.198	0.022
173.835	141.784	0.210	0.021
173.416	165.467	0.223	0.020
177.033	201.745	0.237	0.020
180.548	238.649	0.251	0.021
183.184	260.009	0.264	0.022
185.551	259.705	0.277	0.022
187.931	245.601	0.289	0.023
189.005	229.639	0.299	0.023
185.470	218.069	0.308	0.024
175.862	211.712	0.314	0.024
160.497	211.717	0.319	0.023
141.988	220.680	0.323	0.023
124.479	237.724	0.325	0.024
111.691	255.274	0.328	0.024
104.453	263.533	0.329	0.024
100.641	259.608	0.331	0.024
96.443	249.620	0.332	0.024
88.510	240.094	0.334	0.024
75.015	228.737	0.336	0.024
58.096	205.969	0.338	0.023
42.901	164.713	0.339	0.022
32.669	112.417	0.340	0.020
27.958	67.106	0.342	0.019
27.314	43.171	0.343	0.017
29.653	40.293	0.343	0.015
34.774	46.575	0.343	0.013
42.441	50.950	0.343	0.012
51.099	51.393	0.342	0.011
60.166	53.419	0.342	0.011
67.420	63.619	0.343	0.012
71.359	83.965	0.345	0.013
73.467	114.463	0.348	0.014
76.954	154.739	0.352	0.016
84.811	205.462	0.356	0.018
96.503	266.427	0.361	0.020
109.266	329.257	0.367	0.022
120.842	377.245	0.373	0.024
132.555	395.367	0.379	0.026
148.927	379.591	0.386	0.027
171.416	341.194	0.394	0.028
195.832	296.330	0.401	0.028
215.680	255.223	0.409	0.027
226.012	219.250	0.417	0.026
224.267	185.549	0.423	0.025
209.771	152.595	0.429	0.023
184.074	122.245	0.433	0.021
153.729	97.545	0.436	0.020
124.789	79.760	0.437	0.018
102.183	67.798	0.437	0.016
84.233	59.341	0.437	0.015
67.017	52.746	0.436	0.014
49.669	48.212	0.437	0.013
35.542	46.535	0.438	0.012
27.351	47.203	0.440	0.011
24.790	47.951	0.442	0.011
23.251	46.431	0.445	0.011
19.723	42.320	0.450	0.010
15.729	37.351	0.455	0.010
14.338	33.267	0.462	0.010
16.585	30.304	0.469	0.009
20.442	27.570	0.478	0.009
23.848	24.706	0.488	0.009
28.240	22.532	0.499	0.008
34.360	22.059	0.511	0.008
41.639	23.343	0.523	0.008
48.363	25.574	0.533	0.008
54.214	28.396	0.541	0.008
64.440	32.279	0.548	0.008
81.014	38.006	0.552	0.009
98.165	45.877	0.554	0.009
109.864	55.380	0.553	0.010
115.994	64.978	0.550	0.011
122.262	72.653	0.545	0.011
133.788	77.391	0.538	0.012
149.677	80.090	0.531	0.013
164.613	83.099	0.521	0.013
172.984	88.441	0.510	0.014
173.224	96.525	0.496	0.014
168.639	106.533	0.481	0.015
164.026	117.745	0.464	0.016
162.661	130.144	0.447	0.016
162.868	143.846	0.429	0.017
161.854	157.627	0.410	0.018
158.065	167.616	0.392	0.018
153.537	169.787	0.374	0.019
151.309	163.820	0.358	0.019
154.191	154.260	0.342	0.019
162.136	146.815	0.329	0.019
172.293	142.610	0.316	0.019
180.997	137.044	0.305	0.019
185.792	125.575	0.294	0.018
188.151	108.873	0.283	0.017
189.641	92.722	0.271	0.017
188.571	82.714	0.259	0.016
182.977	79.332	0.246	0.015
172.346	78.190	0.233	0.015
160.876	74.575	0.219	0.014
154.067	67.538	0.206	0.013
152.816	58.888	0.192	0.013
152.851	49.960	0.179	0.012
149.717	40.532	0.165	0.011
143.617	30.609	0.153	0.010
138.659	21.431	0.141	0.009
139.090	14.699	0.129	0.008
145.081	11.316	0.119	0.007
153.097	10.858	0.109	0.006
158.480	12.170	0.101	0.006
158.047	14.005	0.093	0.005
152.480	14.984	0.086	0.005
144.659	13.741	0.081	0.005
137.846	10.081	0.077	0.005
132.183	6.273	0.074	0.005
126.549	6.534	0.072	0.005
122.275	13.962	0.073	0.005
120.669	28.238	0.075	0.006
121.228	46.658	0.079	0.007
120.717	65.046	0.086	0.009
119.682	80.500	0.093	0.010
123.086	93.970	0.100	0.012
135.626	109.566	0.107	0.014
151.526	130.295	0.112	0.015
160.850	152.662	0.116	0.016
159.151	165.510	0.118	0.017
151.385	162.487	0.118	0.018
145.776	150.750	0.117	0.019
143.750	144.340	0.114	0.019
141.941	151.078	0.112	0.019
138.888	165.118	0.109	0.019
141.941	173.622	0.109	0.020
157.243	171.457	0.110	0.020
180.839	164.388	0.114	0.020
201.486	162.087	0.120	0.020
212.500	169.304	0.128	0.020
220.047	183.423	0.137	0.021
236.274	199.028	0.147	0.021
265.154	210.384	0.157	0.021
301.489	214.224	0.169	0.022
336.841	212.094	0.182	0.022
366.215	208.409	0.195	0.022
387.873	207.644	0.209	0.022
396.848	210.591	0.223	0.022
388.160	211.446	0.237	0.022
363.367	203.912	0.250	0.022
332.955	193.002	0.261	0.023
310.662	204.676	0.270	0.023
299.556	254.362	0.276	0.024
290.950	335.005	0.279	0.026
276.668	429.866	0.281	0.028
257.082	538.071	0.282	0.030
238.994	673.265	0.284	0.033
229.063	823.515	0.286	0.036
230.181	913.096	0.289	0.038
238.626	885.366	0.292	0.040
248.361	757.040	0.295	0.041
255.193	606.144	0.298	0.041
256.489	496.119	0.302	0.040
250.627	427.196	0.305	0.038
236.179	359.875	0.307	0.035
213.717	275.220	0.310	0.033
186.598	195.158	0.313	0.030
159.453	148.821	0.316	0.027
135.765	135.517	0.318	0.024
115.907	129.294	0.321	0.022
99.137	111.877	0.325	0.020
85.347	90.010	0.329	0.018
73.626	79.587	0.333	0.017
63.145	82.299	0.338	0.016
53.298	84.966	0.344	0.015
44.642	76.836	0.351	0.014
37.942	61.261	0.360	0.014
33.214	49.065	0.370	0.013
29.947	44.767	0.380	0.012
27.175	43.200	0.392	0.011
24.659	38.484	0.404	0.011
22.770	31.438	0.418	0.010
22.178	26.965	0.433	0.010
22.440	26.811	0.448	0.009
22.659	27.492	0.464	0.009
22.431	25.123	0.480	0.008
22.085	20.334	0.497	0.008
22.190	16.858	0.514	0.008
22.836	16.796	0.530	0.007
23.579	18.571	0.547	0.007
23.958	19.432	0.563	0.007
23.994	18.766	0.578	0.007
24.038	18.292	0.592	0.007
24.353	19.575	0.604	0.007
25.018	22.383	0.616	0.007
26.051	25.532	0.625	0.007
27.509	28.616	0.633	0.008
29.498	32.354	0.638	0.008
32.028	37.497	0.641	0.009
35.033	43.951	0.641	0.009
38.053	51.315	0.639	0.010
40.894	59.614	0.635	0.011
43.780	69.415	0.628	0.011
46.653	81.193	0.619	0.012
48.993	92.851	0.608	0.013
50.091	107.991	0.595	0.014
50.349	128.673	0.582	0.015
50.657	150.398	0.568	0.016
51.183	164.070	0.553	0.017
50.835	165.147	0.539	0.018
48.302	159.261	0.526	0.019
44.364	154.955	0.514	0.019
40.616	159.307	0.503	0.020
40.246	167.049	0.493	0.020
41.174	166.981	0.483	0.020
40.590	153.174	0.474	0.019
37.862	130.436	0.465	0.019
34.126	108.867	0.455	0.018
31.209	94.493	0.446	0.018
29.620	86.029	0.437	0.017
28.718	78.926	0.428	0.016
27.291	70.864	0.420	0.015
25.246	62.710	0.411	0.014
23.166	55.843	0.402	0.013
21.239	50.072	0.392	0.012
19.246	44.351	0.383	0.012
17.024	38.454	0.374	0.011
14.629	33.239	0.364	0.010
12.438	29.334	0.356	0.010
10.386	26.261	0.348	0.009
8.372	23.089	0.343	0.009
6.357	19.599	0.339	0.008
4.712	16.342	0.337	0.007
3.626	13.828	0.336	0.007
2.981	11.903	0.337	0.006
2.452	10.046	0.339	0.006
1.862	8.068	0.341	0.005
1.288	6.254	0.343	0.005
0.932	4.886	0.346	0.004
0.818	3.906	0.349	0.004
0.813	3.046	0.353	0.004
0.780	2.196	0.357	0.003
0.704	1.519	0.360	0.003
0.620	1.220	0.363	0.003
0.547	1.283	0.365	0.002
0.464	1.480	0.366	0.002
0.376	1.575	0.366	0.002
0.325	1.505	0.365	0.002
0.341	1.368	0.362	0.002
0.399	1.277	0.359	0.002
0.430	1.258	0.355	0.002
0.411	1.258	0.350	0.002
0.372	1.207	0.346	0.002
0.338	1.078	0.342	0.002
0.337	0.888	0.339	0.002
0.325	0.681	0.338	0.002
0.326	0.499	0.339	0.001
0.311	0.364	0.342	0.001
0.272	0.278	0.345	0.001
0.211	0.222	0.350	0.001
0.152	0.174	0.358	0.001
0.117	0.124	0.368	0.001
0.111	0.080	0.383	0.001
0.115	0.058	0.402	0.001
0.111	0.060	0.425	0.001
0.095	0.074	0.450	0.000
0.077	0.085	0.476	0.000
0.066	0.085	0.504	0.000
0.061	0.080	0.532	0.000
0.054	0.074	0.560	0.000
0.044	0.067	0.588	0.000
0.037	0.056	0.616	0.000
0.037	0.044	0.645	0.000
0.041	0.038	0.674	0.000
0.040	0.042	0.702	0.000
0.039	0.052	0.729	0.000
0.042	0.057	0.756	0.000
0.050	0.054	0.780	0.000
0.057	0.046	0.803	0.000
0.065	0.040	0.823	0.000
0.083	0.040	0.839	0.000
0.140	0.043	0.852	0.000
0.334	0.048	0.861	0.000
0.731	0.062	0.868	0.000
1.426	0.076	0.873	0.000
2.579	0.080	0.876	0.000
4.303	0.085	0.879	0.000
6.597	0.088	0.880	0.000
9.184	0.079	0.881	0.000
11.639	0.059	0.882	0.000
13.766	0.044	0.884	0.000
15.403	0.042	0.884	0.000
16.582	0.053	0.885	0.000
17.222	0.068	0.885	0.000
17.304	0.083	0.884	0.000
16.656	0.106	0.883	0.000
15.286	0.137	0.881	0.000
13.364	0.159	0.879	0.000
11.135	0.154	0.876	0.001
8.857	0.126	0.873	0.001
6.753	0.099	0.870	0.001
4.969	0.101	0.865	0.001
3.541	0.135	0.861	0.001
2.402	0.177	0.855	0.001
1.480	0.204	0.849	0.001
0.766	0.212	0.842	0.001
0.312	0.218	0.834	0.001
0.125	0.232	0.826	0.001
0.108	0.249	0.816	0.001
0.124	0.247	0.805	0.001
0.099	0.216	0.793	0.001
0.046	0.170	0.780	0.001
0.018	0.130	0.765	0.001
0.029	0.106	0.750	0.001
0.045	0.091	0.734	0.001
0.038	0.071	0.717	0.001
0.016	0.049	0.700	0.000
0.008	0.032	0.681	0.000
0.019	0.024	0.660	0.000
0.032	0.023	0.636	0.000
0.029	0.022	0.611	0.000
0.015	0.019	0.583	0.000
0.006	0.017	0.553	0.000
0.010	0.020	0.521	0.000
0.017	0.025	0.487	0.000
0.016	0.026	0.453	0.000
0.008	0.024	0.419	0.000
0.003	0.020	0.387	0.000
0.005	0.016	0.360	0.000
0.009	0.015	0.344	0.000
0.010	0.013	0.342	0.000
0.007	0.010	0.358	0.000
0.005	0.007	0.393	0.000
0.006	0.004	0.443	0.000
0.007	0.002	0.503	0.000
0.006	0.001	0.566	0.000
0.003	0.001	0.627	0.000
0.002	0.001	0.683	0.000
0.004	0.002	0.731	0.000
0.005	0.005	0.770	0.000
0.005	0.008	0.800	0.000
0.003	0.009	0.822	0.000
0.003	0.008	0.836	0.000
0.005	0.005	0.843	0.000
0.007	0.003	0.846	0.000
0.007	0.003	0.846	0.000
0.006	0.005	0.845	0.000
0.005	0.007	0.844	0.000
0.006	0.007	0.844	0.000
0.008	0.007	0.842	0.000
0.009	0.008	0.839	0.000
0.011	0.012	0.832	0.000
0.015	0.017	0.824	0.000
0.019	0.023	0.813	0.000
0.021	0.028	0.801	0.000
0.018	0.027	0.789	0.000
0.012	0.023	0.777	0.000
0.007	0.020	0.765	0.000
0.006	0.023	0.755	0.000
0.008	0.034	0.746	0.000
0.010	0.045	0.739	0.000
0.010	0.049	0.734	0.000
0.008	0.044	0.730	0.000
0.006	0.034	0.729	0.000
0.005	0.028	0.728	0.000
0.004	0.027	0.729	0.000
0.004	0.031	0.730	0.000
0.003	0.033	0.729	0.000
0.003	0.031	0.725	0.000
0.004	0.026	0.719	0.000
0.004	0.020	0.711	0.000
0.004	0.014	0.703	0.000
0.004	0.012	0.697	0.000
0.004	0.012	0.693	0.000
0.004	0.014	0.690	0.000
