0.002	0.000	0.000	0.000
0.004	0.000	0.000	0.000
0.008	0.000	0.000	0.000
0.010	0.001	0.000	0.000
0.010	0.002	0.000	0.000
0.009	0.002	0.000	0.000
0.009	0.003	0.000	0.000
0.011	0.003	0.000	0.000
0.012	0.003	0.000	0.000
0.011	0.003	0.000	0.000
0.008	0.003	0.000	0.000
0.005	0.003	0.000	0.000
0.006	0.003	0.000	0.000
0.008	0.001	0.000	0.000
0.009	0.000	0.000	0.000
0.008	-0.000	0.000	0.000
0.006	-0.000	0.000	0.000
0.004	0.000	0.000	0.000
0.003	0.000	0.000	0.000
0.003	0.000	0.000	0.000
0.003	0.000	0.000	0.000
0.003	0.001	0.000	0.000
0.003	0.002	0.000	0.000
0.003	0.002	0.000	0.000
0.003	0.003	0.000	0.000
0.003	0.004	0.000	0.000
0.003	0.005	0.000	0.000
0.003	0.006	0.000	0.000
0.004	0.007	0.000	0.000
0.005	0.007	0.000	0.000
0.006	0.006	0.000	0.000
0.007	0.005	0.000	0.000
0.008	0.005	0.000	0.000
0.008	0.006	0.000	0.000
0.009	0.006	0.000	0.000
0.009	0.005	0.000	0.000
0.009	0.005	0.000	0.000
0.008	0.004	0.000	0.000
0.008	0.005	0.000	0.000
0.007	0.005	0.000	0.000
0.007	0.006	0.000	0.000
0.006	0.006	0.000	0.000
0.006	0.005	0.000	0.000
0.007	0.006	0.000	0.000
0.007	0.006	0.000	0.000
0.006	0.006	0.000	0.000
0.005	0.006	0.000	0.000
0.004	0.006	0.000	0.000
0.004	0.006	0.000	0.000
0.004	0.006	0.000	0.000
0.004	0.007	0.000	0.000
0.004	0.008	0.000	0.000
0.004	0.008	0.000	0.000
0.004	0.008	0.000	0.000
0.004	0.008	0.000	0.000
0.005	0.010	0.000	0.000
0.005	0.013	0.000	0.000
0.006	0.016	0.000	0.000
0.006	0.018	0.000	0.000
0.007	0.019	0.000	0.000
0.007	0.018	0.000	0.000
0.007	0.019	0.000	0.000
0.008	0.020	0.000	0.000
0.009	0.022	0.000	0.000
0.010	0.024	0.000	0.000
0.011	0.027	0.000	0.000
0.011	0.029	0.000	0.000
0.011	0.031	0.000	0.000
0.012	0.032	0.000	0.000
0.014	0.030	0.000	0.000
0.015	0.029	0.000	0.000
0.015	0.026	0.000	0.000
0.015	0.023	0.000	0.000
0.015	0.021	0.000	0.000
0.015	0.020	0.000	0.000
0.015	0.019	0.000	0.000
0.014	0.017	0.000	0.000
0.013	0.015	0.000	0.000
0.011	0.014	0.000	0.000
0.010	0.014	0.000	0.000
0.009	0.017	0.000	0.000
0.007	0.021	0.000	0.000
0.006	0.026	0.000	0.000
0.005	0.029	0.000	0.000
0.005	0.031	0.000	0.000
0.006	0.031	0.000	0.000
0.006	0.032	0.000	0.000
0.006	0.033	0.000	0.000
0.006	0.033	0.000	0.000
0.006	0.033	0.000	0.000
0.006	0.030	0.000	0.000
0.007	0.026	0.000	0.000
0.007	0.022	0.000	0.000
0.008	0.020	0.000	0.000
0.008	0.018	0.000	0.000
0.008	0.017	0.000	0.000
0.007	0.016	0.000	0.000
0.007	0.016	0.000	0.000
0.006	0.016	0.000	0.000
0.006	0.016	0.000	0.000
0.006	0.016	0.026	0.000
0.006	0.015	0.077	0.000
0.005	0.015	0.127	0.000
0.005	0.016	0.145	0.000
0.006	0.017	0.128	0.000
0.025	0.018	0.099	0.000
0.064	0.018	0.085	0.000
0.113	0.019	0.091	0.000
0.163	0.021	0.101	0.000
0.190	0.022	0.101	0.000
0.208	0.022	0.094	0.000
0.262	0.019	0.093	0.000
0.393	0.018	0.099	0.000
0.606	0.019	0.105	0.000
0.846	0.022	0.103	0.000
1.111	0.025	0.097	0.000
1.420	0.026	0.094	0.000
1.772	0.025	0.094	0.000
2.150	0.024	0.094	0.000
2.499	0.023	0.090	0.000
2.829	0.020	0.084	0.000
3.230	0.015	0.080	0.000
3.638	0.008	0.078	0.000
3.934	0.003	0.076	0.000
4.061	0.002	0.073	0.000
4.065	0.002	0.069	0.000
4.037	0.003	0.069	0.000
4.025	0.004	0.073	0.000
3.985	0.007	0.080	0.000
3.900	0.014	0.087	0.000
3.749	0.022	0.094	0.000
3.543	0.027	0.102	0.000
3.305	0.029	0.111	0.000
3.074	0.027	0.123	0.000
2.831	0.024	0.138	0.000
2.604	0.024	0.156	0.000
2.418	0.026	0.175	0.000
2.279	0.030	0.194	0.000
2.152	0.032	0.214	0.000
2.022	0.031	0.233	0.000
1.910	0.027	0.253	0.000
1.820	0.024	0.274	0.000
1.736	0.024	0.293	0.000
1.635	0.028	0.311	0.000
1.510	0.030	0.328	0.000
1.386	0.030	0.344	0.000
1.268	0.030	0.360	0.000
1.162	0.034	0.374	0.000
1.061	0.045	0.388	0.000
0.945	0.055	0.401	0.000
0.827	0.059	0.413	0.000
0.725	0.060	0.423	0.000
0.643	0.064	0.432	0.000
0.573	0.074	0.442	0.000
0.511	0.082	0.452	0.000
0.460	0.079	0.464	0.000
0.439	0.067	0.477	0.000
0.429	0.053	0.490	0.000
0.402	0.041	0.505	0.000
0.350	0.032	0.522	0.000
0.302	0.022	0.539	0.000
0.276	0.013	0.556	0.000
0.267	0.008	0.573	0.000
0.255	0.009	0.590	0.000
0.230	0.010	0.607	0.000
0.204	0.010	0.624	0.000
0.195	0.007	0.641	0.000
0.211	0.006	0.659	0.000
0.224	0.008	0.676	0.000
0.207	0.011	0.693	0.000
0.162	0.011	0.710	0.000
0.118	0.008	0.727	0.000
0.099	0.004	0.743	0.000
0.099	0.004	0.760	0.000
0.104	0.005	0.776	0.000
0.103	0.005	0.792	0.000
0.100	0.004	0.808	0.000
0.101	0.003	0.823	0.000
0.103	0.003	0.836	0.000
0.102	0.005	0.848	0.000
0.098	0.006	0.858	0.000
0.094	0.007	0.868	0.000
0.090	0.009	0.877	0.000
0.085	0.013	0.884	0.000
0.080	0.019	0.890	0.000
0.077	0.024	0.897	0.000
0.077	0.028	0.903	0.000
0.079	0.030	0.909	0.000
0.077	0.032	0.914	0.000
0.071	0.036	0.919	0.000
0.064	0.040	0.924	0.000
0.062	0.043	0.929	0.000
0.066	0.046	0.933	0.000
0.071	0.051	0.936	0.000
0.074	0.063	0.938	0.000
0.073	0.082	0.938	0.000
0.071	0.097	0.938	0.000
0.071	0.098	0.937	0.000
0.071	0.088	0.936	0.000
0.074	0.078	0.934	0.000
0.076	0.077	0.933	0.000
0.072	0.084	0.930	0.000
0.065	0.091	0.927	0.000
0.063	0.092	0.924	0.000
0.065	0.088	0.922	0.000
0.065	0.082	0.920	0.000
0.059	0.076	0.919	0.000
0.050	0.071	0.918	0.000
0.051	0.069	0.916	0.000
0.061	0.071	0.913	0.000
0.068	0.076	0.910	0.000
0.067	0.081	0.907	0.000
0.061	0.084	0.906	0.000
0.057	0.085	0.906	0.000
0.063	0.087	0.904	0.000
0.079	0.090	0.902	0.000
0.095	0.090	0.899	0.000
0.103	0.085	0.898	0.000
0.100	0.078	0.897	0.000
0.093	0.075	0.896	0.000
0.090	0.079	0.895	0.000
0.090	0.085	0.894	0.000
0.090	0.090	0.894	0.000
0.089	0.093	0.893	0.000
0.088	0.097	0.892	0.000
0.087	0.102	0.891	0.000
0.085	0.106	0.890	0.000
0.080	0.106	0.888	0.000
0.074	0.105	0.887	0.000
0.069	0.106	0.886	0.001
0.066	0.112	0.885	0.001
0.063	0.121	0.885	0.001
0.055	0.127	0.886	0.001
0.047	0.127	0.888	0.001
0.045	0.124	0.889	0.001
0.048	0.119	0.891	0.001
0.053	0.115	0.894	0.001
0.055	0.112	0.897	0.001
0.054	0.108	0.900	0.001
0.054	0.104	0.903	0.001
0.056	0.098	0.906	0.001
0.059	0.093	0.909	0.000
0.061	0.089	0.910	0.000
0.060	0.088	0.912	0.000
0.056	0.089	0.912	0.000
0.054	0.091	0.912	0.000
0.055	0.094	0.912	0.000
0.057	0.098	0.912	0.000
0.058	0.106	0.911	0.000
0.058	0.113	0.911	0.000
0.057	0.114	0.911	0.000
0.056	0.106	0.911	0.000
0.057	0.092	0.911	0.000
0.065	0.079	0.912	0.000
0.074	0.073	0.912	0.000
0.078	0.074	0.913	0.000
0.074	0.081	0.914	0.000
0.072	0.088	0.915	0.000
0.073	0.091	0.916	0.000
0.078	0.090	0.918	0.000
0.078	0.086	0.920	0.000
0.072	0.081	0.923	0.000
0.067	0.078	0.925	0.000
0.069	0.075	0.927	0.000
0.074	0.073	0.929	0.000
0.072	0.069	0.931	0.000
0.062	0.065	0.933	0.000
0.053	0.063	0.934	0.000
0.052	0.063	0.936	0.000
0.056	0.063	0.938	0.000
0.061	0.060	0.940	0.000
0.061	0.055	0.942	0.000
0.057	0.055	0.944	0.000
0.055	0.061	0.946	0.000
0.056	0.072	0.948	0.000
0.059	0.083	0.950	0.000
0.061	0.087	0.952	0.000
0.060	0.087	0.954	0.000
0.058	0.086	0.955	0.000
0.060	0.089	0.957	0.000
0.064	0.098	0.958	0.000
0.068	0.108	0.959	0.000
0.068	0.114	0.960	0.000
0.064	0.113	0.961	0.000
0.060	0.107	0.962	0.000
0.065	0.099	0.963	0.000
0.073	0.092	0.963	0.000
0.075	0.087	0.964	0.000
0.067	0.083	0.964	0.000
0.056	0.078	0.965	0.000
0.051	0.071	0.965	0.000
0.053	0.064	0.966	0.000
0.058	0.058	0.966	0.000
0.059	0.056	0.966	0.000
0.054	0.059	0.967	0.000
0.050	0.066	0.967	0.000
0.051	0.076	0.968	0.000
0.055	0.085	0.968	0.000
0.058	0.090	0.968	0.000
0.057	0.090	0.968	0.000
0.056	0.086	0.968	0.000
0.058	0.082	0.969	0.000
0.062	0.078	0.969	0.000
0.066	0.076	0.969	0.000
0.066	0.074	0.970	0.000
0.063	0.076	0.970	0.000
0.060	0.079	0.970	0.000
0.057	0.081	0.971	0.000
0.054	0.082	0.973	0.000
0.050	0.077	0.975	0.000
0.048	0.069	0.976	0.000
0.048	0.064	0.976	0.000
0.051	0.065	0.976	0.000
0.053	0.075	0.976	0.000
0.052	0.091	0.976	0.000
0.048	0.103	0.976	0.000
0.046	0.107	0.976	0.000
0.049	0.105	0.975	0.000
0.054	0.102	0.975	0.000
0.058	0.103	0.974	0.000
0.058	0.105	0.974	0.000
0.058	0.106	0.974	0.000
0.064	0.101	0.973	0.000
0.073	0.092	0.973	0.000
0.084	0.087	0.972	0.000
0.087	0.088	0.972	0.000
0.083	0.090	0.971	0.000
0.076	0.089	0.971	0.000
0.071	0.083	0.971	0.000
0.071	0.078	0.971	0.000
0.073	0.081	0.970	0.000
0.075	0.093	0.970	0.000
0.074	0.105	0.970	0.000
0.072	0.108	0.970	0.000
0.072	0.097	0.970	0.000
0.074	0.082	0.969	0.000
0.074	0.075	0.969	0.000
0.071	0.082	0.970	0.000
0.068	0.096	0.970	0.000
0.067	0.107	0.970	0.000
0.067	0.105	0.970	0.000
0.065	0.093	0.969	0.000
0.065	0.081	0.969	0.000
0.067	0.077	0.969	0.000
0.070	0.080	0.970	0.000
0.070	0.083	0.970	0.000
0.069	0.079	0.970	0.000
0.066	0.070	0.969	0.000
0.066	0.061	0.969	0.000
0.067	0.059	0.969	0.000
0.070	0.077	0.970	0.000
0.071	0.098	0.970	0.000
0.070	0.101	0.969	0.000
0.069	0.092	0.969	0.001
0.066	0.076	0.969	0.001
0.064	0.066	0.968	0.001
0.061	0.065	0.967	0.001
0.058	0.067	0.966	0.000
0.055	0.068	0.965	0.000
0.053	0.070	0.964	0.000
0.050	0.074	0.963	0.000
0.048	0.081	0.963	0.000
0.049	0.087	0.963	0.000
0.053	0.091	0.962	0.000
0.058	0.094	0.961	0.000
0.062	0.098	0.961	0.000
0.071	0.101	0.961	0.000
0.082	0.103	0.961	0.000
0.086	0.102	0.961	0.000
0.080	0.103	0.960	0.000
0.072	0.104	0.960	0.000
0.070	0.103	0.960	0.000
0.075	0.099	0.960	0.000
0.080	0.097	0.960	0.000
0.082	0.102	0.960	0.001
0.080	0.118	0.960	0.001
0.080	0.135	0.960	0.001
0.084	0.147	0.960	0.001
0.088	0.155	0.960	0.001
0.089	0.165	0.960	0.001
0.087	0.179	0.960	0.001
0.086	0.191	0.960	0.001
0.091	0.198	0.959	0.001
0.097	0.204	0.959	0.001
0.103	0.217	0.959	0.001
0.105	0.236	0.959	0.001
0.106	0.254	0.959	0.001
0.107	0.262	0.958	0.001
0.115	0.266	0.958	0.001
0.125	0.279	0.958	0.001
0.131	0.308	0.957	0.001
0.132	0.339	0.957	0.001
0.128	0.352	0.957	0.001
0.123	0.344	0.957	0.001
0.119	0.329	0.958	0.001
0.120	0.325	0.958	0.001
0.124	0.334	0.958	0.001
0.125	0.343	0.959	0.001
0.123	0.341	0.959	0.001
0.120	0.334	0.960	0.001
0.118	0.333	0.960	0.001
0.123	0.342	0.961	0.001
0.131	0.352	0.961	0.001
0.135	0.354	0.962	0.001
0.134	0.342	0.963	0.001
0.130	0.322	0.964	0.001
0.125	0.297	0.964	0.001
0.122	0.277	0.966	0.001
0.119	0.264	0.967	0.001
0.113	0.262	0.967	0.001
0.105	0.264	0.968	0.001
0.101	0.260	0.969	0.001
0.102	0.248	0.969	0.001
0.105	0.236	0.969	0.001
0.104	0.232	0.969	0.001
0.103	0.236	0.969	0.001
0.103	0.243	0.969	0.001
0.105	0.249	0.969	0.001
0.106	0.252	0.969	0.001
0.104	0.251	0.969	0.001
0.100	0.246	0.969	0.001
0.101	0.238	0.969	0.001
0.105	0.229	0.969	0.001
0.106	0.220	0.968	0.001
0.101	0.214	0.968	0.001
0.096	0.209	0.968	0.001
0.095	0.202	0.968	0.001
0.097	0.194	0.968	0.001
0.096	0.186	0.968	0.001
0.087	0.180	0.968	0.001
0.075	0.173	0.968	0.001
0.067	0.166	0.968	0.001
0.068	0.162	0.968	0.001
0.071	0.164	0.968	0.001
0.072	0.168	0.967	0.001
0.073	0.167	0.967	0.001
0.075	0.158	0.966	0.001
0.078	0.150	0.966	0.001
0.080	0.152	0.966	0.001
0.083	0.162	0.966	0.001
0.087	0.170	0.966	0.001
0.092	0.173	0.966	0.001
0.095	0.172	0.966	0.001
0.095	0.174	0.967	0.001
0.095	0.180	0.968	0.001
0.101	0.186	0.968	0.001
0.114	0.187	0.969	0.001
0.129	0.182	0.970	0.001
0.135	0.173	0.970	0.001
0.125	0.166	0.971	0.001
0.106	0.166	0.971	0.001
0.091	0.169	0.972	0.001
0.085	0.167	0.972	0.001
0.084	0.160	0.972	0.001
0.083	0.152	0.972	0.001
0.075	0.152	0.971	0.001
0.066	0.158	0.971	0.001
0.060	0.161	0.971	0.001
0.059	0.159	0.971	0.001
0.062	0.154	0.971	0.001
0.065	0.151	0.970	0.001
0.068	0.146	0.970	0.001
0.071	0.133	0.969	0.001
0.073	0.118	0.969	0.001
0.071	0.110	0.968	0.001
0.068	0.111	0.968	0.001
0.065	0.116	0.967	0.001
0.066	0.118	0.967	0.001
0.074	0.121	0.966	0.001
0.085	0.129	0.966	0.001
0.091	0.140	0.966	0.001
0.090	0.146	0.966	0.001
0.089	0.145	0.966	0.001
0.089	0.139	0.966	0.001
0.088	0.135	0.966	0.001
0.086	0.131	0.966	0.001
0.081	0.128	0.966	0.001
0.079	0.125	0.965	0.001
0.079	0.127	0.965	0.001
0.081	0.135	0.965	0.001
0.082	0.150	0.965	0.001
0.079	0.166	0.965	0.001
0.076	0.178	0.965	0.001
0.074	0.184	0.965	0.001
0.075	0.186	0.965	0.001
0.076	0.191	0.965	0.001
0.074	0.198	0.965	0.001
0.072	0.207	0.965	0.001
0.073	0.213	0.965	0.001
0.076	0.219	0.965	0.001
0.079	0.223	0.965	0.001
0.083	0.225	0.965	0.001
0.087	0.227	0.965	0.001
0.092	0.229	0.965	0.001
0.099	0.230	0.965	0.001
0.103	0.227	0.965	0.001
0.105	0.217	0.965	0.001
0.105	0.203	0.965	0.001
0.107	0.192	0.965	0.001
0.111	0.194	0.966	0.001
0.114	0.207	0.966	0.001
0.118	0.225	0.966	0.001
0.124	0.240	0.966	0.001
0.130	0.254	0.966	0.001
0.136	0.271	0.967	0.001
0.142	0.293	0.967	0.001
0.148	0.310	0.967	0.001
0.153	0.317	0.967	0.001
0.156	0.317	0.968	0.001
0.154	0.318	0.968	0.001
0.150	0.326	0.968	0.001
0.143	0.339	0.969	0.001
0.136	0.349	0.969	0.001
0.131	0.352	0.969	0.001
0.128	0.349	0.969	0.001
0.129	0.346	0.969	0.001
0.132	0.349	0.969	0.001
0.134	0.355	0.969	0.001
0.136	0.355	0.969	0.001
0.135	0.346	0.968	0.001
0.135	0.334	0.968	0.001
0.134	0.328	0.967	0.001
0.137	0.334	0.967	0.001
0.140	0.345	0.966	0.001
0.141	0.352	0.965	0.001
0.141	0.353	0.964	0.001
0.140	0.354	0.963	0.001
0.139	0.353	0.963	0.001
0.137	0.345	0.963	0.001
0.132	0.326	0.963	0.001
0.123	0.303	0.962	0.001
0.113	0.287	0.962	0.001
0.107	0.283	0.962	0.001
0.105	0.286	0.961	0.001
0.106	0.285	0.961	0.001
0.109	0.279	0.961	0.001
0.110	0.274	0.961	0.001
0.108	0.278	0.961	0.001
0.104	0.292	0.961	0.001
0.101	0.308	0.961	0.001
0.103	0.314	0.961	0.001
0.110	0.308	0.961	0.001
0.115	0.295	0.961	0.001
0.114	0.280	0.961	0.001
0.108	0.268	0.961	0.001
0.105	0.257	0.961	0.001
0.105	0.247	0.961	0.001
0.104	0.238	0.962	0.001
0.096	0.233	0.962	0.001
0.089	0.231	0.962	0.001
0.089	0.229	0.961	0.001
0.098	0.222	0.961	0.001
0.108	0.212	0.961	0.001
0.111	0.201	0.961	0.001
0.112	0.192	0.962	0.001
0.117	0.185	0.962	0.001
0.125	0.181	0.962	0.001
0.127	0.180	0.962	0.001
0.120	0.184	0.962	0.001
0.109	0.193	0.963	0.001
0.103	0.205	0.963	0.001
0.101	0.214	0.964	0.001
0.097	0.216	0.965	0.001
0.089	0.207	0.966	0.001
0.082	0.188	0.967	0.001
0.081	0.165	0.968	0.001
0.084	0.146	0.969	0.001
0.086	0.136	0.970	0.001
0.083	0.134	0.971	0.001
0.077	0.133	0.971	0.001
0.072	0.129	0.971	0.001
0.069	0.124	0.971	0.001
0.067	0.124	0.971	0.001
0.065	0.129	0.971	0.001
0.064	0.133	0.971	0.001
0.063	0.130	0.971	0.001
0.063	0.123	0.971	0.001
0.062	0.118	0.972	0.001
0.063	0.122	0.972	0.001
0.066	0.133	0.972	0.001
0.070	0.145	0.972	0.001
0.075	0.154	0.971	0.001
0.081	0.159	0.970	0.001
0.087	0.163	0.969	0.001
0.097	0.173	0.968	0.001
0.119	0.186	0.967	0.001
0.143	0.196	0.967	0.001
0.154	0.195	0.967	0.001
0.149	0.184	0.967	0.001
0.138	0.169	0.967	0.001
0.130	0.155	0.967	0.001
0.123	0.145	0.968	0.001
0.110	0.141	0.968	0.001
0.087	0.141	0.968	0.001
0.062	0.140	0.968	0.001
0.045	0.138	0.967	0.001
0.042	0.133	0.967	0.001
0.044	0.127	0.966	0.001
0.044	0.122	0.966	0.001
0.040	0.119	0.965	0.001
0.037	0.118	0.965	0.001
0.036	0.124	0.964	0.001
0.038	0.138	0.964	0.001
0.039	0.154	0.963	0.001
0.040	0.163	0.963	0.001
0.041	0.161	0.963	0.001
0.043	0.153	0.964	0.001
0.044	0.144	0.964	0.001
0.044	0.139	0.964	0.001
0.045	0.138	0.964	0.001
0.048	0.146	0.964	0.001
0.051	0.161	0.963	0.001
0.054	0.177	0.962	0.001
0.052	0.183	0.962	0.001
0.047	0.174	0.961	0.001
0.043	0.155	0.960	0.001
0.043	0.138	0.960	0.001
0.045	0.133	0.959	0.001
0.046	0.137	0.958	0.001
0.043	0.141	0.957	0.001
0.037	0.137	0.954	0.001
0.031	0.129	0.952	0.001
0.029	0.123	0.949	0.001
0.029	0.120	0.947	0.001
0.029	0.113	0.945	0.001
0.027	0.101	0.943	0.001
0.025	0.086	0.940	0.001
0.022	0.072	0.937	0.000
0.024	0.060	0.934	0.000
0.030	0.048	0.930	0.000
0.039	0.040	0.926	0.000
0.049	0.042	0.921	0.000
0.055	0.056	0.914	0.000
0.058	0.074	0.907	0.000
0.058	0.081	0.899	0.000
0.059	0.072	0.890	0.000
0.061	0.056	0.881	0.000
0.062	0.049	0.874	0.000
0.059	0.053	0.867	0.000
0.052	0.058	0.862	0.000
0.046	0.057	0.857	0.000
0.041	0.051	0.853	0.000
0.040	0.049	0.850	0.000
0.042	0.052	0.848	0.000
0.044	0.054	0.845	0.000
0.045	0.048	0.843	0.000
0.045	0.034	0.840	0.000
0.047	0.023	0.838	0.000
0.048	0.020	0.836	0.000
0.049	0.024	0.834	0.000
0.048	0.027	0.833	0.000
0.048	0.027	0.831	0.000
0.051	0.028	0.830	0.000
0.058	0.033	0.829	0.000
0.067	0.042	0.829	0.000
0.075	0.049	0.828	0.000
0.080	0.053	0.829	0.000
0.083	0.053	0.830	0.000
0.083	0.052	0.831	0.000
0.080	0.051	0.832	0.000
0.076	0.048	0.832	0.000
0.074	0.044	0.831	0.000
0.076	0.039	0.830	0.000
0.077	0.035	0.830	0.000
0.074	0.033	0.830	0.000
0.068	0.033	0.829	0.000
0.064	0.033	0.828	0.000
0.064	0.036	0.827	0.000
0.071	0.044	0.826	0.000
0.081	0.055	0.825	0.000
0.090	0.064	0.823	0.000
0.098	0.067	0.823	0.000
0.105	0.063	0.822	0.000
0.111	0.057	0.821	0.000
0.119	0.057	0.821	0.000
0.131	0.064	0.822	0.000
0.144	0.070	0.824	0.000
0.152	0.066	0.826	0.000
0.154	0.053	0.827	0.000
0.148	0.038	0.829	0.000
0.143	0.031	0.830	0.000
0.144	0.030	0.832	0.000
0.152	0.031	0.834	0.000
0.157	0.030	0.837	0.000
0.149	0.027	0.839	0.000
0.132	0.026	0.841	0.000
0.116	0.026	0.842	0.000
0.108	0.024	0.843	0.000
0.105	0.019	0.845	0.000
0.100	0.013	0.847	0.000
0.093	0.010	0.850	0.000
0.088	0.013	0.854	0.000
0.090	0.018	0.858	0.000
0.094	0.024	0.862	0.000
0.094	0.030	0.865	0.000
0.090	0.034	0.868	0.000
0.084	0.036	0.871	0.000
0.085	0.036	0.874	0.000
0.092	0.035	0.876	0.000
0.097	0.035	0.878	0.000
0.096	0.038	0.880	0.000
0.093	0.044	0.883	0.000
0.094	0.050	0.887	0.000
0.098	0.055	0.891	0.000
0.101	0.056	0.893	0.000
0.097	0.058	0.895	0.000
0.086	0.061	0.897	0.000
0.076	0.066	0.899	0.000
0.072	0.071	0.900	0.000
0.075	0.072	0.902	0.000
0.078	0.071	0.903	0.000
0.080	0.069	0.904	0.000
0.083	0.069	0.903	0.000
0.088	0.070	0.903	0.000
0.092	0.070	0.902	0.000
0.092	0.071	0.903	0.000
0.091	0.071	0.904	0.000
0.091	0.072	0.905	0.000
0.099	0.073	0.906	0.000
0.106	0.073	0.907	0.000
0.107	0.069	0.908	0.000
0.105	0.062	0.909	0.000
0.106	0.057	0.909	0.000
0.113	0.055	0.910	0.000
0.121	0.056	0.910	0.000
0.125	0.057	0.910	0.000
0.120	0.057	0.910	0.000
0.114	0.054	0.911	0.000
0.113	0.052	0.911	0.000
0.122	0.054	0.911	0.000
0.130	0.062	0.912	0.000
0.134	0.073	0.914	0.000
0.131	0.077	0.916	0.000
0.124	0.070	0.918	0.000
0.118	0.056	0.921	0.000
0.119	0.047	0.925	0.000
0.123	0.048	0.928	0.000
0.130	0.057	0.931	0.000
0.134	0.068	0.933	0.000
0.139	0.074	0.935	0.000
0.146	0.075	0.936	0.000
0.157	0.075	0.937	0.000
0.162	0.072	0.937	0.000
0.159	0.067	0.937	0.000
0.148	0.059	0.937	0.000
0.136	0.052	0.938	0.000
0.128	0.050	0.938	0.000
0.128	0.053	0.938	0.000
0.132	0.055	0.938	0.000
0.132	0.052	0.938	0.000
0.126	0.046	0.939	0.000
0.114	0.042	0.939	0.000
0.107	0.042	0.939	0.000
0.108	0.045	0.939	0.000
0.111	0.049	0.939	0.000
0.114	0.050	0.939	0.000
0.120	0.048	0.939	0.000
0.132	0.045	0.939	0.000
0.158	0.044	0.938	0.000
0.184	0.045	0.938	0.000
0.195	0.049	0.939	0.000
0.184	0.058	0.940	0.000
0.165	0.068	0.941	0.000
0.157	0.074	0.942	0.000
0.158	0.075	0.943	0.000
0.159	0.070	0.943	0.000
0.148	0.062	0.944	0.000
0.136	0.056	0.945	0.000
0.125	0.053	0.946	0.000
0.117	0.055	0.947	0.000
0.106	0.059	0.947	0.000
0.090	0.061	0.948	0.000
0.076	0.057	0.948	0.000
0.072	0.050	0.949	0.000
0.075	0.045	0.949	0.000
0.077	0.045	0.949	0.000
0.073	0.048	0.949	0.000
0.065	0.052	0.949	0.000
0.057	0.050	0.950	0.000
0.052	0.045	0.950	0.000
0.050	0.040	0.951	0.000
0.050	0.037	0.952	0.000
0.055	0.036	0.953	0.000
0.061	0.037	0.954	0.000
0.063	0.037	0.955	0.000
0.059	0.035	0.956	0.000
0.053	0.033	0.957	0.000
0.063	0.032	0.957	0.000
0.086	0.033	0.957	0.000
0.112	0.038	0.957	0.000
0.125	0.050	0.957	0.000
0.114	0.065	0.956	0.000
0.090	0.078	0.956	0.000
0.072	0.082	0.956	0.000
0.068	0.079	0.956	0.000
0.071	0.077	0.957	0.000
0.076	0.078	0.957	0.000
0.075	0.081	0.957	0.000
0.070	0.082	0.958	0.000
0.064	0.080	0.958	0.000
0.062	0.078	0.957	0.000
0.062	0.076	0.957	0.000
0.064	0.076	0.956	0.000
0.067	0.076	0.956	0.000
0.071	0.077	0.955	0.000
0.071	0.082	0.953	0.000
0.067	0.090	0.951	0.000
0.063	0.095	0.948	0.000
0.060	0.093	0.945	0.000
0.058	0.084	0.943	0.000
0.057	0.075	0.941	0.000
0.056	0.073	0.939	0.000
0.055	0.077	0.938	0.000
0.057	0.086	0.936	0.000
0.061	0.094	0.936	0.000
0.064	0.100	0.935	0.000
0.065	0.103	0.935	0.000
0.063	0.101	0.935	0.000
0.062	0.095	0.935	0.000
0.063	0.085	0.934	0.000
0.063	0.076	0.934	0.000
0.064	0.070	0.934	0.000
0.064	0.065	0.934	0.000
0.062	0.061	0.934	0.000
0.059	0.058	0.935	0.000
0.055	0.057	0.935	0.000
0.052	0.059	0.936	0.000
0.055	0.059	0.937	0.000
0.068	0.056	0.938	0.000
0.104	0.052	0.939	0.000
0.140	0.050	0.940	0.000
0.151	0.052	0.940	0.000
0.127	0.056	0.941	0.000
0.102	0.056	0.941	0.000
0.110	0.050	0.941	0.000
0.134	0.042	0.940	0.000
0.133	0.037	0.941	0.000
0.096	0.039	0.941	0.000
0.057	0.042	0.942	0.000
0.047	0.043	0.943	0.000
0.066	0.041	0.943	0.000
0.084	0.042	0.944	0.000
0.080	0.048	0.945	0.000
0.067	0.055	0.945	0.000
0.066	0.058	0.945	0.000
0.078	0.054	0.944	0.000
0.087	0.049	0.943	0.000
0.082	0.048	0.942	0.000
0.071	0.053	0.941	0.000
0.070	0.059	0.940	0.000
0.082	0.062	0.938	0.000
0.102	0.061	0.936	0.000
0.117	0.058	0.934	0.000
0.132	0.056	0.932	0.000
0.144	0.054	0.930	0.000
0.149	0.052	0.929	0.000
0.145	0.051	0.928	0.000
0.138	0.052	0.927	0.000
0.139	0.055	0.927	0.000
0.147	0.065	0.926	0.000
0.155	0.084	0.926	0.000
0.153	0.107	0.924	0.000
0.146	0.122	0.922	0.000
0.137	0.118	0.920	0.000
0.140	0.101	0.918	0.000
0.144	0.087	0.916	0.000
0.141	0.092	0.914	0.001
0.133	0.112	0.911	0.001
0.131	0.134	0.909	0.001
0.141	0.147	0.906	0.001
0.157	0.151	0.903	0.001
0.173	0.154	0.901	0.001
0.185	0.165	0.899	0.001
0.197	0.186	0.896	0.001
0.213	0.211	0.893	0.001
0.228	0.230	0.890	0.001
0.239	0.236	0.886	0.001
0.247	0.234	0.883	0.001
0.263	0.232	0.879	0.001
0.292	0.241	0.875	0.001
0.324	0.261	0.871	0.001
0.337	0.287	0.866	0.001
0.332	0.311	0.862	0.001
0.329	0.338	0.858	0.001
0.351	0.370	0.855	0.001
0.381	0.407	0.852	0.001
0.391	0.438	0.850	0.001
0.372	0.451	0.849	0.001
0.346	0.443	0.849	0.001
0.339	0.422	0.849	0.001
0.360	0.399	0.849	0.001
0.405	0.380	0.850	0.001
0.440	0.365	0.851	0.001
0.450	0.355	0.851	0.001
0.440	0.359	0.852	0.001
0.427	0.384	0.852	0.001
0.422	0.429	0.853	0.001
0.422	0.475	0.854	0.001
0.422	0.499	0.855	0.001
0.427	0.496	0.856	0.001
0.433	0.481	0.858	0.001
0.436	0.481	0.860	0.001
0.433	0.507	0.862	0.001
0.425	0.544	0.864	0.001
0.419	0.572	0.867	0.001
0.419	0.583	0.870	0.001
0.427	0.582	0.874	0.001
0.440	0.587	0.878	0.001
0.451	0.603	0.881	0.001
0.457	0.625	0.885	0.001
0.457	0.644	0.889	0.001
0.455	0.662	0.892	0.001
0.453	0.682	0.896	0.001
0.452	0.707	0.898	0.001
0.454	0.733	0.901	0.001
0.458	0.758	0.903	0.001
0.457	0.783	0.905	0.001
0.452	0.808	0.907	0.001
0.448	0.829	0.909	0.001
0.445	0.838	0.911	0.001
0.441	0.832	0.913	0.001
0.436	0.813	0.915	0.001
0.437	0.786	0.917	0.001
0.444	0.761	0.919	0.001
0.450	0.747	0.922	0.001
0.451	0.749	0.924	0.001
0.446	0.758	0.926	0.001
0.441	0.766	0.929	0.001
0.442	0.766	0.932	0.001
0.447	0.756	0.934	0.001
0.451	0.748	0.937	0.001
0.448	0.756	0.939	0.001
0.435	0.785	0.943	0.001
0.416	0.822	0.946	0.001
0.397	0.841	0.949	0.001
0.384	0.831	0.952	0.001
0.377	0.805	0.955	0.001
0.367	0.782	0.957	0.001
0.354	0.773	0.958	0.001
0.342	0.774	0.960	0.001
0.342	0.774	0.962	0.001
0.351	0.767	0.963	0.001
0.357	0.758	0.965	0.001
0.359	0.748	0.966	0.001
0.353	0.742	0.967	0.001
0.346	0.738	0.968	0.001
0.348	0.735	0.969	0.001
0.352	0.731	0.970	0.001
0.351	0.730	0.971	0.001
0.346	0.738	0.972	0.001
0.330	0.757	0.973	0.001
0.311	0.780	0.974	0.001
0.303	0.792	0.975	0.001
0.308	0.786	0.975	0.001
0.317	0.767	0.976	0.001
0.316	0.745	0.976	0.001
0.300	0.725	0.977	0.001
0.280	0.713	0.978	0.001
0.270	0.710	0.978	0.001
0.273	0.722	0.979	0.001
0.277	0.748	0.979	0.001
0.275	0.773	0.980	0.001
0.266	0.777	0.980	0.001
0.255	0.759	0.980	0.001
0.245	0.729	0.981	0.001
0.240	0.701	0.981	0.001
0.235	0.676	0.981	0.001
0.231	0.646	0.981	0.001
0.236	0.607	0.981	0.001
0.242	0.574	0.981	0.001
0.239	0.564	0.981	0.001
0.227	0.583	0.981	0.001
0.220	0.616	0.981	0.001
0.221	0.637	0.981	0.001
0.228	0.629	0.981	0.001
0.232	0.599	0.981	0.001
0.229	0.563	0.980	0.001
0.225	0.535	0.979	0.001
0.227	0.518	0.977	0.001
0.233	0.514	0.976	0.001
0.236	0.514	0.976	0.001
0.234	0.507	0.976	0.001
0.231	0.493	0.976	0.001
0.228	0.485	0.975	0.001
0.224	0.503	0.975	0.001
0.218	0.548	0.975	0.001
0.212	0.594	0.975	0.001
0.207	0.617	0.975	0.001
0.204	0.615	0.974	0.001
0.201	0.606	0.974	0.001
0.199	0.604	0.974	0.001
0.197	0.612	0.974	0.001
0.193	0.620	0.974	0.001
0.186	0.622	0.974	0.001
0.180	0.621	0.974	0.001
0.173	0.615	0.973	0.001
0.169	0.605	0.973	0.001
0.165	0.588	0.972	0.001
0.162	0.565	0.972	0.001
0.160	0.547	0.971	0.001
0.159	0.538	0.971	0.001
0.158	0.534	0.971	0.001
0.156	0.531	0.971	0.001
0.151	0.527	0.970	0.001
0.148	0.524	0.970	0.001
0.147	0.521	0.969	0.001
0.151	0.516	0.969	0.001
0.161	0.507	0.968	0.001
0.166	0.497	0.968	0.001
0.157	0.488	0.967	0.001
0.135	0.481	0.967	0.001
0.111	0.478	0.967	0.001
0.101	0.478	0.966	0.001
0.111	0.482	0.966	0.001
0.131	0.492	0.965	0.001
0.145	0.501	0.965	0.001
0.141	0.502	0.964	0.001
0.125	0.488	0.964	0.001
0.112	0.463	0.964	0.001
0.108	0.440	0.964	0.001
0.110	0.430	0.964	0.001
0.114	0.437	0.964	0.001
0.112	0.451	0.963	0.001
0.107	0.454	0.963	0.001
0.102	0.435	0.962	0.001
0.100	0.398	0.962	0.001
0.101	0.360	0.961	0.001
0.103	0.341	0.960	0.001
0.106	0.344	0.960	0.001
0.112	0.361	0.959	0.001
0.120	0.377	0.958	0.001
0.130	0.389	0.958	0.001
0.138	0.403	0.957	0.001
0.145	0.424	0.957	0.001
0.148	0.443	0.956	0.001
0.147	0.447	0.955	0.001
0.141	0.430	0.955	0.001
0.135	0.404	0.954	0.001
0.134	0.389	0.953	0.001
0.141	0.393	0.952	0.001
0.149	0.412	0.952	0.001
0.154	0.429	0.952	0.001
0.152	0.434	0.951	0.001
0.150	0.429	0.951	0.001
0.152	0.424	0.950	0.001
0.157	0.426	0.950	0.001
0.160	0.436	0.949	0.001
0.160	0.445	0.949	0.001
0.159	0.447	0.949	0.001
0.158	0.440	0.949	0.001
0.160	0.429	0.949	0.001
0.164	0.423	0.949	0.001
0.167	0.426	0.948	0.001
0.171	0.437	0.948	0.001
0.173	0.447	0.948	0.001
0.172	0.453	0.948	0.001
0.172	0.456	0.948	0.001
0.174	0.462	0.948	0.001
0.180	0.475	0.949	0.001
0.182	0.494	0.949	0.001
0.178	0.514	0.950	0.001
0.174	0.531	0.950	0.001
0.174	0.541	0.949	0.001
0.178	0.550	0.949	0.001
0.178	0.561	0.949	0.001
0.171	0.574	0.949	0.001
0.159	0.579	0.949	0.001
0.151	0.562	0.950	0.001
0.149	0.521	0.951	0.001
0.146	0.472	0.952	0.001
0.140	0.437	0.953	0.001
0.131	0.426	0.954	0.001
0.124	0.426	0.955	0.001
0.119	0.419	0.956	0.001
0.113	0.392	0.956	0.001
0.106	0.356	0.957	0.001
0.098	0.326	0.958	0.001
0.094	0.306	0.961	0.001
0.095	0.292	0.964	0.001
0.097	0.277	0.965	0.001
0.097	0.259	0.966	0.001
0.095	0.246	0.965	0.001
0.095	0.244	0.965	0.001
0.099	0.253	0.966	0.001
0.108	0.271	0.966	0.001
0.114	0.291	0.966	0.001
0.117	0.306	0.965	0.001
0.117	0.308	0.964	0.001
0.116	0.302	0.964	0.001
0.119	0.296	0.964	0.001
0.124	0.302	0.964	0.001
0.128	0.321	0.964	0.001
0.127	0.346	0.963	0.001
0.130	0.364	0.963	0.001
0.138	0.370	0.963	0.001
0.143	0.368	0.962	0.001
0.138	0.364	0.962	0.001
0.129	0.366	0.961	0.001
0.123	0.372	0.962	0.001
0.130	0.376	0.961	0.001
0.139	0.368	0.961	0.001
0.140	0.348	0.961	0.001
0.127	0.326	0.960	0.001
0.108	0.309	0.960	0.001
0.096	0.299	0.960	0.001
0.095	0.293	0.960	0.001
0.095	0.284	0.960	0.001
0.089	0.273	0.959	0.001
0.077	0.261	0.959	0.001
0.070	0.250	0.960	0.001
0.070	0.241	0.960	0.001
0.074	0.235	0.959	0.001
0.076	0.233	0.959	0.001
0.074	0.230	0.958	0.001
0.070	0.220	0.957	0.001
0.069	0.196	0.957	0.001
0.068	0.165	0.957	0.001
0.063	0.144	0.957	0.001
0.056	0.142	0.957	0.001
0.052	0.152	0.956	0.001
0.052	0.160	0.956	0.001
0.054	0.154	0.955	0.001
0.055	0.140	0.954	0.001
0.053	0.129	0.953	0.001
0.052	0.131	0.951	0.001
0.053	0.143	0.949	0.001
0.055	0.153	0.947	0.001
0.055	0.152	0.944	0.001
0.053	0.143	0.940	0.001
0.052	0.133	0.937	0.001
0.054	0.129	0.933	0.001
0.059	0.128	0.929	0.001
0.062	0.127	0.925	0.001
0.062	0.123	0.920	0.001
0.062	0.120	0.914	0.001
0.063	0.120	0.909	0.001
0.065	0.123	0.904	0.001
0.068	0.127	0.898	0.001
0.069	0.128	0.892	0.001
0.069	0.129	0.886	0.001
0.068	0.127	0.880	0.001
0.071	0.126	0.874	0.001
0.095	0.129	0.868	0.001
0.135	0.141	0.864	0.001
0.152	0.160	0.860	0.001
0.131	0.176	0.858	0.001
0.090	0.178	0.856	0.001
0.073	0.168	0.854	0.001
0.087	0.156	0.854	0.001
0.108	0.156	0.854	0.001
0.108	0.170	0.854	0.001
0.088	0.186	0.854	0.001
0.073	0.188	0.853	0.001
0.079	0.190	0.853	0.001
0.097	0.224	0.853	0.001
0.103	0.303	0.852	0.001
0.095	0.387	0.851	0.001
0.085	0.413	0.849	0.001
0.086	0.361	0.847	0.001
0.094	0.281	0.845	0.001
0.097	0.233	0.844	0.001
0.092	0.236	0.844	0.001
0.087	0.256	0.843	0.001
0.088	0.257	0.843	0.001
0.096	0.238	0.841	0.001
0.100	0.221	0.840	0.001
0.095	0.218	0.838	0.001
0.082	0.217	0.837	0.001
0.072	0.203	0.836	0.001
0.070	0.186	0.835	0.001
0.071	0.180	0.834	0.001
0.070	0.188	0.832	0.001
0.068	0.195	0.830	0.001
0.067	0.185	0.828	0.001
0.068	0.161	0.827	0.001
0.068	0.142	0.826	0.001
0.064	0.139	0.825	0.001
0.059	0.144	0.825	0.001
0.055	0.144	0.824	0.001
0.055	0.136	0.823	0.001
0.057	0.130	0.822	0.001
0.059	0.133	0.819	0.001
0.060	0.140	0.816	0.001
0.064	0.144	0.812	0.001
0.079	0.143	0.807	0.001
0.095	0.144	0.803	0.001
0.120	0.153	0.798	0.001
0.136	0.166	0.794	0.001
0.138	0.175	0.790	0.001
0.126	0.178	0.786	0.001
0.113	0.173	0.783	0.001
0.104	0.166	0.781	0.001
0.100	0.158	0.779	0.001
0.096	0.151	0.777	0.001
0.091	0.146	0.776	0.001
0.086	0.147	0.775	0.001
0.088	0.153	0.775	0.001
0.094	0.163	0.776	0.001
0.097	0.173	0.779	0.001
0.091	0.182	0.781	0.001
0.082	0.192	0.784	0.001
0.079	0.203	0.787	0.001
0.084	0.212	0.791	0.001
0.090	0.215	0.795	0.001
0.092	0.210	0.800	0.001
0.089	0.200	0.805	0.001
0.089	0.192	0.811	0.001
0.093	0.191	0.817	0.001
0.099	0.198	0.822	0.001
0.103	0.206	0.828	0.001
0.102	0.209	0.832	0.001
0.101	0.203	0.836	0.001
0.102	0.191	0.840	0.001
0.104	0.180	0.844	0.001
0.100	0.170	0.847	0.001
0.092	0.160	0.851	0.001
0.081	0.145	0.855	0.001
0.070	0.123	0.858	0.001
0.062	0.097	0.861	0.001
0.061	0.075	0.864	0.001
0.084	0.063	0.866	0.000
0.190	0.057	0.867	0.000
0.595	0.053	0.862	0.000
1.723	0.044	0.842	0.000
4.366	0.031	0.805	0.000
9.560	0.022	0.755	0.000
18.194	0.036	0.698	0.000
30.369	0.147	0.635	0.001
46.280	0.510	0.564	0.001
66.276	1.337	0.485	0.001
91.257	2.899	0.404	0.002
120.629	5.897	0.328	0.003
151.066	12.173	0.262	0.004
178.811	24.954	0.199	0.006
196.826	47.532	0.145	0.008
202.356	80.414	0.122	0.010
200.396	119.750	0.155	0.012
196.994	158.839	0.243	0.014
208.912	191.574	0.355	0.016
230.523	214.919	0.456	0.018
252.639	227.434	0.530	0.020
269.374	227.267	0.583	0.021
281.799	212.879	0.627	0.021
288.320	187.520	0.666	0.021
283.715	160.122	0.690	0.021
261.933	140.702	0.696	0.021
225.690	132.901	0.690	0.020
188.285	133.084	0.680	0.019
161.361	135.393	0.669	0.019
144.895	137.733	0.653	0.018
129.179	140.405	0.632	0.018
107.665	142.586	0.611	0.018
83.549	141.311	0.594	0.018
64.576	135.080	0.584	0.017
53.108	126.239	0.576	0.017
44.789	118.033	0.567	0.017
34.969	110.086	0.558	0.016
24.493	98.055	0.551	0.016
18.014	79.367	0.547	0.015
17.932	57.412	0.545	0.014
21.846	38.802	0.544	0.013
25.647	26.954	0.542	0.012
29.689	19.689	0.541	0.010
39.394	12.846	0.542	0.009
61.403	5.308	0.544	0.007
93.783	-0.007	0.547	0.006
122.091	0.448	0.549	0.004
128.252	6.854	0.551	0.003
107.416	15.116	0.553	0.003
70.494	19.385	0.554	0.003
37.322	16.451	0.555	0.004
20.269	8.552	0.557	0.004
17.144	1.278	0.559	0.004
17.877	-1.287	0.563	0.004
15.819	1.211	0.567	0.004
11.846	6.510	0.570	0.004
9.472	11.890	0.573	0.004
9.387	15.570	0.576	0.004
9.241	17.017	0.578	0.005
7.314	16.756	0.580	0.005
4.647	15.896	0.582	0.006
3.224	15.509	0.582	0.006
3.372	15.967	0.583	0.006
3.718	16.555	0.584	0.006
3.076	16.014	0.585	0.006
1.781	13.704	0.586	0.006
0.919	10.246	0.588	0.006
0.887	6.994	0.589	0.005
1.103	4.895	0.591	0.005
0.945	3.925	0.593	0.004
0.485	3.452	0.594	0.004
0.206	2.957	0.596	0.003
0.300	2.358	0.597	0.003
0.473	1.806	0.599	0.003
0.404	1.385	0.600	0.002
0.142	1.052	0.601	0.002
-0.028	0.768	0.602	0.002
0.027	0.566	0.603	0.002
0.159	0.471	0.604	0.002
0.171	0.429	0.604	0.001
0.062	0.362	0.605	0.001
-0.021	0.262	0.606	0.001
0.009	0.197	0.608	0.001
0.084	0.210	0.609	0.001
0.099	0.261	0.610	0.001
0.046	0.273	0.611	0.001
0.002	0.229	0.612	0.001
0.020	0.188	0.614	0.001
0.068	0.205	0.615	0.001
0.084	0.266	0.616	0.001
0.057	0.306	0.617	0.001
0.027	0.288	0.618	0.001
0.030	0.240	0.620	0.001
0.052	0.214	0.621	0.001
0.059	0.218	0.622	0.001
0.043	0.220	0.623	0.001
0.024	0.194	0.624	0.001
0.022	0.149	0.625	0.001
0.032	0.120	0.626	0.001
0.037	0.118	0.626	0.001
0.029	0.128	0.627	0.001
0.020	0.128	0.627	0.001
0.019	0.118	0.628	0.001
0.023	0.114	0.629	0.001
0.027	0.121	0.630	0.001
0.026	0.128	0.632	0.001
0.026	0.120	0.632	0.001
0.029	0.098	0.632	0.001
0.035	0.082	0.632	0.001
0.037	0.084	0.632	0.001
0.035	0.101	0.632	0.001
0.033	0.119	0.634	0.001
0.034	0.128	0.636	0.001
0.036	0.130	0.640	0.001
0.039	0.135	0.645	0.001
0.040	0.148	0.651	0.001
0.040	0.164	0.660	0.001
0.041	0.174	0.673	0.001
0.042	0.175	0.688	0.001
0.044	0.169	0.708	0.001
0.043	0.162	0.729	0.001
0.041	0.158	0.751	0.001
0.038	0.156	0.772	0.001
0.037	0.154	0.790	0.001
0.037	0.154	0.802	0.001
0.038	0.162	0.807	0.001
0.038	0.173	0.804	0.001
0.038	0.179	0.793	0.001
0.037	0.178	0.778	0.001
0.037	0.173	0.762	0.001
0.037	0.173	0.750	0.001
0.037	0.180	0.746	0.001
0.038	0.185	0.748	0.001
0.038	0.179	0.757	0.001
0.038	0.162	0.771	0.001
0.038	0.145	0.789	0.001
0.038	0.145	0.810	0.001
0.036	0.163	0.833	0.001
0.035	0.183	0.856	0.001
0.035	0.186	0.877	0.001
0.036	0.174	0.894	0.001
0.037	0.161	0.909	0.001
0.038	0.165	0.919	0.001
0.038	0.182	0.927	0.001
0.039	0.191	0.931	0.001
0.041	0.186	0.932	0.001
0.042	0.179	0.931	0.001
0.042	0.186	0.930	0.001
0.040	0.203	0.932	0.001
0.039	0.212	0.939	0.001
0.037	0.201	0.948	0.001
0.038	0.184	0.957	0.001
0.038	0.177	0.960	0.001
0.038	0.179	0.960	0.001
0.038	0.178	0.961	0.001
0.036	0.165	0.963	0.001
0.035	0.148	0.968	0.001
0.036	0.138	0.971	0.001
0.037	0.138	0.972	0.001
0.039	0.142	0.969	0.001
0.040	0.146	0.967	0.001
0.040	0.148	0.966	0.001
0.039	0.152	0.966	0.001
0.039	0.157	0.965	0.001
0.039	0.163	0.962	0.001
0.040	0.171	0.960	0.001
0.042	0.178	0.958	0.001
0.044	0.179	0.957	0.001
0.045	0.173	0.955	0.001
0.044	0.164	0.953	0.001
0.043	0.162	0.951	0.001
0.041	0.167	0.950	0.001
0.039	0.166	0.949	0.001
0.037	0.150	0.948	0.001
0.034	0.125	0.947	0.001
0.030	0.108	0.946	0.001
0.027	0.108	0.946	0.001
0.024	0.113	0.946	0.001
0.023	0.110	0.946	0.001
0.023	0.100	0.946	0.001
0.023	0.095	0.946	0.001
0.023	0.104	0.946	0.001
0.022	0.118	0.945	0.001
0.023	0.119	0.945	0.001
0.024	0.102	0.945	0.000
0.024	0.082	0.946	0.000
0.024	0.078	0.945	0.000
0.022	0.090	0.945	0.000
0.022	0.102	0.944	0.000
0.023	0.097	0.943	0.000
0.024	0.079	0.942	0.000
0.023	0.064	0.942	0.000
0.022	0.064	0.941	0.000
0.021	0.074	0.941	0.000
0.022	0.081	0.940	0.000
0.022	0.076	0.940	0.000
0.022	0.065	0.940	0.000
0.022	0.056	0.939	0.000
0.022	0.054	0.939	0.000
0.021	0.057	0.939	0.000
0.021	0.061	0.939	0.000
0.021	0.065	0.940	0.000
0.022	0.068	0.940	0.000
0.023	0.071	0.940	0.000
0.022	0.071	0.940	0.000
0.021	0.069	0.940	0.000
0.020	0.068	0.940	0.000
0.019	0.068	0.940	0.000
0.017	0.067	0.940	0.000
0.015	0.068	0.940	0.000
0.015	0.074	0.939	0.000
0.016	0.084	0.939	0.000
0.019	0.093	0.939	0.000
0.022	0.093	0.939	0.000
0.023	0.083	0.939	0.000
0.023	0.069	0.939	0.000
0.023	0.062	0.940	0.000
0.023	0.066	0.942	0.000
0.023	0.075	0.944	0.000
0.022	0.079	0.945	0.000
0.022	0.074	0.947	0.000
0.022	0.066	0.948	0.000
0.021	0.062	0.950	0.000
0.019	0.063	0.952	0.000
0.017	0.067	0.954	0.000
0.015	0.067	0.954	0.000
0.014	0.063	0.954	0.000
0.014	0.058	0.953	0.000
0.016	0.055	0.952	0.000
0.018	0.053	0.951	0.000
0.020	0.052	0.949	0.000
0.021	0.049	0.948	0.000
0.021	0.047	0.948	0.000
0.021	0.046	0.947	0.000
0.021	0.045	0.946	0.000
0.022	0.044	0.944	0.000
0.025	0.044	0.943	0.000
0.027	0.045	0.942	0.000
0.027	0.048	0.941	0.000
0.028	0.049	0.941	0.000
0.029	0.048	0.940	0.000
0.030	0.045	0.939	0.000
0.030	0.042	0.938	0.000
0.031	0.042	0.937	0.000
0.037	0.044	0.935	0.000
0.046	0.047	0.932	0.000
0.050	0.049	0.927	0.000
0.047	0.050	0.921	0.000
0.041	0.049	0.914	0.000
0.040	0.051	0.905	0.000
0.046	0.052	0.895	0.000
0.050	0.051	0.887	0.000
0.046	0.046	0.880	0.000
0.036	0.042	0.876	0.000
0.028	0.044	0.872	0.000
0.027	0.051	0.868	0.000
0.030	0.055	0.864	0.000
0.031	0.052	0.860	0.000
0.030	0.044	0.856	0.000
0.027	0.038	0.853	0.000
0.027	0.037	0.849	0.000
0.029	0.041	0.845	0.000
0.030	0.044	0.841	0.000
0.030	0.044	0.838	0.000
0.031	0.044	0.835	0.000
0.033	0.045	0.831	0.000
0.034	0.050	0.827	0.000
0.034	0.056	0.822	0.000
0.031	0.060	0.818	0.000
0.029	0.062	0.815	0.000
0.029	0.061	0.812	0.000
0.031	0.060	0.811	0.000
0.033	0.060	0.810	0.000
0.033	0.062	0.809	0.000
0.034	0.062	0.810	0.000
0.034	0.058	0.811	0.000
0.032	0.047	0.812	0.000
0.028	0.035	0.813	0.000
0.022	0.026	0.813	0.000
0.018	0.023	0.812	0.000
0.018	0.025	0.811	0.000
0.020	0.027	0.810	0.000
0.021	0.027	0.808	0.000
0.020	0.025	0.806	0.000
0.019	0.023	0.804	0.000
0.019	0.022	0.801	0.000
0.023	0.019	0.799	0.000
0.029	0.015	0.797	0.000
0.031	0.012	0.795	0.000
0.030	0.010	0.793	0.000
0.027	0.010	0.791	0.000
0.026	0.012	0.789	0.000
0.029	0.014	0.786	0.000
0.033	0.016	0.782	0.000
0.032	0.020	0.779	0.000
0.029	0.023	0.778	0.000
0.025	0.025	0.779	0.000
0.023	0.023	0.781	0.000
0.027	0.019	0.784	0.000
0.029	0.015	0.786	0.000
0.028	0.011	0.788	0.000
0.024	0.010	0.790	0.000
0.020	0.010	0.792	0.000
0.018	0.010	0.793	0.000
0.019	0.009	0.795	0.000
0.020	0.007	0.797	0.000
0.020	0.006	0.799	0.000
0.020	0.004	0.800	0.000
0.021	0.004	0.799	0.000
0.025	0.003	0.796	0.000
0.028	0.003	0.791	0.000
0.029	0.003	0.784	0.000
0.028	0.002	0.777	0.000
0.027	0.002	0.770	0.000
0.027	0.002	0.761	0.000
0.028	0.004	0.752	0.000
0.031	0.006	0.742	0.000
0.034	0.010	0.735	0.000
0.036	0.013	0.732	0.000
0.037	0.014	0.731	0.000
0.040	0.015	0.732	0.000
0.043	0.015	0.734	0.000
0.046	0.017	0.736	0.000
0.046	0.019	0.738	0.000
0.046	0.021	0.742	0.000
0.046	0.022	0.746	0.000
0.048	0.026	0.749	0.000
0.051	0.032	0.753	0.000
0.052	0.038	0.757	0.000
0.052	0.042	0.761	0.000
0.050	0.043	0.764	0.000
0.050	0.043	0.766	0.000
0.051	0.048	0.766	0.000
0.051	0.057	0.766	0.000
0.053	0.066	0.765	0.000
0.056	0.073	0.764	0.000
0.059	0.076	0.764	0.000
0.061	0.079	0.765	0.000
0.061	0.084	0.766	0.000
0.061	0.090	0.767	0.000
0.062	0.092	0.769	0.000
0.065	0.088	0.772	0.000
0.068	0.081	0.776	0.000
0.069	0.078	0.781	0.000
0.068	0.083	0.789	0.000
0.067	0.089	0.798	0.000
0.066	0.088	0.806	0.000
0.064	0.078	0.811	0.000
0.062	0.067	0.816	0.000
0.058	0.063	0.823	0.000
0.053	0.069	0.832	0.000
0.050	0.079	0.841	0.000
0.051	0.085	0.846	0.000
0.055	0.085	0.847	0.000
0.059	0.082	0.847	0.000
0.061	0.083	0.849	0.000
0.060	0.089	0.853	0.000
0.058	0.096	0.856	0.000
0.058	0.101	0.858	0.000
0.061	0.102	0.857	0.000
0.064	0.099	0.857	0.000
0.064	0.097	0.859	0.000
0.064	0.100	0.861	0.000
0.065	0.107	0.864	0.000
0.066	0.111	0.866	0.000
0.067	0.104	0.868	0.000
0.066	0.087	0.870	0.000
0.068	0.072	0.872	0.000
0.069	0.067	0.871	0.000
0.069	0.070	0.870	0.000
0.065	0.072	0.870	0.000
0.057	0.069	0.873	0.000
0.053	0.064	0.878	0.000
0.057	0.062	0.884	0.000
0.066	0.063	0.888	0.000
0.069	0.062	0.891	0.000
0.064	0.057	0.894	0.000
0.057	0.055	0.899	0.000
0.054	0.059	0.904	0.000
0.056	0.068	0.907	0.000
0.058	0.074	0.908	0.000
0.057	0.073	0.908	0.000
0.054	0.067	0.909	0.000
0.052	0.066	0.911	0.000
0.053	0.073	0.912	0.000
0.055	0.081	0.912	0.000
0.055	0.082	0.912	0.000
0.056	0.074	0.912	0.000
0.057	0.067	0.913	0.000
0.057	0.071	0.914	0.000
0.056	0.085	0.914	0.000
0.054	0.097	0.913	0.000
0.053	0.096	0.913	0.000
0.056	0.085	0.913	0.000
0.059	0.077	0.914	0.000
0.059	0.085	0.915	0.000
0.057	0.103	0.916	0.000
0.055	0.116	0.917	0.000
0.054	0.113	0.919	0.000
0.060	0.101	0.920	0.000
0.070	0.097	0.921	0.000
0.077	0.107	0.922	0.001
0.077	0.120	0.923	0.001
0.072	0.122	0.924	0.001
0.068	0.112	0.925	0.001
0.069	0.103	0.926	0.001
0.077	0.104	0.926	0.001
0.089	0.112	0.927	0.001
0.100	0.117	0.927	0.001
0.104	0.116	0.928	0.001
0.101	0.116	0.928	0.001
0.093	0.120	0.929	0.001
0.091	0.125	0.929	0.001
0.091	0.125	0.929	0.001
0.094	0.119	0.929	0.001
0.096	0.117	0.930	0.001
0.095	0.125	0.930	0.001
0.090	0.139	0.931	0.001
0.084	0.146	0.931	0.001
0.080	0.143	0.931	0.001
0.080	0.138	0.931	0.001
0.099	0.140	0.931	0.001
0.121	0.149	0.930	0.001
0.130	0.155	0.929	0.001
0.122	0.158	0.927	0.001
0.109	0.160	0.926	0.001
0.107	0.164	0.924	0.001
0.116	0.168	0.923	0.001
0.126	0.168	0.923	0.001
0.125	0.169	0.923	0.001
0.119	0.181	0.923	0.001
0.116	0.202	0.922	0.001
0.122	0.225	0.922	0.001
0.140	0.240	0.922	0.001
0.155	0.246	0.921	0.001
0.159	0.249	0.921	0.001
0.155	0.254	0.921	0.001
0.149	0.263	0.921	0.001
0.153	0.276	0.920	0.001
0.160	0.291	0.920	0.001
0.163	0.299	0.920	0.001
0.156	0.297	0.920	0.001
0.151	0.287	0.920	0.001
0.153	0.276	0.920	0.001
0.164	0.274	0.920	0.001
0.177	0.281	0.920	0.001
0.181	0.288	0.921	0.001
0.178	0.292	0.922	0.001
0.173	0.296	0.922	0.001
0.170	0.306	0.923	0.001
0.171	0.319	0.924	0.001
0.173	0.330	0.926	0.001
0.175	0.338	0.927	0.001
0.171	0.347	0.928	0.001
0.165	0.359	0.930	0.001
0.158	0.369	0.932	0.001
0.158	0.370	0.934	0.001
0.160	0.363	0.937	0.001
0.158	0.354	0.939	0.001
0.154	0.350	0.942	0.001
0.149	0.353	0.945	0.001
0.150	0.355	0.947	0.001
0.155	0.351	0.948	0.001
0.158	0.342	0.948	0.001
0.156	0.335	0.948	0.001
0.149	0.338	0.948	0.001
0.143	0.344	0.949	0.001
0.143	0.348	0.949	0.001
0.147	0.345	0.951	0.001
0.151	0.339	0.953	0.001
0.150	0.330	0.956	0.001
0.147	0.319	0.958	0.001
0.144	0.306	0.959	0.001
0.147	0.299	0.960	0.001
0.153	0.304	0.964	0.001
0.154	0.320	0.968	0.001
0.151	0.336	0.971	0.001
0.147	0.344	0.972	0.001
0.144	0.342	0.972	0.001
0.143	0.340	0.973	0.001
0.142	0.344	0.974	0.001
0.139	0.352	0.975	0.001
0.137	0.349	0.976	0.001
0.136	0.328	0.976	0.001
0.137	0.295	0.976	0.001
0.137	0.265	0.976	0.001
0.132	0.249	0.976	0.001
0.125	0.247	0.976	0.001
0.120	0.248	0.976	0.001
0.118	0.246	0.976	0.001
0.115	0.238	0.976	0.001
0.108	0.230	0.977	0.001
0.102	0.227	0.977	0.001
0.103	0.228	0.977	0.001
0.109	0.226	0.977	0.001
0.113	0.213	0.977	0.001
0.113	0.198	0.977	0.001
0.111	0.193	0.977	0.001
0.113	0.200	0.976	0.001
0.122	0.212	0.976	0.001
0.130	0.215	0.976	0.001
0.133	0.212	0.977	0.001
0.131	0.214	0.977	0.001
0.131	0.227	0.977	0.001
0.133	0.244	0.977	0.001
0.137	0.253	0.977	0.001
0.139	0.250	0.977	0.001
0.135	0.237	0.978	0.001
0.121	0.225	0.978	0.001
0.107	0.217	0.978	0.001
0.104	0.212	0.978	0.001
0.112	0.213	0.978	0.001
0.120	0.222	0.978	0.001
0.120	0.238	0.978	0.001
0.109	0.251	0.979	0.001
0.095	0.249	0.979	0.001
0.086	0.230	0.979	0.001
0.082	0.204	0.979	0.001
0.081	0.185	0.979	0.001
0.079	0.174	0.979	0.001
0.077	0.164	0.979	0.001
0.075	0.145	0.979	0.001
0.075	0.119	0.979	0.001
0.075	0.100	0.979	0.001
0.073	0.098	0.979	0.001
0.070	0.110	0.979	0.001
0.069	0.123	0.980	0.001
0.070	0.129	0.980	0.001
0.071	0.129	0.980	0.001
0.072	0.132	0.980	0.001
0.074	0.136	0.980	0.001
0.076	0.138	0.980	0.001
0.079	0.136	0.979	0.001
0.082	0.132	0.979	0.001
0.082	0.132	0.979	0.001
0.081	0.138	0.979	0.001
0.080	0.147	0.979	0.001
0.079	0.156	0.979	0.001
0.079	0.159	0.978	0.001
0.077	0.155	0.978	0.001
0.074	0.148	0.978	0.001
0.073	0.147	0.978	0.001
0.075	0.155	0.977	0.001
0.078	0.160	0.977	0.001
0.078	0.151	0.977	0.001
0.076	0.130	0.977	0.001
0.072	0.116	0.977	0.001
0.070	0.125	0.976	0.001
0.073	0.150	0.976	0.001
0.076	0.173	0.976	0.001
0.076	0.179	0.976	0.001
0.072	0.173	0.976	0.001
0.070	0.165	0.976	0.001
0.076	0.162	0.976	0.001
0.086	0.167	0.976	0.001
0.096	0.178	0.976	0.001
0.101	0.194	0.975	0.001
0.104	0.209	0.974	0.001
0.106	0.214	0.973	0.001
0.106	0.208	0.972	0.001
0.102	0.200	0.971	0.001
0.093	0.202	0.970	0.001
0.084	0.215	0.969	0.001
0.080	0.227	0.968	0.001
0.082	0.218	0.966	0.001
0.083	0.188	0.965	0.001
0.080	0.163	0.963	0.001
0.071	0.166	0.962	0.001
0.063	0.189	0.961	0.001
0.058	0.204	0.959	0.001
0.056	0.188	0.958	0.001
0.056	0.151	0.957	0.001
0.055	0.119	0.956	0.001
0.052	0.106	0.955	0.001
0.049	0.104	0.954	0.001
0.046	0.099	0.953	0.001
0.045	0.086	0.951	0.001
0.044	0.076	0.949	0.000
0.043	0.072	0.947	0.000
0.040	0.074	0.944	0.000
0.037	0.084	0.941	0.000
0.035	0.109	0.938	0.000
0.033	0.123	0.936	0.000
0.032	0.108	0.933	0.000
0.031	0.079	0.930	0.000
0.029	0.051	0.927	0.000
0.029	0.040	0.924	0.000
0.030	0.042	0.919	0.000
0.031	0.043	0.915	0.000
0.032	0.038	0.910	0.000
0.035	0.034	0.904	0.000
0.039	0.042	0.898	0.000
0.045	0.052	0.891	0.000
0.047	0.056	0.884	0.000
0.045	0.051	0.876	0.000
0.042	0.047	0.868	0.000
0.041	0.048	0.860	0.000
0.043	0.050	0.852	0.000
0.044	0.050	0.844	0.000
0.045	0.052	0.837	0.000
0.044	0.060	0.829	0.000
0.043	0.071	0.822	0.000
0.041	0.080	0.816	0.000
0.039	0.078	0.809	0.000
0.038	0.070	0.803	0.000
0.038	0.063	0.797	0.000
0.038	0.064	0.791	0.000
0.039	0.071	0.785	0.000
0.039	0.075	0.780	0.000
0.040	0.070	0.774	0.000
0.039	0.061	0.769	0.000
0.038	0.053	0.764	0.000
0.035	0.050	0.759	0.000
0.033	0.052	0.755	0.000
0.034	0.055	0.752	0.000
0.037	0.056	0.749	0.000
0.037	0.055	0.746	0.000
0.035	0.050	0.742	0.000
0.034	0.042	0.738	0.000
0.037	0.035	0.733	0.000
0.039	0.034	0.729	0.000
0.040	0.042	0.726	0.000
0.039	0.056	0.722	0.000
0.037	0.068	0.718	0.000
0.038	0.072	0.713	0.000
0.040	0.069	0.709	0.000
0.043	0.064	0.704	0.000
0.045	0.064	0.700	0.000
0.044	0.074	0.694	0.000
0.044	0.090	0.687	0.000
0.043	0.103	0.679	0.000
0.042	0.106	0.670	0.000
0.039	0.098	0.663	0.000
0.036	0.086	0.657	0.000
0.033	0.075	0.652	0.000
0.031	0.067	0.649	0.000
0.029	0.061	0.646	0.000
0.026	0.056	0.645	0.000
0.025	0.058	0.644	0.000
0.028	0.066	0.644	0.000
0.032	0.072	0.642	0.000
0.034	0.069	0.640	0.000
0.035	0.059	0.637	0.000
0.037	0.052	0.634	0.000
0.041	0.056	0.632	0.000
0.046	0.069	0.631	0.000
0.049	0.077	0.630	0.000
0.050	0.076	0.630	0.000
0.053	0.071	0.631	0.000
0.057	0.076	0.634	0.000
0.061	0.096	0.639	0.000
0.061	0.126	0.646	0.000
0.057	0.152	0.653	0.001
0.054	0.169	0.660	0.001
0.054	0.178	0.666	0.001
0.056	0.183	0.672	0.001
0.057	0.183	0.679	0.001
0.055	0.179	0.686	0.001
0.053	0.172	0.694	0.001
0.050	0.168	0.702	0.001
0.051	0.171	0.710	0.001
0.052	0.174	0.717	0.001
0.050	0.168	0.724	0.001
0.046	0.155	0.729	0.001
0.047	0.140	0.735	0.001
0.053	0.130	0.741	0.001
0.060	0.121	0.748	0.001
0.058	0.110	0.755	0.001
0.047	0.098	0.762	0.001
0.036	0.090	0.769	0.001
0.031	0.085	0.776	0.000
0.033	0.079	0.781	0.000
0.034	0.073	0.787	0.000
0.031	0.073	0.792	0.000
0.027	0.080	0.798	0.000
0.025	0.089	0.803	0.000
0.028	0.088	0.807	0.000
0.031	0.071	0.811	0.000
0.033	0.050	0.813	0.000
0.038	0.042	0.816	0.000
0.043	0.053	0.819	0.000
0.046	0.077	0.822	0.000
0.045	0.096	0.824	0.000
0.042	0.098	0.825	0.000
0.040	0.085	0.825	0.000
0.042	0.073	0.824	0.000
0.043	0.082	0.823	0.000
0.044	0.124	0.822	0.000
0.044	0.180	0.821	0.001
0.044	0.212	0.819	0.001
0.043	0.197	0.816	0.001
0.042	0.156	0.814	0.001
0.040	0.131	0.813	0.001
0.040	0.141	0.813	0.001
0.043	0.166	0.812	0.001
0.046	0.168	0.812	0.001
0.048	0.145	0.812	0.001
0.050	0.123	0.811	0.001
0.054	0.128	0.811	0.001
0.061	0.154	0.810	0.001
0.069	0.173	0.810	0.001
0.073	0.169	0.808	0.001
0.073	0.158	0.807	0.001
0.070	0.156	0.806	0.001
0.068	0.167	0.805	0.001
0.067	0.177	0.804	0.001
0.070	0.169	0.802	0.001
0.076	0.151	0.800	0.001
0.079	0.141	0.799	0.001
0.080	0.149	0.798	0.001
0.077	0.168	0.799	0.001
0.075	0.185	0.800	0.001
0.078	0.192	0.802	0.001
0.081	0.194	0.803	0.001
0.080	0.197	0.804	0.001
0.074	0.201	0.804	0.001
0.068	0.206	0.804	0.001
0.065	0.208	0.803	0.001
0.067	0.202	0.802	0.001
0.070	0.190	0.801	0.001
0.071	0.178	0.800	0.001
0.068	0.169	0.799	0.001
0.065	0.167	0.798	0.001
0.064	0.167	0.797	0.001
0.067	0.164	0.795	0.001
0.071	0.158	0.794	0.001
0.074	0.156	0.792	0.001
0.074	0.164	0.790	0.001
0.073	0.175	0.788	0.001
0.072	0.175	0.786	0.001
0.070	0.156	0.784	0.001
0.067	0.129	0.783	0.001
0.064	0.115	0.783	0.001
0.063	0.124	0.783	0.001
0.065	0.147	0.783	0.001
0.067	0.166	0.783	0.001
0.068	0.174	0.783	0.001
0.067	0.179	0.782	0.001
0.063	0.191	0.780	0.001
0.060	0.208	0.779	0.001
0.059	0.212	0.777	0.001
0.059	0.189	0.776	0.001
0.056	0.145	0.775	0.001
0.050	0.105	0.776	0.001
0.046	0.090	0.778	0.001
0.044	0.100	0.780	0.001
0.043	0.118	0.783	0.001
0.040	0.122	0.785	0.001
0.037	0.105	0.788	0.000
0.035	0.078	0.791	0.000
0.036	0.058	0.795	0.000
0.037	0.048	0.800	0.000
0.037	0.045	0.805	0.000
0.036	0.044	0.809	0.000
0.037	0.044	0.812	0.000
0.041	0.045	0.816	0.000
0.044	0.048	0.820	0.000
0.043	0.048	0.824	0.000
0.044	0.044	0.829	0.000
0.045	0.038	0.833	0.000
0.045	0.034	0.837	0.000
0.040	0.034	0.842	0.000
0.034	0.035	0.846	0.000
0.033	0.036	0.851	0.000
0.038	0.038	0.856	0.000
0.044	0.038	0.862	0.000
0.048	0.038	0.867	0.000
0.048	0.037	0.872	0.000
0.045	0.037	0.877	0.000
0.042	0.039	0.881	0.000
0.041	0.046	0.886	0.000
0.041	0.056	0.890	0.000
0.040	0.066	0.895	0.000
0.039	0.072	0.898	0.000
0.039	0.073	0.902	0.000
0.039	0.070	0.906	0.000
0.040	0.067	0.912	0.000
0.040	0.066	0.919	0.000
0.041	0.067	0.925	0.000
0.043	0.067	0.930	0.000
0.045	0.067	0.934	0.000
0.047	0.068	0.937	0.000
0.049	0.071	0.939	0.000
0.049	0.075	0.941	0.000
0.047	0.077	0.943	0.000
0.043	0.074	0.944	0.000
0.041	0.069	0.946	0.000
0.039	0.066	0.946	0.000
0.037	0.066	0.947	0.000
0.036	0.065	0.947	0.000
0.035	0.060	0.948	0.000
0.036	0.056	0.949	0.000
0.036	0.060	0.950	0.000
0.035	0.077	0.951	0.000
0.034	0.096	0.951	0.000
0.034	0.102	0.952	0.000
0.033	0.092	0.953	0.000
0.032	0.077	0.953	0.000
0.031	0.073	0.953	0.000
0.030	0.083	0.952	0.000
0.031	0.095	0.951	0.000
0.034	0.097	0.950	0.000
0.039	0.093	0.949	0.000
0.046	0.091	0.947	0.000
0.053	0.096	0.945	0.000
0.059	0.100	0.943	0.000
0.065	0.098	0.941	0.000
0.068	0.093	0.939	0.000
0.068	0.095	0.937	0.000
0.067	0.101	0.935	0.000
0.070	0.103	0.934	0.000
0.076	0.092	0.933	0.000
0.078	0.080	0.933	0.000
0.077	0.082	0.932	0.000
0.073	0.096	0.932	0.000
0.071	0.110	0.933	0.000
0.073	0.111	0.933	0.000
0.073	0.102	0.934	0.000
0.070	0.093	0.933	0.000
0.067	0.092	0.933	0.000
0.068	0.096	0.933	0.000
0.073	0.095	0.933	0.000
0.080	0.089	0.933	0.000
0.082	0.083	0.933	0.000
0.080	0.079	0.933	0.000
0.077	0.075	0.932	0.000
0.073	0.070	0.932	0.000
0.068	0.068	0.932	0.000
0.062	0.071	0.933	0.000
0.056	0.075	0.933	0.000
0.052	0.077	0.933	0.000
0.051	0.074	0.934	0.000
0.052	0.069	0.934	0.000
0.053	0.067	0.934	0.000
0.052	0.069	0.935	0.000
0.050	0.069	0.935	0.000
0.048	0.064	0.937	0.000
0.047	0.056	0.938	0.000
0.049	0.050	0.940	0.000
0.051	0.050	0.942	0.000
0.052	0.053	0.944	0.000
0.049	0.054	0.946	0.000
0.047	0.050	0.948	0.000
0.046	0.045	0.949	0.000
0.046	0.044	0.949	0.000
0.046	0.047	0.949	0.000
0.044	0.049	0.948	0.000
0.039	0.045	0.947	0.000
0.035	0.039	0.947	0.000
0.030	0.032	0.947	0.000
0.029	0.029	0.946	0.000
0.029	0.027	0.945	0.000
0.032	0.027	0.943	0.000
0.032	0.028	0.942	0.000
0.031	0.030	0.939	0.000
0.029	0.032	0.937	0.000
0.029	0.031	0.934	0.000
0.031	0.027	0.932	0.000
0.033	0.022	0.929	0.000
0.032	0.021	0.925	0.000
0.034	0.022	0.919	0.000
0.046	0.023	0.912	0.000
0.079	0.023	0.905	0.000
0.146	0.027	0.900	0.000
0.287	0.037	0.895	0.000
0.633	0.048	0.891	0.000
1.467	0.047	0.883	0.000
3.603	0.053	0.857	0.000
8.387	0.180	0.789	0.001
17.466	0.897	0.667	0.001
32.916	3.353	0.524	0.002
53.902	8.976	0.431	0.003
74.541	18.208	0.440	0.004
87.250	29.622	0.533	0.005
88.934	40.198	0.642	0.007
83.290	47.398	0.710	0.008
77.188	50.967	0.734	0.009
73.293	53.883	0.747	0.010
69.260	61.133	0.774	0.011
62.243	75.792	0.806	0.012
52.681	95.093	0.825	0.013
43.828	111.100	0.827	0.014
38.063	116.489	0.828	0.014
34.659	110.541	0.838	0.015
31.541	99.063	0.853	0.015
27.771	88.770	0.863	0.015
23.876	82.134	0.864	0.015
20.496	77.262	0.863	0.015
17.430	71.564	0.867	0.014
14.508	64.644	0.875	0.014
12.106	57.761	0.880	0.013
10.485	51.518	0.880	0.012
9.391	45.133	0.880	0.012
8.207	37.866	0.882	0.011
6.704	30.348	0.886	0.010
5.236	24.087	0.890	0.010
4.248	19.814	0.890	0.009
3.763	16.867	0.890	0.008
3.392	14.186	0.891	0.007
2.900	11.503	0.893	0.007
2.415	9.370	0.896	0.006
2.165	8.181	0.897	0.006
2.127	7.569	0.897	0.005
2.088	6.848	0.898	0.005
1.866	5.781	0.900	0.004
1.518	4.717	0.902	0.004
1.205	4.050	0.904	0.004
1.038	3.757	0.905	0.004
0.969	3.519	0.906	0.003
0.904	3.150	0.908	0.003
0.809	2.743	0.910	0.003
0.722	2.457	0.911	0.003
0.658	2.262	0.912	0.003
0.598	2.019	0.913	0.002
0.522	1.680	0.914	0.002
0.441	1.358	0.916	0.002
0.437	1.168	0.917	0.002
0.482	1.097	0.917	0.002
0.533	1.034	0.918	0.002
0.553	0.923	0.919	0.002
0.507	0.799	0.920	0.002
0.443	0.727	0.921	0.002
0.428	0.707	0.922	0.001
0.428	0.692	0.923	0.001
0.422	0.650	0.925	0.001
0.380	0.598	0.926	0.001
0.372	0.566	0.927	0.001
0.383	0.559	0.928	0.001
0.400	0.560	0.928	0.001
0.369	0.562	0.929	0.001
0.293	0.568	0.930	0.001
0.221	0.573	0.930	0.001
0.202	0.559	0.930	0.001
0.221	0.515	0.930	0.001
0.233	0.452	0.930	0.001
0.210	0.389	0.931	0.001
0.172	0.341	0.931	0.001
0.149	0.305	0.931	0.001
0.152	0.275	0.932	0.001
0.159	0.248	0.932	0.001
0.155	0.229	0.933	0.001
0.143	0.217	0.933	0.001
0.137	0.211	0.934	0.001
0.138	0.207	0.935	0.001
0.136	0.209	0.935	0.001
0.125	0.222	0.936	0.001
0.116	0.241	0.937	0.001
0.118	0.256	0.938	0.001
0.131	0.263	0.938	0.001
0.140	0.265	0.939	0.001
0.139	0.275	0.939	0.001
0.136	0.293	0.939	0.001
0.141	0.312	0.940	0.001
0.147	0.326	0.940	0.001
0.145	0.333	0.940	0.001
0.126	0.335	0.940	0.001
0.104	0.335	0.940	0.001
0.091	0.333	0.940	0.001
0.092	0.329	0.941	0.001
0.096	0.320	0.941	0.001
0.093	0.305	0.941	0.001
0.082	0.280	0.941	0.001
0.073	0.254	0.941	0.001
0.071	0.237	0.942	0.001
0.073	0.232	0.942	0.001
0.070	0.230	0.943	0.001
0.063	0.218	0.944	0.001
0.057	0.201	0.945	0.001
0.059	0.195	0.948	0.001
0.065	0.205	0.951	0.001
0.068	0.212	0.956	0.001
0.068	0.194	0.962	0.001
0.069	0.154	0.968	0.001
0.072	0.119	0.973	0.001
0.078	0.112	0.975	0.001
0.083	0.124	0.975	0.001
0.084	0.128	0.975	0.001
0.086	0.110	0.975	0.001
0.088	0.087	0.975	0.001
0.090	0.082	0.974	0.001
0.091	0.099	0.974	0.001
0.092	0.114	0.973	0.000
0.090	0.108	0.973	0.000
0.085	0.087	0.973	0.000
0.081	0.072	0.972	0.000
0.077	0.073	0.972	0.000
0.070	0.082	0.971	0.000
0.064	0.081	0.971	0.000
0.060	0.067	0.971	0.000
0.067	0.052	0.971	0.000
0.074	0.046	0.971	0.000
0.071	0.044	0.970	0.000
0.054	0.035	0.969	0.000
0.036	0.021	0.968	0.000
0.030	0.009	0.968	0.000
0.035	0.009	0.967	0.000
0.042	0.017	0.966	0.000
0.040	0.023	0.965	0.000
0.034	0.024	0.963	0.000
0.030	0.022	0.960	0.000
0.033	0.023	0.957	0.000
0.039	0.026	0.952	0.000
0.040	0.027	0.946	0.000
0.035	0.029	0.940	0.000
0.028	0.039	0.933	0.000
0.026	0.054	0.927	0.000
0.029	0.064	0.921	0.000
0.031	0.057	0.916	0.000
0.031	0.041	0.911	0.000
0.030	0.030	0.907	0.000
0.032	0.032	0.902	0.000
0.037	0.043	0.897	0.000
0.061	0.051	0.890	0.000
0.094	0.050	0.880	0.000
0.108	0.047	0.869	0.000
0.091	0.053	0.859	0.000
0.060	0.070	0.851	0.000
0.041	0.093	0.845	0.000
0.045	0.114	0.839	0.000
0.060	0.127	0.832	0.000
0.065	0.132	0.824	0.000
0.057	0.132	0.816	0.001
0.047	0.130	0.808	0.001
0.049	0.129	0.799	0.001
0.059	0.129	0.791	0.001
0.067	0.129	0.782	0.001
0.066	0.127	0.775	0.001
0.061	0.124	0.768	0.001
0.060	0.119	0.761	0.001
0.064	0.116	0.753	0.001
0.067	0.113	0.744	0.001
0.068	0.110	0.735	0.001
0.067	0.111	0.728	0.001
0.067	0.117	0.721	0.001
0.068	0.125	0.715	0.001
0.068	0.128	0.710	0.001
0.067	0.120	0.706	0.001
0.065	0.107	0.701	0.001
0.064	0.099	0.696	0.001
0.065	0.105	0.692	0.001
0.064	0.119	0.687	0.001
0.062	0.128	0.682	0.001
0.061	0.121	0.678	0.001
0.067	0.101	0.674	0.001
0.075	0.083	0.670	0.001
0.082	0.076	0.668	0.000
0.083	0.081	0.666	0.000
0.081	0.089	0.664	0.000
0.082	0.092	0.663	0.000
0.092	0.089	0.662	0.000
0.102	0.080	0.661	0.000
0.103	0.068	0.660	0.000
0.103	0.052	0.658	0.000
0.110	0.038	0.658	0.000
0.114	0.029	0.658	0.000
0.103	0.027	0.660	0.000
0.080	0.029	0.661	0.000
0.061	0.031	0.662	0.000
0.057	0.030	0.662	0.000
0.065	0.026	0.662	0.000
0.068	0.020	0.663	0.000
0.057	0.016	0.665	0.000
0.040	0.014	0.668	0.000
0.030	0.014	0.671	0.000
0.032	0.017	0.675	0.000
0.038	0.019	0.678	0.000
0.039	0.019	0.682	0.000
0.036	0.021	0.685	0.000
0.033	0.027	0.687	0.000
0.038	0.038	0.687	0.000
0.046	0.052	0.687	0.000
0.056	0.063	0.688	0.000
0.064	0.069	0.689	0.000
0.073	0.076	0.691	0.000
0.080	0.089	0.694	0.000
0.087	0.111	0.698	0.000
0.091	0.133	0.705	0.000
0.094	0.147	0.714	0.001
0.094	0.157	0.725	0.001
0.093	0.171	0.737	0.001
0.092	0.190	0.749	0.001
0.094	0.204	0.760	0.001
0.096	0.206	0.771	0.001
0.100	0.203	0.780	0.001
0.101	0.207	0.789	0.001
0.100	0.223	0.797	0.001
0.095	0.243	0.805	0.001
0.091	0.254	0.813	0.001
0.093	0.250	0.820	0.001
0.100	0.237	0.827	0.001
0.108	0.230	0.835	0.001
0.113	0.236	0.841	0.001
0.111	0.248	0.844	0.001
0.111	0.250	0.845	0.001
0.116	0.239	0.844	0.001
0.122	0.227	0.843	0.001
0.124	0.230	0.844	0.001
0.119	0.250	0.845	0.001
0.112	0.270	0.846	0.001
0.107	0.274	0.847	0.001
0.104	0.256	0.849	0.001
0.102	0.225	0.852	0.001
0.098	0.196	0.855	0.001
0.094	0.173	0.857	0.001
0.094	0.158	0.859	0.001
0.102	0.151	0.859	0.001
0.114	0.155	0.858	0.001
0.126	0.171	0.857	0.001
0.136	0.191	0.855	0.001
0.148	0.211	0.854	0.001
0.161	0.226	0.853	0.001
0.171	0.237	0.852	0.001
0.175	0.248	0.854	0.001
0.173	0.261	0.858	0.001
0.173	0.279	0.862	0.001
0.178	0.301	0.864	0.001
0.180	0.321	0.864	0.001
0.183	0.323	0.863	0.001
0.178	0.299	0.863	0.001
0.167	0.259	0.864	0.001
0.159	0.228	0.864	0.001
0.161	0.226	0.864	0.001
0.171	0.247	0.863	0.001
0.182	0.263	0.863	0.001
0.188	0.250	0.863	0.001
0.188	0.213	0.863	0.001
0.183	0.176	0.863	0.001
0.179	0.156	0.862	0.001
0.179	0.153	0.863	0.001
0.186	0.151	0.862	0.001
0.199	0.145	0.860	0.001
0.213	0.144	0.857	0.001
0.224	0.155	0.853	0.001
0.231	0.178	0.852	0.001
0.237	0.208	0.852	0.001
0.244	0.236	0.853	0.001
0.249	0.259	0.854	0.001
0.250	0.277	0.855	0.001
0.249	0.293	0.856	0.001
0.246	0.310	0.858	0.001
0.246	0.329	0.860	0.001
0.247	0.348	0.862	0.001
0.245	0.367	0.864	0.001
0.241	0.387	0.865	0.001
0.233	0.410	0.867	0.001
0.227	0.432	0.869	0.001
0.231	0.444	0.872	0.001
0.247	0.444	0.875	0.001
0.268	0.434	0.879	0.001
0.284	0.418	0.884	0.001
0.293	0.403	0.888	0.001
0.299	0.390	0.892	0.001
0.302	0.385	0.896	0.001
0.305	0.394	0.900	0.001
0.306	0.419	0.904	0.001
0.312	0.448	0.908	0.001
0.320	0.470	0.911	0.001
0.328	0.480	0.914	0.001
0.330	0.482	0.916	0.001
0.325	0.481	0.918	0.001
0.314	0.479	0.920	0.001
0.306	0.475	0.922	0.001
0.304	0.470	0.925	0.001
0.308	0.467	0.928	0.001
0.311	0.472	0.931	0.001
0.311	0.483	0.934	0.001
0.304	0.491	0.936	0.001
0.296	0.482	0.938	0.001
0.287	0.455	0.939	0.001
0.300	0.417	0.940	0.001
0.311	0.374	0.940	0.001
0.294	0.335	0.940	0.001
0.251	0.304	0.941	0.001
0.208	0.288	0.941	0.001
0.188	0.288	0.942	0.001
0.195	0.295	0.943	0.001
0.201	0.297	0.944	0.001
0.190	0.283	0.946	0.001
0.167	0.243	0.948	0.001
0.157	0.187	0.951	0.001
0.166	0.135	0.953	0.001
0.181	0.110	0.955	0.001
0.172	0.123	0.957	0.001
0.149	0.158	0.958	0.001
0.136	0.185	0.959	0.001
0.143	0.188	0.960	0.001
0.158	0.175	0.960	0.001
0.165	0.162	0.960	0.001
0.165	0.158	0.961	0.001
0.167	0.163	0.961	0.001
0.176	0.171	0.962	0.001
0.190	0.181	0.962	0.001
0.199	0.193	0.963	0.001
0.206	0.200	0.963	0.001
0.212	0.197	0.963	0.001
0.216	0.187	0.963	0.001
0.217	0.176	0.963	0.001
0.217	0.172	0.963	0.001
0.212	0.172	0.963	0.001
0.202	0.171	0.964	0.001
0.190	0.166	0.965	0.001
0.180	0.158	0.965	0.001
0.174	0.147	0.965	0.001
0.171	0.134	0.966	0.001
0.172	0.123	0.966	0.001
0.175	0.117	0.966	0.001
0.179	0.117	0.965	0.001
0.183	0.118	0.965	0.001
0.186	0.116	0.964	0.001
0.186	0.112	0.963	0.001
0.181	0.108	0.963	0.001
0.171	0.106	0.962	0.001
0.168	0.104	0.962	0.001
0.170	0.103	0.962	0.001
0.171	0.103	0.962	0.001
0.165	0.103	0.963	0.000
0.155	0.096	0.963	0.000
0.147	0.084	0.964	0.000
0.144	0.074	0.965	0.000
0.141	0.074	0.967	0.000
0.140	0.081	0.968	0.000
0.141	0.087	0.967	0.000
0.145	0.088	0.967	0.000
0.148	0.084	0.966	0.000
0.156	0.082	0.966	0.000
0.158	0.082	0.966	0.000
0.148	0.081	0.966	0.000
0.134	0.075	0.965	0.000
0.123	0.066	0.965	0.000
0.119	0.060	0.965	0.000
0.122	0.058	0.965	0.000
0.125	0.059	0.965	0.000
0.123	0.059	0.965	0.000
0.118	0.054	0.964	0.000
0.114	0.047	0.962	0.000
0.114	0.041	0.960	0.000
0.117	0.044	0.958	0.000
0.120	0.058	0.955	0.000
0.121	0.075	0.953	0.000
0.117	0.079	0.951	0.000
0.110	0.065	0.950	0.000
0.100	0.042	0.948	0.000
0.093	0.030	0.948	0.000
0.097	0.041	0.947	0.000
0.109	0.066	0.946	0.000
0.122	0.092	0.946	0.000
0.129	0.117	0.946	0.000
0.130	0.140	0.945	0.000
0.131	0.152	0.945	0.000
0.134	0.137	0.944	0.000
0.137	0.110	0.942	0.001
0.135	0.091	0.941	0.001
0.131	0.097	0.940	0.001
0.129	0.120	0.939	0.001
0.129	0.138	0.939	0.001
0.127	0.138	0.939	0.001
0.118	0.127	0.939	0.001
0.106	0.122	0.939	0.001
0.099	0.123	0.939	0.001
0.099	0.119	0.939	0.001
0.098	0.110	0.939	0.001
0.092	0.101	0.939	0.001
0.083	0.096	0.939	0.001
0.079	0.093	0.940	0.001
0.081	0.090	0.940	0.000
0.082	0.092	0.941	0.000
0.078	0.097	0.942	0.000
0.074	0.097	0.942	0.000
0.073	0.088	0.943	0.000
0.076	0.075	0.943	0.000
0.076	0.075	0.943	0.000
0.073	0.093	0.944	0.000
0.067	0.113	0.944	0.000
0.066	0.114	0.944	0.000
0.072	0.096	0.944	0.000
0.079	0.075	0.944	0.000
0.082	0.069	0.945	0.000
0.083	0.077	0.946	0.000
0.087	0.091	0.947	0.000
0.092	0.104	0.947	0.000
0.096	0.116	0.947	0.000
0.096	0.124	0.947	0.000
0.092	0.131	0.947	0.001
0.088	0.141	0.948	0.001
0.086	0.156	0.948	0.001
0.089	0.174	0.949	0.001
0.095	0.183	0.949	0.001
0.098	0.173	0.949	0.001
0.100	0.148	0.950	0.001
0.099	0.124	0.950	0.001
0.100	0.119	0.951	0.001
0.105	0.131	0.951	0.001
0.113	0.148	0.952	0.001
0.123	0.161	0.952	0.001
0.137	0.175	0.952	0.001
0.148	0.197	0.953	0.001
0.155	0.223	0.953	0.001
0.159	0.238	0.954	0.001
0.162	0.236	0.954	0.001
0.165	0.222	0.955	0.001
0.173	0.209	0.956	0.001
0.185	0.211	0.957	0.001
0.199	0.229	0.957	0.001
0.206	0.255	0.957	0.001
0.202	0.276	0.957	0.001
0.193	0.285	0.958	0.001
0.187	0.282	0.958	0.001
0.189	0.283	0.958	0.001
0.196	0.306	0.959	0.001
0.200	0.345	0.959	0.001
0.198	0.368	0.959	0.001
0.188	0.355	0.959	0.001
0.177	0.322	0.959	0.001
0.178	0.302	0.959	0.001
0.185	0.315	0.958	0.001
0.188	0.342	0.957	0.001
0.181	0.351	0.955	0.001
0.162	0.343	0.954	0.001
0.140	0.345	0.952	0.001
0.121	0.376	0.951	0.001
0.110	0.408	0.950	0.001
0.104	0.402	0.950	0.001
0.098	0.348	0.950	0.001
0.095	0.283	0.951	0.001
0.095	0.245	0.951	0.001
0.097	0.240	0.951	0.001
0.098	0.240	0.951	0.001
0.099	0.223	0.952	0.001
0.097	0.191	0.952	0.001
0.095	0.165	0.952	0.001
0.093	0.155	0.951	0.001
0.091	0.156	0.951	0.001
0.091	0.155	0.950	0.001
0.093	0.151	0.950	0.001
0.100	0.150	0.949	0.001
0.106	0.158	0.949	0.001
0.104	0.169	0.949	0.001
0.103	0.177	0.950	0.001
0.109	0.180	0.951	0.001
0.118	0.183	0.952	0.001
0.126	0.191	0.954	0.001
0.124	0.205	0.954	0.001
0.115	0.216	0.955	0.001
0.104	0.216	0.956	0.001
0.098	0.208	0.958	0.001
0.096	0.199	0.961	0.001
0.092	0.199	0.962	0.001
0.085	0.212	0.962	0.001
0.081	0.228	0.962	0.001
0.083	0.237	0.962	0.001
0.087	0.237	0.963	0.001
0.088	0.229	0.964	0.001
0.083	0.215	0.964	0.001
0.076	0.199	0.964	0.001
0.071	0.181	0.964	0.001
0.071	0.170	0.964	0.001
0.077	0.176	0.964	0.001
0.085	0.199	0.963	0.001
0.088	0.223	0.963	0.001
0.084	0.229	0.963	0.001
0.080	0.209	0.963	0.001
0.078	0.181	0.963	0.001
0.079	0.163	0.963	0.001
0.078	0.162	0.963	0.001
0.075	0.168	0.963	0.001
0.074	0.166	0.963	0.001
0.074	0.156	0.963	0.001
0.081	0.144	0.963	0.001
0.088	0.138	0.963	0.001
0.086	0.136	0.964	0.001
0.082	0.132	0.964	0.001
0.076	0.127	0.964	0.001
0.071	0.125	0.964	0.001
0.071	0.125	0.965	0.001
0.088	0.122	0.965	0.001
0.107	0.110	0.965	0.001
0.123	0.094	0.965	0.001
0.124	0.087	0.965	0.001
0.120	0.092	0.965	0.001
0.116	0.101	0.965	0.000
0.116	0.104	0.964	0.000
0.113	0.102	0.963	0.000
0.107	0.102	0.963	0.000
0.100	0.106	0.962	0.000
0.096	0.106	0.962	0.000
0.093	0.093	0.962	0.000
0.087	0.076	0.962	0.000
0.081	0.068	0.961	0.000
0.076	0.074	0.961	0.000
0.078	0.086	0.961	0.000
0.085	0.087	0.960	0.000
0.086	0.075	0.960	0.000
0.074	0.064	0.960	0.000
0.059	0.064	0.960	0.000
0.054	0.074	0.960	0.000
0.064	0.085	0.959	0.000
0.082	0.089	0.959	0.000
0.098	0.088	0.959	0.000
0.104	0.087	0.959	0.000
0.105	0.088	0.959	0.000
0.109	0.090	0.959	0.000
0.115	0.097	0.959	0.000
0.125	0.111	0.960	0.000
0.130	0.127	0.960	0.000
0.131	0.134	0.960	0.001
0.138	0.130	0.960	0.001
0.139	0.121	0.960	0.001
0.131	0.115	0.960	0.001
0.123	0.118	0.960	0.001
0.120	0.130	0.960	0.001
0.125	0.145	0.960	0.001
0.133	0.158	0.959	0.001
0.133	0.166	0.959	0.001
0.126	0.170	0.959	0.001
0.119	0.173	0.960	0.001
0.115	0.176	0.961	0.001
0.122	0.177	0.962	0.001
0.127	0.172	0.963	0.001
0.126	0.167	0.964	0.001
0.117	0.169	0.965	0.001
0.101	0.180	0.966	0.001
0.088	0.194	0.966	0.001
0.086	0.206	0.966	0.001
0.093	0.209	0.965	0.001
0.101	0.208	0.965	0.001
0.113	0.211	0.965	0.001
0.126	0.216	0.965	0.001
0.145	0.219	0.964	0.001
0.154	0.213	0.964	0.001
0.144	0.197	0.963	0.001
0.127	0.181	0.963	0.001
0.121	0.173	0.962	0.001
0.124	0.173	0.962	0.001
0.131	0.177	0.962	0.001
0.142	0.183	0.962	0.001
0.151	0.187	0.962	0.001
0.157	0.184	0.962	0.001
0.164	0.170	0.962	0.001
0.171	0.153	0.962	0.001
0.166	0.138	0.962	0.001
0.164	0.132	0.962	0.001
0.159	0.128	0.961	0.001
0.146	0.123	0.960	0.001
0.137	0.116	0.960	0.001
0.128	0.115	0.960	0.001
0.119	0.121	0.960	0.001
0.111	0.127	0.960	0.001
0.110	0.131	0.960	0.001
0.115	0.133	0.959	0.001
0.128	0.138	0.958	0.001
0.142	0.146	0.958	0.001
0.159	0.151	0.958	0.001
0.193	0.150	0.959	0.001
0.222	0.145	0.959	0.001
0.226	0.145	0.959	0.001
0.206	0.155	0.959	0.001
0.179	0.172	0.959	0.001
0.168	0.187	0.959	0.001
0.173	0.194	0.960	0.001
0.175	0.194	0.959	0.001
0.163	0.196	0.959	0.001
0.146	0.206	0.959	0.001
0.135	0.224	0.959	0.001
0.136	0.239	0.958	0.001
0.139	0.242	0.958	0.001
0.138	0.234	0.958	0.001
0.136	0.228	0.958	0.001
0.139	0.226	0.958	0.001
0.144	0.221	0.957	0.001
0.144	0.204	0.957	0.001
0.135	0.178	0.957	0.001
0.124	0.154	0.957	0.001
0.122	0.143	0.956	0.001
0.128	0.146	0.955	0.001
0.133	0.154	0.954	0.001
0.132	0.159	0.954	0.001
0.130	0.158	0.953	0.001
0.136	0.156	0.953	0.001
0.151	0.158	0.953	0.001
0.166	0.167	0.953	0.001
0.176	0.181	0.954	0.001
0.184	0.191	0.956	0.001
0.198	0.193	0.957	0.001
0.209	0.187	0.958	0.001
0.208	0.178	0.959	0.001
0.191	0.169	0.960	0.001
0.173	0.163	0.961	0.001
0.163	0.158	0.962	0.001
0.163	0.155	0.963	0.001
0.164	0.155	0.964	0.001
0.158	0.160	0.965	0.001
0.149	0.167	0.966	0.001
0.145	0.172	0.967	0.001
0.149	0.169	0.968	0.001
0.156	0.161	0.968	0.001
0.160	0.152	0.969	0.001
0.164	0.149	0.969	0.001
0.171	0.153	0.969	0.001
0.180	0.161	0.969	0.001
0.184	0.169	0.969	0.001
0.183	0.176	0.969	0.001
0.183	0.183	0.969	0.001
0.185	0.191	0.969	0.001
0.187	0.199	0.969	0.001
0.187	0.203	0.969	0.001
0.184	0.198	0.969	0.001
0.179	0.189	0.968	0.001
0.171	0.181	0.969	0.001
0.166	0.177	0.969	0.001
0.163	0.171	0.969	0.001
0.157	0.159	0.969	0.001
0.151	0.144	0.969	0.001
0.142	0.138	0.970	0.001
0.141	0.147	0.970	0.001
0.150	0.163	0.971	0.001
0.163	0.171	0.971	0.001
0.171	0.169	0.971	0.001
0.174	0.162	0.972	0.001
0.173	0.153	0.972	0.001
0.177	0.142	0.972	0.001
0.188	0.125	0.972	0.001
0.199	0.111	0.973	0.001
0.205	0.105	0.973	0.001
0.204	0.107	0.973	0.001
0.201	0.107	0.973	0.001
0.199	0.100	0.973	0.001
0.197	0.091	0.973	0.001
0.196	0.088	0.973	0.000
0.196	0.093	0.973	0.000
0.193	0.099	0.974	0.000
0.188	0.101	0.974	0.000
0.180	0.098	0.974	0.000
0.174	0.092	0.974	0.000
0.170	0.090	0.974	0.000
0.168	0.089	0.975	0.000
0.169	0.092	0.975	0.000
0.173	0.099	0.975	0.000
0.180	0.107	0.976	0.000
0.187	0.111	0.976	0.000
0.193	0.108	0.976	0.000
0.196	0.103	0.977	0.000
0.201	0.102	0.977	0.001
0.208	0.108	0.977	0.001
0.216	0.113	0.977	0.001
0.226	0.114	0.977	0.001
0.238	0.110	0.977	0.001
0.247	0.110	0.977	0.001
0.248	0.116	0.978	0.001
0.241	0.122	0.978	0.001
0.230	0.124	0.978	0.001
0.225	0.123	0.979	0.001
0.232	0.121	0.979	0.001
0.249	0.121	0.980	0.001
0.255	0.119	0.980	0.001
0.235	0.117	0.980	0.001
0.201	0.116	0.980	0.001
0.178	0.119	0.980	0.001
0.176	0.123	0.981	0.001
0.185	0.124	0.981	0.001
0.186	0.122	0.981	0.001
0.180	0.119	0.981	0.001
0.168	0.114	0.981	0.001
0.161	0.105	0.981	0.001
0.157	0.096	0.981	0.001
0.164	0.096	0.981	0.001
0.173	0.105	0.981	0.001
0.182	0.115	0.981	0.001
0.186	0.113	0.981	0.001
0.169	0.100	0.980	0.000
0.143	0.089	0.980	0.000
0.130	0.093	0.980	0.000
0.136	0.108	0.980	0.000
0.153	0.117	0.980	0.000
0.159	0.112	0.980	0.001
0.156	0.101	0.980	0.001
0.154	0.100	0.980	0.001
0.165	0.111	0.979	0.001
0.184	0.125	0.979	0.001
0.197	0.135	0.979	0.001
0.200	0.142	0.979	0.001
0.195	0.150	0.979	0.001
0.186	0.156	0.979	0.001
0.182	0.152	0.979	0.001
0.182	0.135	0.979	0.001
0.181	0.112	0.979	0.001
0.173	0.093	0.979	0.001
0.157	0.086	0.979	0.001
0.140	0.087	0.979	0.001
0.128	0.089	0.979	0.000
0.120	0.090	0.979	0.000
0.116	0.091	0.979	0.000
0.110	0.098	0.979	0.000
0.106	0.109	0.979	0.000
0.108	0.120	0.979	0.000
0.114	0.122	0.980	0.001
0.119	0.117	0.980	0.001
0.120	0.108	0.980	0.001
0.119	0.101	0.980	0.001
0.118	0.099	0.980	0.001
0.120	0.100	0.979	0.001
0.118	0.102	0.979	0.001
0.115	0.102	0.979	0.000
0.112	0.101	0.979	0.000
0.112	0.099	0.979	0.000
0.112	0.096	0.979	0.000
0.114	0.094	0.979	0.000
0.113	0.091	0.979	0.000
0.114	0.088	0.978	0.000
0.115	0.085	0.978	0.000
0.110	0.084	0.978	0.000
0.100	0.084	0.978	0.000
0.089	0.084	0.978	0.000
0.082	0.081	0.978	0.000
0.081	0.073	0.978	0.000
0.083	0.064	0.978	0.000
0.080	0.056	0.978	0.000
0.073	0.052	0.978	0.000
0.071	0.052	0.978	0.000
0.100	0.054	0.977	0.000
0.231	0.060	0.976	0.000
0.599	0.067	0.971	0.000
1.560	0.084	0.958	0.000
3.784	0.152	0.934	0.001
8.226	0.461	0.896	0.001
15.828	1.529	0.846	0.002
27.030	4.391	0.793	0.002
41.693	10.680	0.746	0.004
59.661	22.230	0.713	0.005
80.796	40.414	0.698	0.007
104.828	65.478	0.697	0.009
130.612	96.437	0.707	0.011
156.236	132.040	0.723	0.013
179.326	171.826	0.739	0.016
197.204	215.493	0.755	0.018
209.083	261.509	0.768	0.020
213.054	304.991	0.780	0.022
208.081	337.587	0.790	0.024
198.070	350.807	0.797	0.025
185.177	339.485	0.804	0.026
165.421	303.923	0.809	0.026
134.574	250.977	0.814	0.026
94.931	193.445	0.818	0.025
57.550	146.166	0.822	0.024
32.817	118.915	0.824	0.022
23.089	109.957	0.825	0.020
21.149	106.584	0.824	0.019
20.261	95.157	0.823	0.017
20.314	72.546	0.821	0.016
26.083	47.777	0.821	0.014
39.640	32.861	0.822	0.013
57.552	32.230	0.822	0.012
74.009	40.755	0.823	0.011
86.557	50.002	0.823	0.011
97.195	54.339	0.823	0.010
106.816	52.411	0.821	0.010
112.025	45.506	0.817	0.010
106.334	35.709	0.809	0.010
87.103	25.309	0.798	0.009
60.461	16.994	0.786	0.009
36.948	13.565	0.771	0.008
23.357	16.992	0.755	0.008
18.503	27.086	0.739	0.008
16.904	40.482	0.724	0.008
15.791	51.657	0.711	0.008
17.785	56.580	0.699	0.009
27.866	56.150	0.688	0.010
48.693	55.852	0.675	0.011
77.946	60.610	0.659	0.011
110.871	70.024	0.641	0.012
140.688	79.643	0.623	0.013
158.049	86.563	0.609	0.013
151.174	91.563	0.600	0.013
117.713	94.223	0.595	0.014
71.685	90.679	0.593	0.014
33.869	77.274	0.592	0.014
16.316	56.520	0.592	0.013
14.725	36.936	0.592	0.012
15.903	26.211	0.592	0.012
11.788	24.754	0.593	0.011
4.932	26.872	0.595	0.010
1.591	26.708	0.596	0.009
3.032	23.017	0.597	0.008
4.999	18.089	0.597	0.007
3.908	13.917	0.598	0.007
0.904	10.456	0.599	0.006
-0.569	7.107	0.600	0.006
0.582	4.312	0.602	0.005
2.217	3.073	0.603	0.005
2.133	3.421	0.604	0.004
0.663	4.115	0.606	0.004
-0.281	3.957	0.606	0.003
0.192	2.963	0.607	0.003
1.118	2.037	0.608	0.003
1.219	1.769	0.609	0.003
0.494	1.885	0.611	0.002
-0.064	1.813	0.611	0.002
0.140	1.430	0.612	0.002
0.668	1.086	0.614	0.002
0.789	1.055	0.615	0.002
0.413	1.200	0.616	0.002
0.055	1.215	0.618	0.002
0.092	1.023	0.619	0.002
0.345	0.805	0.620	0.002
0.414	0.722	0.622	0.002
0.210	0.714	0.623	0.001
-0.006	0.631	0.624	0.001
-0.006	0.452	0.625	0.001
0.140	0.309	0.626	0.001
0.209	0.296	0.628	0.001
0.123	0.361	0.629	0.001
0.008	0.376	0.630	0.001
0.001	0.297	0.631	0.001
0.079	0.198	0.632	0.001
0.127	0.163	0.634	0.001
0.091	0.190	0.635	0.001
0.028	0.207	0.636	0.001
0.015	0.169	0.636	0.001
0.055	0.106	0.637	0.001
0.084	0.074	0.638	0.001
0.068	0.085	0.638	0.001
0.032	0.103	0.639	0.001
0.016	0.092	0.639	0.000
0.027	0.059	0.639	0.000
0.039	0.036	0.640	0.000
0.032	0.037	0.640	0.000
0.017	0.051	0.640	0.000
0.014	0.055	0.641	0.000
0.027	0.048	0.641	0.000
0.038	0.040	0.643	0.000
0.036	0.039	0.646	0.000
0.024	0.041	0.651	0.000
0.015	0.038	0.659	0.000
0.016	0.030	0.671	0.000
0.019	0.025	0.686	0.000
0.018	0.028	0.703	0.000
0.013	0.033	0.724	0.000
0.010	0.036	0.745	0.000
0.012	0.034	0.765	0.000
0.015	0.032	0.783	0.000
0.016	0.032	0.799	0.000
0.016	0.033	0.813	0.000
0.015	0.032	0.827	0.000
0.017	0.031	0.839	0.000
0.021	0.030	0.848	0.000
0.023	0.032	0.854	0.000
0.023	0.035	0.858	0.000
0.022	0.036	0.863	0.000
0.023	0.036	0.868	0.000
0.030	0.039	0.875	0.000
0.037	0.044	0.882	0.000
0.038	0.050	0.889	0.000
0.034	0.055	0.896	0.000
0.031	0.056	0.903	0.000
0.031	0.057	0.909	0.000
0.036	0.062	0.913	0.000
0.040	0.070	0.914	0.000
0.040	0.079	0.912	0.000
0.039	0.082	0.911	0.000
0.037	0.080	0.913	0.000
0.036	0.078	0.918	0.000
0.035	0.081	0.925	0.000
0.032	0.088	0.932	0.000
0.029	0.090	0.935	0.000
0.026	0.081	0.936	0.000
0.026	0.064	0.937	0.000
0.027	0.052	0.938	0.000
0.027	0.050	0.941	0.000
0.026	0.055	0.945	0.000
0.026	0.057	0.950	0.000
0.028	0.049	0.954	0.000
0.030	0.036	0.954	0.000
0.033	0.026	0.951	0.000
0.036	0.025	0.944	0.000
0.036	0.031	0.937	0.000
0.035	0.036	0.929	0.000
0.036	0.036	0.922	0.000
0.039	0.032	0.915	0.000
0.042	0.027	0.908	0.000
0.044	0.025	0.900	0.000
0.045	0.027	0.892	0.000
0.043	0.029	0.885	0.000
0.043	0.029	0.880	0.000
0.044	0.026	0.876	0.000
0.047	0.025	0.873	0.000
0.050	0.025	0.871	0.000
0.051	0.025	0.867	0.000
0.050	0.023	0.862	0.000
0.049	0.018	0.856	0.000
0.050	0.014	0.851	0.000
0.053	0.012	0.848	0.000
0.056	0.011	0.848	0.000
0.057	0.011	0.849	0.000
0.057	0.010	0.852	0.000
0.057	0.009	0.855	0.000
0.058	0.010	0.858	0.000
0.059	0.013	0.860	0.000
0.059	0.017	0.860	0.000
0.058	0.019	0.859	0.000
0.057	0.019	0.855	0.000
0.055	0.016	0.850	0.000
0.057	0.014	0.845	0.000
0.064	0.012	0.843	0.000
0.069	0.011	0.842	0.000
0.067	0.010	0.842	0.000
0.061	0.009	0.842	0.000
0.054	0.008	0.840	0.000
0.053	0.007	0.838	0.000
0.055	0.007	0.836	0.000
0.058	0.009	0.833	0.000
0.058	0.013	0.829	0.000
0.057	0.019	0.826	0.000
0.055	0.023	0.822	0.000
0.055	0.022	0.820	0.000
0.056	0.019	0.818	0.000
0.055	0.018	0.818	0.000
0.055	0.024	0.817	0.000
0.055	0.035	0.816	0.000
0.056	0.044	0.814	0.000
0.059	0.046	0.813	0.000
0.063	0.043	0.812	0.000
0.065	0.042	0.810	0.000
0.066	0.044	0.807	0.000
0.066	0.051	0.804	0.000
0.068	0.056	0.799	0.000
0.071	0.056	0.795	0.000
0.074	0.049	0.792	0.000
0.074	0.040	0.789	0.000
0.073	0.036	0.788	0.000
0.072	0.043	0.787	0.000
0.074	0.056	0.787	0.000
0.074	0.068	0.787	0.000
0.073	0.070	0.788	0.000
0.072	0.064	0.789	0.000
0.072	0.056	0.789	0.000
0.074	0.054	0.789	0.000
0.079	0.058	0.789	0.000
0.085	0.065	0.791	0.000
0.089	0.071	0.793	0.000
0.090	0.072	0.795	0.000
0.090	0.069	0.796	0.000
0.091	0.062	0.797	0.000
0.094	0.053	0.797	0.000
0.097	0.045	0.797	0.000
0.096	0.043	0.797	0.000
0.094	0.045	0.797	0.000
0.092	0.047	0.796	0.000
0.090	0.045	0.795	0.000
0.086	0.037	0.794	0.000
0.079	0.028	0.793	0.000
0.073	0.024	0.791	0.000
0.071	0.028	0.790	0.000
0.072	0.037	0.788	0.000
0.073	0.047	0.786	0.000
0.072	0.054	0.783	0.000
0.069	0.054	0.781	0.000
0.067	0.048	0.777	0.000
0.067	0.039	0.774	0.000
0.069	0.031	0.771	0.000
0.070	0.029	0.768	0.000
0.066	0.030	0.764	0.000
0.063	0.027	0.759	0.000
0.063	0.020	0.754	0.000
0.067	0.011	0.748	0.000
0.071	0.006	0.740	0.000
0.073	0.005	0.730	0.000
0.072	0.005	0.718	0.000
0.072	0.003	0.705	0.000
0.073	0.000	0.691	0.000
0.072	-0.001	0.676	0.000
0.070	0.000	0.661	0.000
0.067	0.003	0.647	0.000
0.064	0.004	0.637	0.000
0.062	0.003	0.630	0.000
0.061	0.002	0.625	0.000
0.061	0.003	0.622	0.000
0.061	0.004	0.619	0.000
0.058	0.005	0.617	0.000
0.056	0.005	0.616	0.000
0.055	0.004	0.616	0.000
0.055	0.004	0.618	0.000
0.056	0.005	0.620	0.000
0.056	0.006	0.622	0.000
0.055	0.006	0.624	0.000
0.054	0.006	0.625	0.000
0.053	0.007	0.625	0.000
0.051	0.009	0.624	0.000
0.049	0.010	0.624	0.000
0.047	0.011	0.625	0.000
0.046	0.010	0.628	0.000
0.047	0.008	0.633	0.000
0.055	0.006	0.638	0.000
0.064	0.005	0.641	0.000
0.069	0.004	0.644	0.000
0.067	0.004	0.646	0.000
0.062	0.004	0.649	0.000
0.060	0.006	0.649	0.000
0.063	0.008	0.644	0.000
0.065	0.010	0.634	0.000
0.063	0.012	0.621	0.000
0.059	0.014	0.608	0.000
0.055	0.017	0.595	0.000
0.053	0.023	0.581	0.000
0.052	0.029	0.564	0.000
0.049	0.030	0.547	0.000
0.046	0.026	0.532	0.000
0.043	0.021	0.518	0.000
0.042	0.019	0.502	0.000
0.044	0.021	0.485	0.000
0.046	0.025	0.465	0.000
0.047	0.029	0.447	0.000
0.047	0.032	0.432	0.000
0.046	0.035	0.418	0.000
0.044	0.036	0.403	0.000
0.041	0.036	0.384	0.000
0.036	0.033	0.363	0.000
0.035	0.030	0.343	0.000
0.038	0.026	0.327	0.000
0.042	0.026	0.315	0.000
0.043	0.029	0.309	0.000
0.042	0.034	0.307	0.000
0.041	0.039	0.310	0.000
0.045	0.042	0.316	0.000
0.050	0.041	0.324	0.000
0.050	0.036	0.331	0.000
0.047	0.030	0.338	0.000
0.046	0.028	0.345	0.000
0.050	0.037	0.353	0.000
0.058	0.046	0.361	0.000
0.063	0.051	0.368	0.000
0.066	0.047	0.375	0.000
0.070	0.039	0.383	0.000
0.078	0.029	0.393	0.000
0.090	0.026	0.405	0.000
0.096	0.031	0.419	0.000
0.094	0.039	0.433	0.000
0.091	0.043	0.448	0.000
0.089	0.040	0.462	0.000
0.085	0.033	0.475	0.000
0.075	0.029	0.487	0.000
0.062	0.032	0.497	0.000
0.052	0.039	0.506	0.000
0.051	0.045	0.515	0.000
0.056	0.049	0.523	0.000
0.057	0.053	0.530	0.000
0.050	0.055	0.535	0.000
0.042	0.053	0.541	0.000
0.040	0.049	0.548	0.000
0.043	0.045	0.555	0.000
0.045	0.048	0.562	0.000
0.043	0.057	0.567	0.000
0.039	0.065	0.572	0.000
0.039	0.066	0.578	0.000
0.043	0.061	0.588	0.000
0.047	0.054	0.599	0.000
0.048	0.047	0.610	0.000
0.049	0.043	0.618	0.000
0.052	0.044	0.626	0.000
0.057	0.050	0.635	0.000
0.062	0.062	0.644	0.000
0.066	0.074	0.652	0.000
0.068	0.081	0.655	0.000
0.069	0.081	0.656	0.000
0.070	0.076	0.657	0.000
0.072	0.075	0.659	0.000
0.079	0.080	0.660	0.000
0.089	0.088	0.660	0.000
0.099	0.093	0.659	0.000
0.104	0.090	0.658	0.000
0.105	0.083	0.659	0.000
0.105	0.079	0.659	0.000
0.106	0.077	0.659	0.000
0.110	0.074	0.658	0.000
0.109	0.065	0.657	0.000
0.103	0.055	0.658	0.000
0.098	0.046	0.662	0.000
0.106	0.039	0.666	0.000
0.119	0.032	0.671	0.000
0.123	0.025	0.676	0.000
0.115	0.025	0.681	0.000
0.100	0.035	0.687	0.000
0.096	0.049	0.693	0.000
0.102	0.058	0.697	0.000
0.111	0.057	0.700	0.000
0.108	0.053	0.702	0.000
0.096	0.049	0.703	0.000
0.084	0.046	0.705	0.000
0.082	0.038	0.708	0.000
0.085	0.028	0.712	0.000
0.088	0.021	0.715	0.000
0.086	0.020	0.720	0.000
0.086	0.024	0.724	0.000
0.088	0.026	0.730	0.000
0.089	0.025	0.734	0.000
0.084	0.022	0.738	0.000
0.075	0.023	0.741	0.000
0.065	0.025	0.744	0.000
0.058	0.025	0.749	0.000
0.058	0.020	0.753	0.000
0.061	0.014	0.757	0.000
0.062	0.012	0.761	0.000
0.060	0.016	0.764	0.000
0.057	0.022	0.769	0.000
0.055	0.026	0.773	0.000
0.056	0.026	0.777	0.000
0.057	0.027	0.779	0.000
0.058	0.028	0.779	0.000
0.056	0.029	0.780	0.000
0.050	0.025	0.780	0.000
0.044	0.019	0.781	0.000
0.041	0.017	0.781	0.000
0.042	0.019	0.781	0.000
0.044	0.023	0.781	0.000
0.045	0.026	0.781	0.000
0.045	0.026	0.781	0.000
0.045	0.027	0.782	0.000
0.044	0.029	0.782	0.000
0.051	0.034	0.784	0.000
0.059	0.038	0.786	0.000
0.064	0.038	0.789	0.000
0.064	0.036	0.793	0.000
0.062	0.032	0.798	0.000
0.061	0.031	0.803	0.000
0.064	0.034	0.809	0.000
0.067	0.043	0.815	0.000
0.066	0.056	0.820	0.000
0.061	0.068	0.826	0.000
0.057	0.074	0.831	0.000
0.058	0.072	0.835	0.000
0.062	0.066	0.839	0.000
0.063	0.060	0.843	0.000
0.060	0.056	0.847	0.000
0.056	0.052	0.851	0.000
0.059	0.050	0.856	0.000
0.066	0.052	0.861	0.000
0.088	0.062	0.866	0.000
0.109	0.075	0.870	0.000
0.117	0.085	0.874	0.000
0.111	0.088	0.877	0.000
0.101	0.090	0.881	0.000
0.102	0.100	0.886	0.000
0.108	0.120	0.892	0.000
0.113	0.140	0.897	0.001
0.112	0.151	0.903	0.001
0.107	0.152	0.910	0.001
0.109	0.152	0.918	0.001
0.117	0.159	0.925	0.001
0.124	0.171	0.933	0.001
0.125	0.181	0.939	0.001
0.124	0.177	0.944	0.001
0.127	0.160	0.949	0.001
0.132	0.139	0.953	0.001
0.134	0.127	0.956	0.001
0.128	0.128	0.958	0.001
0.117	0.135	0.960	0.001
0.106	0.136	0.962	0.001
0.100	0.127	0.964	0.001
0.097	0.112	0.965	0.001
0.094	0.095	0.966	0.001
0.089	0.077	0.966	0.000
0.082	0.063	0.966	0.000
0.078	0.059	0.966	0.000
0.078	0.069	0.967	0.000
0.080	0.081	0.967	0.000
0.080	0.079	0.967	0.000
0.077	0.060	0.967	0.000
0.073	0.038	0.967	0.000
0.069	0.029	0.968	0.000
0.064	0.039	0.968	0.000
0.057	0.054	0.968	0.000
0.053	0.059	0.967	0.000
0.052	0.055	0.966	0.000
0.056	0.055	0.965	0.000
0.061	0.067	0.963	0.000
0.065	0.082	0.961	0.000
0.070	0.083	0.958	0.000
0.075	0.066	0.956	0.000
0.078	0.047	0.953	0.000
0.079	0.044	0.952	0.000
0.079	0.057	0.950	0.000
0.078	0.068	0.949	0.000
0.078	0.062	0.947	0.000
0.079	0.043	0.947	0.000
0.087	0.027	0.946	0.000
0.095	0.025	0.946	0.000
0.107	0.036	0.945	0.000
0.112	0.046	0.944	0.000
0.107	0.047	0.943	0.000
0.095	0.040	0.942	0.000
0.085	0.034	0.942	0.000
0.082	0.034	0.942	0.000
0.085	0.040	0.942	0.000
0.087	0.048	0.942	0.000
0.088	0.057	0.942	0.000
0.087	0.066	0.943	0.000
0.088	0.075	0.943	0.000
0.092	0.080	0.944	0.000
0.097	0.082	0.944	0.000
0.102	0.083	0.944	0.000
0.107	0.086	0.945	0.000
0.108	0.091	0.946	0.000
0.110	0.091	0.947	0.000
0.114	0.086	0.948	0.000
0.119	0.078	0.949	0.000
0.122	0.073	0.950	0.000
0.122	0.073	0.950	0.000
0.119	0.076	0.951	0.000
0.117	0.081	0.951	0.000
0.120	0.088	0.952	0.000
0.128	0.100	0.952	0.000
0.133	0.116	0.952	0.000
0.134	0.131	0.952	0.001
0.130	0.143	0.952	0.001
0.130	0.155	0.953	0.001
0.135	0.166	0.953	0.001
0.144	0.180	0.953	0.001
0.151	0.196	0.953	0.001
0.158	0.211	0.953	0.001
0.166	0.219	0.954	0.001
0.177	0.221	0.954	0.001
0.187	0.224	0.953	0.001
0.188	0.233	0.953	0.001
0.179	0.254	0.953	0.001
0.166	0.283	0.953	0.001
0.151	0.311	0.953	0.001
0.140	0.332	0.953	0.001
0.137	0.344	0.954	0.001
0.136	0.340	0.954	0.001
0.131	0.324	0.954	0.001
0.127	0.315	0.955	0.001
0.131	0.331	0.955	0.001
0.139	0.364	0.955	0.001
0.147	0.378	0.956	0.001
0.147	0.348	0.955	0.001
0.141	0.299	0.955	0.001
0.138	0.288	0.955	0.001
0.137	0.334	0.955	0.001
0.136	0.390	0.955	0.001
0.132	0.390	0.955	0.001
0.125	0.329	0.955	0.001
0.123	0.285	0.955	0.001
0.122	0.321	0.955	0.001
0.119	0.408	0.955	0.001
0.111	0.463	0.954	0.001
0.103	0.442	0.954	0.001
0.105	0.393	0.954	0.001
0.116	0.385	0.954	0.001
0.122	0.419	0.954	0.001
0.118	0.441	0.955	0.001
0.111	0.409	0.955	0.001
0.115	0.339	0.954	0.001
0.132	0.280	0.954	0.001
0.145	0.264	0.954	0.001
0.138	0.277	0.954	0.001
0.112	0.281	0.954	0.001
0.091	0.258	0.954	0.001
0.086	0.229	0.954	0.001
0.091	0.222	0.953	0.001
0.092	0.243	0.953	0.001
0.085	0.256	0.953	0.001
0.079	0.235	0.954	0.001
0.081	0.199	0.954	0.001
0.087	0.182	0.954	0.001
0.089	0.180	0.954	0.001
0.086	0.161	0.954	0.001
0.082	0.112	0.954	0.001
0.085	0.077	0.954	0.001
0.089	0.095	0.954	0.001
0.082	0.145	0.954	0.001
0.062	0.166	0.954	0.001
0.042	0.133	0.954	0.001
0.031	0.093	0.955	0.001
0.031	0.087	0.955	0.001
0.034	0.116	0.956	0.001
0.031	0.136	0.957	0.001
0.024	0.116	0.958	0.001
0.019	0.080	0.959	0.001
0.018	0.065	0.961	0.001
0.020	0.077	0.962	0.000
0.022	0.086	0.963	0.000
0.023	0.067	0.964	0.000
0.024	0.035	0.964	0.000
0.025	0.019	0.965	0.000
0.025	0.031	0.965	0.000
0.024	0.053	0.966	0.000
0.021	0.063	0.966	0.000
0.019	0.055	0.967	0.000
0.019	0.047	0.967	0.000
0.019	0.053	0.968	0.000
0.020	0.072	0.968	0.000
0.020	0.088	0.968	0.000
0.021	0.091	0.968	0.000
0.023	0.083	0.968	0.000
0.026	0.076	0.968	0.000
0.029	0.077	0.967	0.000
0.031	0.084	0.966	0.000
0.034	0.090	0.965	0.000
0.036	0.089	0.963	0.000
0.036	0.083	0.961	0.000
0.034	0.076	0.960	0.000
0.032	0.074	0.958	0.000
0.032	0.078	0.957	0.000
0.032	0.084	0.955	0.000
0.033	0.092	0.953	0.000
0.032	0.099	0.950	0.000
0.030	0.104	0.948	0.000
0.032	0.103	0.945	0.000
0.038	0.095	0.942	0.000
0.046	0.088	0.940	0.000
0.054	0.085	0.937	0.000
0.060	0.086	0.933	0.000
0.062	0.084	0.928	0.000
0.060	0.080	0.922	0.000
0.053	0.078	0.917	0.000
0.048	0.082	0.911	0.000
0.049	0.086	0.906	0.000
0.057	0.087	0.901	0.000
0.066	0.085	0.895	0.000
0.070	0.085	0.890	0.000
0.068	0.095	0.886	0.000
0.065	0.115	0.882	0.000
0.065	0.135	0.878	0.001
0.066	0.145	0.874	0.001
0.064	0.145	0.870	0.001
0.058	0.140	0.867	0.001
0.053	0.137	0.864	0.001
0.052	0.135	0.862	0.001
0.053	0.126	0.859	0.001
0.052	0.113	0.857	0.001
0.049	0.100	0.854	0.001
0.046	0.093	0.852	0.001
0.049	0.089	0.850	0.001
0.054	0.085	0.848	0.000
0.057	0.079	0.847	0.000
0.058	0.077	0.845	0.000
0.058	0.082	0.843	0.000
0.058	0.091	0.842	0.000
0.059	0.096	0.841	0.000
0.059	0.097	0.841	0.000
0.057	0.094	0.840	0.000
0.054	0.099	0.839	0.000
0.052	0.117	0.838	0.000
0.051	0.141	0.836	0.001
0.051	0.159	0.834	0.001
0.051	0.169	0.832	0.001
0.051	0.176	0.830	0.001
0.051	0.183	0.828	0.001
0.051	0.189	0.825	0.001
0.052	0.184	0.822	0.001
0.052	0.169	0.818	0.001
0.053	0.152	0.813	0.001
0.056	0.142	0.808	0.001
0.059	0.141	0.803	0.001
0.062	0.142	0.800	0.001
0.063	0.147	0.797	0.001
0.064	0.163	0.794	0.001
0.065	0.193	0.791	0.001
0.065	0.229	0.789	0.001
0.065	0.250	0.788	0.001
0.063	0.244	0.789	0.001
0.060	0.213	0.791	0.001
0.055	0.177	0.795	0.001
0.052	0.152	0.799	0.001
0.050	0.137	0.804	0.001
0.051	0.119	0.811	0.001
0.053	0.098	0.819	0.001
0.052	0.086	0.827	0.001
0.051	0.091	0.836	0.001
0.052	0.103	0.844	0.001
0.054	0.104	0.853	0.000
0.060	0.092	0.860	0.000
0.067	0.085	0.866	0.000
0.071	0.094	0.871	0.000
0.071	0.110	0.876	0.000
0.068	0.115	0.881	0.000
0.064	0.110	0.887	0.001
0.063	0.109	0.893	0.001
0.062	0.118	0.898	0.001
0.064	0.128	0.902	0.001
0.065	0.130	0.906	0.001
0.063	0.129	0.910	0.001
0.059	0.137	0.915	0.001
0.055	0.155	0.919	0.001
0.053	0.171	0.923	0.001
0.055	0.173	0.926	0.001
0.060	0.159	0.928	0.001
0.063	0.140	0.931	0.001
0.061	0.127	0.933	0.001
0.058	0.123	0.935	0.001
0.058	0.123	0.936	0.001
0.060	0.123	0.937	0.001
0.062	0.124	0.939	0.001
0.062	0.126	0.941	0.001
0.064	0.128	0.944	0.001
0.066	0.130	0.946	0.001
0.069	0.129	0.947	0.001
0.069	0.126	0.948	0.001
0.065	0.125	0.949	0.001
0.060	0.126	0.950	0.001
0.058	0.134	0.952	0.001
0.060	0.143	0.953	0.001
0.061	0.145	0.954	0.001
0.058	0.135	0.955	0.001
0.053	0.118	0.956	0.001
0.050	0.103	0.957	0.001
0.049	0.097	0.957	0.001
0.049	0.095	0.958	0.001
0.049	0.096	0.958	0.001
0.046	0.096	0.959	0.000
0.047	0.100	0.959	0.000
0.051	0.108	0.959	0.000
0.057	0.114	0.959	0.000
0.059	0.112	0.959	0.000
0.055	0.104	0.959	0.001
0.053	0.097	0.959	0.001
0.054	0.098	0.959	0.001
0.056	0.104	0.959	0.000
0.053	0.108	0.959	0.000
0.047	0.107	0.959	0.000
0.045	0.103	0.960	0.000
0.047	0.099	0.961	0.000
0.051	0.098	0.961	0.000
0.053	0.099	0.962	0.000
0.051	0.100	0.962	0.000
0.048	0.100	0.963	0.000
0.047	0.099	0.964	0.000
0.046	0.097	0.964	0.000
0.044	0.095	0.965	0.000
0.039	0.095	0.965	0.000
0.036	0.099	0.966	0.000
0.034	0.106	0.966	0.000
0.033	0.114	0.967	0.000
0.034	0.115	0.968	0.000
0.035	0.106	0.968	0.000
0.038	0.095	0.969	0.000
0.040	0.089	0.969	0.000
0.042	0.095	0.970	0.000
0.042	0.105	0.970	0.000
0.042	0.109	0.971	0.000
0.044	0.101	0.971	0.000
0.046	0.089	0.971	0.000
0.049	0.084	0.971	0.000
0.050	0.091	0.971	0.000
0.049	0.099	0.971	0.000
0.048	0.099	0.971	0.000
0.047	0.089	0.971	0.000
0.048	0.083	0.971	0.000
0.046	0.085	0.971	0.000
0.043	0.093	0.971	0.000
0.045	0.096	0.971	0.000
0.047	0.089	0.972	0.000
0.046	0.079	0.972	0.000
0.039	0.077	0.972	0.000
0.031	0.084	0.972	0.000
0.028	0.091	0.972	0.000
0.031	0.092	0.972	0.000
0.037	0.089	0.972	0.000
0.040	0.090	0.972	0.000
0.038	0.095	0.972	0.000
0.036	0.099	0.971	0.000
0.038	0.096	0.971	0.000
0.041	0.084	0.971	0.000
0.041	0.073	0.972	0.000
0.038	0.067	0.972	0.000
0.035	0.065	0.972	0.000
0.036	0.062	0.972	0.000
0.041	0.059	0.972	0.000
0.046	0.058	0.972	0.000
0.049	0.063	0.972	0.000
0.053	0.073	0.972	0.000
0.062	0.084	0.973	0.000
0.086	0.092	0.973	0.000
0.138	0.097	0.972	0.000
0.231	0.103	0.971	0.000
0.350	0.118	0.968	0.001
0.462	0.150	0.961	0.001
0.585	0.225	0.950	0.001
0.907	0.416	0.933	0.001
1.955	0.857	0.911	0.001
4.549	1.688	0.887	0.001
9.825	2.851	0.864	0.002
18.998	3.964	0.848	0.002
32.948	4.587	0.839	0.002
51.091	4.823	0.831	0.003
71.212	5.461	0.821	0.003
89.461	7.209	0.813	0.004
102.909	10.094	0.810	0.004
110.466	14.164	0.809	0.005
112.837	21.338	0.806	0.006
112.740	36.235	0.799	0.008
114.255	63.864	0.794	0.009
123.355	105.248	0.796	0.011
145.005	153.059	0.808	0.014
180.261	194.061	0.824	0.016
220.910	217.728	0.837	0.018
257.228	222.115	0.845	0.019
282.774	213.677	0.848	0.020
297.197	201.147	0.849	0.021
301.510	188.844	0.848	0.021
293.325	176.786	0.844	0.021
271.126	166.501	0.838	0.021
236.191	164.092	0.833	0.021
192.590	175.231	0.830	0.021
145.673	196.683	0.828	0.021
102.000	215.088	0.826	0.021
67.374	215.789	0.822	0.021
45.894	194.363	0.818	0.021
36.344	158.754	0.815	0.020
32.322	122.195	0.813	0.020
27.356	93.953	0.811	0.019
19.860	73.371	0.809	0.017
13.248	54.344	0.808	0.015
10.949	34.196	0.806	0.013
14.799	16.851	0.799	0.011
26.067	8.011	0.783	0.010
47.144	9.820	0.755	0.009
83.140	22.228	0.714	0.008
135.906	49.091	0.665	0.009
198.436	98.937	0.611	0.011
256.899	175.181	0.555	0.013
294.317	264.854	0.497	0.017
296.530	340.322	0.442	0.020
256.965	376.298	0.391	0.022
186.918	364.159	0.348	0.024
111.430	312.696	0.314	0.025
55.261	239.331	0.289	0.025
28.140	161.991	0.271	0.024
21.896	95.248	0.257	0.022
20.829	48.147	0.244	0.020
15.990	22.105	0.234	0.017
9.068	11.268	0.224	0.014
5.274	7.004	0.217	0.011
5.539	3.731	0.211	0.008
6.335	0.895	0.206	0.006
4.803	0.039	0.201	0.005
2.013	1.119	0.196	0.003
0.595	2.199	0.193	0.003
1.225	1.865	0.190	0.002
2.136	0.699	0.187	0.002
1.744	0.121	0.185	0.002
0.470	0.507	0.183	0.001
-0.186	0.977	0.181	0.001
0.323	0.756	0.179	0.001
1.092	0.121	0.178	0.001
1.137	-0.128	0.176	0.001
0.546	0.254	0.174	0.001
0.117	0.742	0.173	0.001
0.247	0.781	0.171	0.001
0.559	0.423	0.170	0.001
0.532	0.131	0.169	0.001
0.171	0.161	0.168	0.001
-0.100	0.325	0.167	0.001
-0.032	0.333	0.167	0.001
0.188	0.165	0.167	0.001
0.247	0.030	0.166	0.001
0.105	0.060	0.166	0.001
-0.028	0.162	0.165	0.001
0.003	0.175	0.165	0.001
0.120	0.077	0.165	0.000
0.162	-0.016	0.164	0.000
0.093	-0.017	0.164	0.000
0.023	0.038	0.164	0.000
0.036	0.059	0.163	0.000
0.097	0.022	0.163	0.000
0.120	-0.019	0.162	0.000
0.077	-0.016	0.162	0.000
0.029	0.015	0.161	0.000
0.028	0.029	0.161	0.000
0.061	0.011	0.161	0.000
0.076	-0.007	0.161	0.000
0.054	0.003	0.160	0.000
0.025	0.031	0.160	0.000
0.024	0.048	0.160	0.000
0.048	0.042	0.159	0.000
0.065	0.028	0.158	0.000
0.057	0.024	0.157	0.000
0.037	0.034	0.156	0.000
0.029	0.043	0.155	0.000
0.037	0.047	0.154	0.000
0.046	0.048	0.152	0.000
0.044	0.055	0.150	0.000
0.036	0.064	0.148	0.000
0.032	0.071	0.147	0.000
0.035	0.074	0.146	0.000
0.039	0.080	0.144	0.000
0.038	0.089	0.143	0.000
0.035	0.094	0.142	0.000
0.036	0.088	0.139	0.000
0.039	0.076	0.134	0.000
0.040	0.072	0.127	0.000
0.035	0.080	0.117	0.000
0.027	0.092	0.106	0.000
0.024	0.092	0.095	0.000
0.026	0.077	0.088	0.000
0.027	0.062	0.092	0.000
0.024	0.059	0.112	0.000
0.017	0.068	0.149	0.000
0.011	0.074	0.198	0.000
0.009	0.065	0.255	0.000
0.009	0.047	0.314	0.000
0.007	0.031	0.374	0.000
0.004	0.024	0.433	0.000
0.003	0.021	0.490	0.000
0.003	0.018	0.542	0.000
0.006	0.013	0.589	0.000
0.006	0.010	0.629	0.000
0.005	0.009	0.663	0.000
0.004	0.009	0.694	0.000
0.004	0.010	0.722	0.000
0.006	0.010	0.746	0.000
0.007	0.014	0.763	0.000
0.006	0.021	0.774	0.000
0.006	0.028	0.779	0.000
0.006	0.034	0.780	0.000
0.006	0.035	0.781	0.000
0.007	0.035	0.782	0.000
0.008	0.034	0.786	0.000
0.008	0.033	0.793	0.000
0.008	0.031	0.804	0.000
0.008	0.030	0.820	0.000
0.008	0.031	0.840	0.000
0.009	0.033	0.861	0.000
0.010	0.038	0.878	0.000
0.011	0.044	0.889	0.000
0.012	0.048	0.895	0.000
0.013	0.048	0.897	0.000
0.011	0.043	0.897	0.000
0.009	0.036	0.895	0.000
0.008	0.030	0.891	0.000
0.008	0.028	0.885	0.000
0.008	0.029	0.877	0.000
0.007	0.032	0.870	0.000
0.006	0.035	0.862	0.000
0.006	0.037	0.853	0.000
0.006	0.039	0.844	0.000
0.007	0.039	0.835	0.000
0.009	0.039	0.826	0.000
0.011	0.038	0.816	0.000
0.012	0.037	0.805	0.000
0.014	0.037	0.795	0.000
0.014	0.038	0.786	0.000
0.015	0.042	0.778	0.000
0.015	0.046	0.770	0.000
0.017	0.049	0.760	0.000
0.019	0.050	0.749	0.000
0.022	0.051	0.737	0.000
0.023	0.057	0.727	0.000
0.023	0.066	0.717	0.000
0.022	0.073	0.709	0.000
0.021	0.075	0.704	0.000
0.020	0.071	0.702	0.000
0.020	0.068	0.702	0.000
0.019	0.071	0.706	0.000
0.019	0.077	0.711	0.000
0.020	0.081	0.718	0.000
0.025	0.077	0.723	0.000
0.041	0.066	0.722	0.000
0.088	0.057	0.710	0.000
0.217	0.055	0.678	0.000
0.491	0.062	0.621	0.000
0.990	0.074	0.539	0.000
1.761	0.090	0.448	0.000
2.810	0.115	0.370	0.000
4.006	0.168	0.331	0.001
5.210	0.276	0.340	0.001
6.385	0.458	0.387	0.001
7.384	0.703	0.450	0.001
8.008	0.961	0.510	0.001
8.158	1.184	0.558	0.001
8.059	1.331	0.597	0.001
7.960	1.442	0.630	0.002
8.126	1.628	0.659	0.002
8.492	1.972	0.683	0.002
8.748	2.408	0.703	0.002
8.926	2.763	0.719	0.002
9.282	2.918	0.734	0.002
9.879	3.002	0.747	0.002
10.429	3.250	0.757	0.003
10.650	3.782	0.765	0.003
10.466	4.486	0.772	0.003
10.071	5.155	0.780	0.003
9.989	5.653	0.787	0.003
10.568	6.060	0.794	0.003
11.534	6.581	0.798	0.004
12.295	7.451	0.801	0.004
12.315	8.804	0.801	0.004
11.539	10.328	0.797	0.004
10.348	11.398	0.789	0.005
9.051	11.512	0.776	0.005
7.634	10.661	0.760	0.005
6.212	9.363	0.743	0.005
5.014	8.177	0.725	0.005
4.126	7.284	0.707	0.005
3.508	6.640	0.689	0.004
2.993	6.186	0.673	0.004
2.500	5.952	0.657	0.004
2.055	5.920	0.643	0.004
1.768	5.950	0.628	0.004
1.607	5.893	0.614	0.004
1.474	5.767	0.599	0.004
1.289	5.706	0.584	0.004
1.107	5.765	0.569	0.004
1.040	5.808	0.555	0.004
1.185	5.636	0.540	0.004
1.955	5.185	0.526	0.004
3.520	4.587	0.513	0.004
6.117	4.047	0.500	0.003
9.822	3.665	0.486	0.003
14.554	3.388	0.473	0.003
19.549	3.103	0.461	0.003
23.896	2.737	0.450	0.003
26.665	2.301	0.441	0.003
27.358	1.844	0.434	0.002
25.930	1.433	0.427	0.002
23.119	1.138	0.422	0.002
19.720	1.028	0.416	0.002
16.191	1.121	0.411	0.002
12.701	1.315	0.407	0.002
9.394	1.450	0.403	0.002
6.406	1.436	0.400	0.002
3.979	1.314	0.397	0.002
2.263	1.192	0.394	0.002
1.210	1.119	0.392	0.002
0.631	1.057	0.389	0.002
0.361	0.963	0.386	0.002
0.263	0.858	0.384	0.002
0.240	0.792	0.380	0.002
0.224	0.777	0.377	0.001
0.189	0.762	0.373	0.001
0.149	0.688	0.370	0.001
0.128	0.562	0.367	0.001
0.128	0.440	0.364	0.001
0.127	0.373	0.361	0.001
0.110	0.348	0.358	0.001
0.084	0.323	0.355	0.001
0.070	0.272	0.352	0.001
0.074	0.209	0.349	0.001
0.080	0.164	0.346	0.001
0.075	0.145	0.343	0.001
0.061	0.131	0.340	0.001
0.050	0.105	0.338	0.001
0.047	0.070	0.335	0.001
0.046	0.046	0.333	0.001
0.040	0.041	0.331	0.000
0.029	0.049	0.330	0.000
0.020	0.052	0.329	0.000
0.019	0.045	0.328	0.000
0.022	0.037	0.328	0.000
0.022	0.036	0.327	0.000
0.018	0.039	0.327	0.000
0.014	0.039	0.326	0.000
0.013	0.033	0.326	0.000
0.013	0.025	0.325	0.000
0.012	0.022	0.325	0.000
0.011	0.023	0.324	0.000
0.011	0.024	0.322	0.000
0.013	0.023	0.320	0.000
0.014	0.022	0.316	0.000
0.015	0.023	0.311	0.000
0.015	0.025	0.304	0.000
0.014	0.024	0.295	0.000
0.012	0.020	0.283	0.000
0.008	0.014	0.268	0.000
0.005	0.010	0.252	0.000
0.005	0.007	0.237	0.000
0.007	0.005	0.224	0.000
0.009	0.004	0.217	0.000
0.009	0.004	0.220	0.000
0.007	0.004	0.235	0.000
0.006	0.006	0.262	0.000
0.007	0.006	0.298	0.000
0.008	0.006	0.339	0.000
0.008	0.006	0.382	0.000
0.008	0.005	0.427	0.000
0.007	0.003	0.474	0.000
0.006	0.002	0.523	0.000
0.005	0.001	0.573	0.000
0.003	0.001	0.624	0.000
0.002	0.001	0.673	0.000
0.002	0.001	0.720	0.000
0.003	0.000	0.762	0.000
0.004	0.000	0.797	0.000
0.004	0.001	0.824	0.000
0.003	0.002	0.842	0.000
0.003	0.003	0.853	0.000
0.003	0.004	0.857	0.000
0.003	0.004	0.859	0.000
0.004	0.005	0.859	0.000
0.004	0.005	0.859	0.000
0.004	0.006	0.857	0.000
0.005	0.007	0.855	0.000
0.007	0.007	0.853	0.000
0.009	0.007	0.850	0.000
0.010	0.007	0.849	0.000
0.011	0.008	0.847	0.000
0.012	0.008	0.846	0.000
0.013	0.007	0.844	0.000
