0.000	0.000	0.000	0.000
0.021	0.000	0.000	0.000
0.067	0.000	0.000	0.000
0.108	0.001	0.000	0.000
0.111	0.004	0.000	0.000
0.079	0.011	0.000	0.000
0.046	0.018	0.000	0.000
0.043	0.020	0.000	0.000
0.067	0.014	0.000	0.000
0.090	0.008	0.000	0.000
0.095	0.007	0.000	0.000
0.084	0.012	0.000	0.000
0.078	0.021	0.000	0.000
0.081	0.028	0.000	0.000
0.081	0.030	0.000	0.000
0.079	0.028	0.000	0.000
0.073	0.026	0.000	0.000
0.067	0.025	0.000	0.000
0.059	0.024	0.000	0.000
0.048	0.024	0.000	0.000
0.037	0.024	0.000	0.000
0.032	0.027	0.000	0.000
0.033	0.031	0.000	0.000
0.037	0.034	0.000	0.000
0.037	0.033	0.000	0.000
0.035	0.028	0.000	0.000
0.033	0.022	0.000	0.000
0.032	0.018	0.000	0.000
0.033	0.017	0.000	0.000
0.032	0.016	0.000	0.000
0.030	0.017	0.000	0.000
0.028	0.018	0.000	0.000
0.027	0.023	0.000	0.000
0.028	0.029	0.000	0.000
0.030	0.032	0.000	0.000
0.030	0.029	0.000	0.000
0.025	0.022	0.000	0.000
0.020	0.018	0.000	0.000
0.016	0.021	0.000	0.000
0.016	0.028	0.000	0.000
0.020	0.035	0.000	0.000
0.026	0.038	0.000	0.000
0.029	0.040	0.000	0.000
0.029	0.044	0.000	0.000
0.029	0.052	0.000	0.000
0.032	0.059	0.000	0.000
0.037	0.065	0.000	0.000
0.042	0.079	0.000	0.000
0.043	0.095	0.000	0.000
0.041	0.101	0.000	0.000
0.038	0.094	0.000	0.000
0.038	0.078	0.000	0.000
0.040	0.064	0.000	0.000
0.041	0.058	0.000	0.000
0.040	0.057	0.000	0.000
0.037	0.054	0.000	0.000
0.034	0.048	0.000	0.000
0.032	0.045	0.000	0.000
0.029	0.046	0.000	0.000
0.025	0.049	0.000	0.000
0.022	0.051	0.000	0.000
0.020	0.048	0.000	0.000
0.019	0.042	0.000	0.000
0.018	0.038	0.000	0.000
0.017	0.036	0.000	0.000
0.018	0.035	0.000	0.000
0.018	0.034	0.000	0.000
0.017	0.032	0.000	0.000
0.015	0.029	0.000	0.000
0.012	0.026	0.000	0.000
0.009	0.021	0.000	0.000
0.008	0.016	0.000	0.000
0.008	0.011	0.000	0.000
0.007	0.008	0.000	0.000
0.006	0.007	0.000	0.000
0.005	0.007	0.000	0.000
0.005	0.007	0.000	0.000
0.006	0.005	0.000	0.000
0.007	0.003	0.000	0.000
0.008	0.003	0.000	0.000
0.009	0.004	0.000	0.000
0.014	0.005	0.000	0.000
0.018	0.006	0.000	0.000
0.020	0.006	0.000	0.000
0.018	0.009	0.000	0.000
0.015	0.013	0.000	0.000
0.016	0.017	0.000	0.000
0.020	0.020	0.000	0.000
0.023	0.020	0.000	0.000
0.023	0.022	0.000	0.000
0.022	0.027	0.000	0.000
0.021	0.034	0.000	0.000
0.022	0.039	0.000	0.000
0.023	0.037	0.000	0.000
0.023	0.033	0.000	0.000
0.021	0.030	0.000	0.000
0.020	0.032	0.000	0.000
0.019	0.042	0.000	0.000
0.017	0.054	0.000	0.000
0.014	0.061	0.000	0.000
0.011	0.057	0.071	0.000
0.009	0.041	0.218	0.000
0.007	0.022	0.375	0.000
0.007	0.009	0.461	0.000
0.006	0.005	0.457	0.000
0.005	0.004	0.419	0.000
0.005	0.004	0.414	0.000
0.007	0.001	0.455	0.000
0.009	-0.001	0.500	0.000
0.011	-0.000	0.516	0.000
0.011	0.002	0.511	0.000
0.010	0.004	0.517	0.000
0.008	0.005	0.543	0.000
0.009	0.004	0.569	0.000
0.011	0.004	0.578	0.000
0.013	0.004	0.572	0.000
0.012	0.003	0.569	0.000
0.010	0.003	0.576	0.000
0.009	0.003	0.583	0.000
0.009	0.003	0.577	0.000
0.011	0.003	0.560	0.000
0.015	0.004	0.539	0.000
0.020	0.004	0.520	0.000
0.026	0.005	0.500	0.000
0.031	0.006	0.473	0.000
0.036	0.008	0.441	0.000
0.038	0.011	0.410	0.000
0.039	0.016	0.384	0.000
0.037	0.020	0.362	0.000
0.031	0.021	0.339	0.000
0.022	0.018	0.316	0.000
0.016	0.014	0.294	0.000
0.013	0.011	0.276	0.000
0.015	0.009	0.261	0.000
0.016	0.008	0.246	0.000
0.014	0.006	0.233	0.000
0.009	0.004	0.221	0.000
0.006	0.003	0.211	0.000
0.007	0.004	0.202	0.000
0.009	0.005	0.194	0.000
0.009	0.006	0.185	0.000
0.007	0.006	0.176	0.000
0.006	0.007	0.168	0.000
0.007	0.009	0.160	0.000
0.007	0.013	0.153	0.000
0.007	0.016	0.146	0.000
0.006	0.015	0.139	0.000
0.007	0.012	0.134	0.000
0.007	0.009	0.130	0.000
0.005	0.009	0.126	0.000
0.003	0.010	0.123	0.000
0.002	0.009	0.121	0.000
0.002	0.007	0.121	0.000
0.004	0.003	0.122	0.000
0.005	0.000	0.122	0.000
0.006	-0.000	0.121	0.000
0.007	0.001	0.118	0.000
0.010	0.003	0.112	0.000
0.014	0.007	0.104	0.000
0.015	0.013	0.095	0.000
0.013	0.022	0.083	0.000
0.011	0.029	0.072	0.000
0.012	0.030	0.059	0.000
0.016	0.025	0.047	0.000
0.020	0.019	0.035	0.000
0.020	0.016	0.026	0.000
0.019	0.017	0.025	0.000
0.017	0.019	0.032	0.000
0.017	0.021	0.045	0.000
0.017	0.022	0.058	0.000
0.018	0.024	0.069	0.000
0.019	0.023	0.076	0.000
0.020	0.019	0.083	0.000
0.021	0.014	0.091	0.000
0.020	0.012	0.099	0.000
0.018	0.016	0.106	0.000
0.017	0.022	0.112	0.000
0.018	0.026	0.119	0.000
0.021	0.024	0.126	0.000
0.022	0.018	0.134	0.000
0.019	0.015	0.139	0.000
0.015	0.018	0.142	0.000
0.014	0.024	0.143	0.000
0.014	0.027	0.142	0.000
0.015	0.024	0.142	0.000
0.015	0.018	0.141	0.000
0.014	0.013	0.140	0.000
0.014	0.011	0.139	0.000
0.014	0.011	0.140	0.000
0.014	0.012	0.143	0.000
0.014	0.013	0.149	0.000
0.014	0.012	0.156	0.000
0.016	0.010	0.164	0.000
0.017	0.008	0.173	0.000
0.017	0.008	0.181	0.000
0.016	0.011	0.188	0.000
0.015	0.016	0.193	0.000
0.015	0.017	0.196	0.000
0.015	0.015	0.200	0.000
0.016	0.017	0.205	0.000
0.016	0.022	0.211	0.000
0.015	0.024	0.216	0.000
0.013	0.016	0.219	0.000
0.010	0.005	0.222	0.000
0.008	-0.002	0.223	0.000
0.008	-0.002	0.224	0.000
0.009	0.003	0.225	0.000
0.009	0.005	0.225	0.000
0.007	0.002	0.226	0.000
0.006	-0.000	0.227	0.000
0.005	0.001	0.228	0.000
0.006	0.004	0.231	0.000
0.008	0.005	0.234	0.000
0.008	0.004	0.239	0.000
0.007	0.003	0.244	0.000
0.005	0.005	0.249	0.000
0.004	0.009	0.255	0.000
0.005	0.014	0.262	0.000
0.005	0.016	0.270	0.000
0.005	0.013	0.279	0.000
0.004	0.010	0.289	0.000
0.003	0.009	0.301	0.000
0.003	0.011	0.315	0.000
0.004	0.012	0.332	0.000
0.005	0.011	0.353	0.000
0.005	0.009	0.377	0.000
0.004	0.007	0.402	0.000
0.004	0.008	0.429	0.000
0.004	0.009	0.456	0.000
0.004	0.010	0.483	0.000
0.004	0.011	0.509	0.000
0.003	0.011	0.534	0.000
0.003	0.011	0.557	0.000
0.004	0.010	0.578	0.000
0.004	0.008	0.596	0.000
0.004	0.006	0.611	0.000
0.005	0.005	0.623	0.000
0.006	0.006	0.634	0.000
0.007	0.007	0.645	0.000
0.007	0.008	0.656	0.000
0.006	0.010	0.668	0.000
0.005	0.012	0.682	0.000
0.006	0.013	0.697	0.000
0.008	0.012	0.714	0.000
0.011	0.011	0.729	0.000
0.012	0.010	0.741	0.000
0.011	0.013	0.750	0.000
0.009	0.019	0.754	0.000
0.007	0.027	0.757	0.000
0.006	0.031	0.758	0.000
0.007	0.027	0.760	0.000
0.009	0.017	0.762	0.000
0.015	0.008	0.765	0.000
0.034	0.003	0.768	0.000
0.090	0.003	0.771	0.000
0.242	0.005	0.773	0.000
0.550	0.009	0.775	0.000
1.063	0.019	0.775	0.000
1.797	0.030	0.773	0.000
2.640	0.034	0.769	0.000
3.485	0.029	0.762	0.000
4.259	0.020	0.753	0.000
4.925	0.021	0.744	0.000
5.490	0.032	0.739	0.000
5.894	0.041	0.735	0.000
6.126	0.038	0.731	0.000
6.127	0.024	0.727	0.000
5.958	0.012	0.722	0.000
5.741	0.009	0.718	0.000
5.514	0.011	0.711	0.000
5.252	0.012	0.702	0.000
4.931	0.013	0.690	0.000
4.566	0.019	0.675	0.000
4.194	0.030	0.658	0.000
3.837	0.037	0.640	0.000
3.483	0.037	0.619	0.000
3.128	0.034	0.596	0.000
2.798	0.030	0.571	0.000
2.504	0.027	0.545	0.000
2.244	0.026	0.520	0.000
2.018	0.028	0.496	0.000
1.810	0.031	0.476	0.000
1.624	0.033	0.460	0.000
1.460	0.034	0.447	0.000
1.298	0.045	0.438	0.000
1.116	0.067	0.432	0.000
0.930	0.087	0.427	0.000
0.762	0.091	0.423	0.000
0.622	0.083	0.419	0.000
0.504	0.080	0.416	0.000
0.399	0.093	0.413	0.000
0.302	0.105	0.411	0.000
0.222	0.097	0.408	0.000
0.161	0.068	0.404	0.000
0.115	0.044	0.400	0.000
0.078	0.048	0.396	0.000
0.048	0.071	0.395	0.000
0.031	0.086	0.398	0.000
0.026	0.080	0.408	0.000
0.028	0.063	0.426	0.000
0.029	0.052	0.448	0.000
0.027	0.050	0.473	0.000
0.023	0.047	0.495	0.000
0.021	0.038	0.513	0.000
0.020	0.029	0.526	0.000
0.018	0.030	0.532	0.000
0.015	0.036	0.532	0.000
0.013	0.037	0.526	0.000
0.013	0.028	0.515	0.000
0.015	0.015	0.502	0.000
0.016	0.007	0.492	0.000
0.014	0.007	0.486	0.000
0.011	0.012	0.483	0.000
0.010	0.019	0.480	0.000
0.011	0.024	0.476	0.000
0.011	0.027	0.472	0.000
0.010	0.028	0.472	0.000
0.008	0.024	0.474	0.000
0.008	0.018	0.477	0.000
0.010	0.012	0.477	0.000
0.012	0.009	0.475	0.000
0.013	0.010	0.471	0.000
0.011	0.013	0.467	0.000
0.008	0.016	0.464	0.000
0.006	0.018	0.459	0.000
0.006	0.017	0.453	0.000
0.007	0.013	0.444	0.000
0.008	0.008	0.435	0.000
0.009	0.004	0.426	0.000
0.009	0.004	0.418	0.000
0.008	0.010	0.413	0.000
0.008	0.016	0.409	0.000
0.007	0.016	0.406	0.000
0.006	0.011	0.403	0.000
0.006	0.007	0.401	0.000
0.007	0.005	0.399	0.000
0.011	0.006	0.396	0.000
0.015	0.006	0.390	0.000
0.015	0.006	0.379	0.000
0.014	0.005	0.367	0.000
0.017	0.006	0.352	0.000
0.041	0.008	0.338	0.000
0.111	0.010	0.326	0.000
0.245	0.013	0.316	0.000
0.451	0.018	0.307	0.000
0.725	0.022	0.300	0.000
1.057	0.027	0.297	0.000
1.422	0.031	0.298	0.000
1.784	0.034	0.301	0.000
2.115	0.037	0.299	0.000
2.426	0.038	0.285	0.000
2.696	0.032	0.257	0.000
2.915	0.021	0.223	0.000
3.058	0.012	0.188	0.000
3.098	0.011	0.157	0.000
3.054	0.022	0.132	0.000
2.982	0.038	0.111	0.000
2.914	0.048	0.094	0.000
2.848	0.049	0.083	0.000
2.784	0.042	0.077	0.000
2.715	0.036	0.076	0.000
2.626	0.035	0.078	0.000
2.511	0.034	0.082	0.000
2.402	0.031	0.085	0.000
2.295	0.037	0.087	0.000
2.183	0.057	0.088	0.000
2.064	0.079	0.086	0.000
1.973	0.077	0.082	0.000
1.914	0.047	0.078	0.000
1.837	0.011	0.078	0.000
1.694	-0.004	0.083	0.000
1.506	0.007	0.094	0.000
1.338	0.023	0.112	0.000
1.225	0.026	0.135	0.000
1.142	0.018	0.160	0.000
1.054	0.014	0.185	0.000
0.975	0.022	0.207	0.000
0.930	0.032	0.228	0.000
0.910	0.029	0.249	0.000
0.874	0.018	0.270	0.000
0.793	0.018	0.290	0.000
0.684	0.033	0.309	0.000
0.587	0.055	0.328	0.000
0.530	0.071	0.346	0.000
0.529	0.078	0.362	0.000
0.536	0.081	0.373	0.000
0.504	0.091	0.378	0.000
0.444	0.112	0.380	0.000
0.394	0.128	0.381	0.000
0.370	0.129	0.382	0.001
0.355	0.123	0.383	0.001
0.324	0.114	0.385	0.001
0.267	0.106	0.386	0.001
0.210	0.100	0.388	0.001
0.180	0.104	0.392	0.001
0.176	0.119	0.394	0.001
0.186	0.135	0.394	0.001
0.184	0.134	0.394	0.001
0.162	0.117	0.398	0.001
0.136	0.103	0.406	0.001
0.114	0.104	0.416	0.001
0.100	0.113	0.425	0.001
0.091	0.107	0.429	0.000
0.090	0.079	0.428	0.000
0.106	0.046	0.424	0.000
0.136	0.029	0.417	0.000
0.169	0.032	0.409	0.000
0.186	0.039	0.401	0.000
0.179	0.036	0.393	0.000
0.169	0.026	0.386	0.000
0.161	0.020	0.381	0.000
0.150	0.029	0.378	0.000
0.132	0.051	0.376	0.000
0.115	0.077	0.374	0.000
0.110	0.093	0.372	0.000
0.115	0.092	0.372	0.000
0.118	0.083	0.376	0.000
0.113	0.082	0.384	0.000
0.102	0.093	0.396	0.000
0.092	0.106	0.411	0.000
0.088	0.114	0.426	0.000
0.086	0.119	0.441	0.000
0.081	0.125	0.454	0.001
0.080	0.125	0.465	0.001
0.082	0.111	0.475	0.001
0.079	0.089	0.483	0.001
0.068	0.078	0.490	0.001
0.051	0.091	0.499	0.000
0.039	0.110	0.507	0.000
0.041	0.112	0.515	0.000
0.053	0.087	0.522	0.000
0.072	0.051	0.529	0.000
0.093	0.023	0.536	0.000
0.118	0.011	0.542	0.000
0.150	0.011	0.547	0.000
0.191	0.011	0.549	0.000
0.237	0.008	0.549	0.000
0.289	0.010	0.547	0.000
0.392	0.034	0.541	0.000
0.505	0.095	0.530	0.000
0.583	0.202	0.515	0.000
0.600	0.327	0.496	0.001
0.590	0.438	0.475	0.001
0.607	0.522	0.450	0.001
0.669	0.619	0.424	0.001
0.752	0.744	0.398	0.001
0.827	0.850	0.371	0.001
0.903	0.876	0.343	0.001
0.960	0.846	0.314	0.001
1.006	0.846	0.282	0.001
1.030	0.937	0.247	0.001
1.054	1.097	0.211	0.002
1.092	1.255	0.173	0.002
1.144	1.376	0.133	0.002
1.197	1.520	0.095	0.002
1.220	1.773	0.067	0.002
1.223	2.124	0.065	0.002
1.213	2.422	0.092	0.002
1.203	2.476	0.138	0.002
1.185	2.219	0.187	0.002
1.154	1.768	0.226	0.002
1.103	1.290	0.256	0.002
1.049	0.889	0.281	0.002
1.013	0.577	0.307	0.002
1.021	0.345	0.332	0.001
1.062	0.209	0.351	0.001
1.151	0.197	0.365	0.001
1.334	0.299	0.377	0.001
1.727	0.455	0.390	0.001
2.393	0.613	0.402	0.001
3.307	0.781	0.413	0.001
4.346	1.017	0.423	0.001
5.443	1.371	0.434	0.001
6.651	1.851	0.448	0.002
8.042	2.441	0.464	0.002
9.596	3.177	0.480	0.002
11.291	4.167	0.495	0.003
13.088	5.533	0.511	0.003
15.288	7.344	0.527	0.003
17.692	9.547	0.545	0.004
20.021	12.260	0.561	0.004
22.127	15.752	0.578	0.005
24.285	20.008	0.593	0.006
26.690	24.318	0.609	0.006
29.614	27.710	0.626	0.007
32.983	29.815	0.643	0.007
36.400	31.591	0.659	0.008
39.657	34.665	0.675	0.008
42.668	40.222	0.690	0.009
45.743	48.345	0.704	0.010
49.061	58.271	0.717	0.010
52.582	69.047	0.728	0.011
55.902	80.524	0.738	0.012
58.843	93.228	0.748	0.013
61.298	107.547	0.756	0.014
63.862	122.931	0.763	0.015
65.252	137.264	0.770	0.016
63.972	148.129	0.776	0.017
60.139	154.034	0.782	0.018
55.616	154.229	0.787	0.018
52.314	148.425	0.791	0.018
49.975	137.729	0.795	0.018
47.113	125.021	0.798	0.018
42.813	113.344	0.802	0.018
37.762	103.359	0.805	0.017
33.040	92.939	0.808	0.016
29.237	80.502	0.811	0.016
26.050	67.716	0.813	0.015
23.094	57.814	0.816	0.014
20.566	52.113	0.818	0.013
18.750	48.881	0.821	0.012
17.492	45.520	0.823	0.012
16.290	41.340	0.825	0.011
14.778	37.656	0.827	0.011
13.186	35.481	0.828	0.010
11.907	34.055	0.830	0.010
10.895	31.711	0.831	0.009
9.896	27.900	0.833	0.009
8.797	23.487	0.834	0.008
7.802	19.559	0.835	0.008
7.051	16.372	0.836	0.007
6.529	13.632	0.837	0.007
6.019	11.260	0.838	0.006
5.435	9.600	0.839	0.006
4.850	8.728	0.840	0.006
4.340	8.197	0.841	0.005
3.901	7.431	0.841	0.005
3.431	6.270	0.842	0.004
2.925	5.015	0.842	0.004
2.472	4.004	0.843	0.004
2.131	3.275	0.843	0.004
1.867	2.669	0.843	0.003
1.602	2.113	0.844	0.003
1.315	1.693	0.844	0.003
1.063	1.483	0.844	0.002
0.899	1.396	0.844	0.002
0.805	1.270	0.844	0.002
0.707	1.041	0.844	0.002
0.569	0.778	0.844	0.002
0.433	0.570	0.845	0.002
0.346	0.426	0.845	0.001
0.307	0.302	0.846	0.001
0.283	0.184	0.847	0.001
0.246	0.115	0.848	0.001
0.208	0.125	0.850	0.001
0.191	0.183	0.852	0.001
0.203	0.216	0.854	0.001
0.228	0.193	0.856	0.001
0.253	0.147	0.858	0.001
0.281	0.138	0.861	0.001
0.325	0.179	0.863	0.001
0.390	0.243	0.865	0.001
0.470	0.314	0.867	0.001
0.560	0.421	0.869	0.001
0.671	0.584	0.871	0.001
0.833	0.764	0.872	0.001
1.069	0.898	0.873	0.001
1.376	1.010	0.874	0.001
1.722	1.192	0.874	0.001
2.141	1.529	0.873	0.002
2.630	2.005	0.871	0.002
3.196	2.518	0.869	0.002
3.984	2.993	0.865	0.002
5.099	3.481	0.860	0.002
6.545	4.153	0.854	0.003
8.580	5.161	0.846	0.003
10.934	6.500	0.838	0.003
13.283	8.132	0.829	0.004
15.846	10.127	0.820	0.004
18.724	12.459	0.809	0.005
21.692	14.988	0.798	0.005
24.498	17.344	0.786	0.005
27.287	19.198	0.774	0.006
30.490	20.626	0.761	0.006
34.335	22.002	0.748	0.007
38.372	23.857	0.734	0.007
42.181	26.891	0.719	0.007
45.676	31.322	0.704	0.008
49.051	37.000	0.688	0.008
52.684	43.845	0.670	0.009
56.842	51.927	0.652	0.010
61.339	60.952	0.634	0.011
65.963	71.071	0.614	0.011
70.898	83.023	0.593	0.012
77.047	97.912	0.572	0.013
84.186	115.582	0.550	0.015
91.684	134.247	0.527	0.016
100.569	152.417	0.505	0.017
111.398	171.908	0.483	0.018
123.774	196.636	0.463	0.020
136.263	230.183	0.444	0.021
145.927	272.929	0.429	0.023
150.087	321.432	0.418	0.024
147.824	369.076	0.411	0.026
139.284	406.308	0.408	0.027
126.641	423.641	0.409	0.028
113.667	415.977	0.415	0.029
103.106	385.409	0.423	0.030
95.011	340.425	0.435	0.029
87.989	291.948	0.449	0.029
80.975	248.318	0.465	0.028
74.189	212.984	0.483	0.026
68.371	185.237	0.501	0.025
63.497	162.589	0.519	0.023
58.684	143.151	0.537	0.022
52.918	127.035	0.556	0.020
46.797	114.666	0.574	0.019
41.341	105.009	0.593	0.018
37.116	95.798	0.611	0.017
33.744	85.255	0.628	0.016
30.746	73.654	0.645	0.015
27.823	62.959	0.661	0.014
24.974	54.824	0.677	0.013
22.357	49.315	0.693	0.013
19.815	45.206	0.707	0.012
17.365	41.291	0.721	0.011
15.180	37.412	0.734	0.011
13.329	34.031	0.747	0.010
11.601	31.396	0.760	0.010
9.933	29.088	0.771	0.009
8.354	26.410	0.783	0.009
7.045	23.122	0.794	0.008
6.072	19.658	0.804	0.008
5.331	16.582	0.814	0.007
4.676	14.216	0.824	0.007
4.064	12.385	0.833	0.006
3.540	10.749	0.841	0.006
3.107	9.192	0.849	0.006
2.726	7.840	0.856	0.005
2.378	6.810	0.862	0.005
2.098	6.021	0.868	0.004
1.908	5.311	0.873	0.004
1.758	4.611	0.878	0.004
1.578	3.996	0.882	0.004
1.369	3.542	0.886	0.003
1.198	3.208	0.889	0.003
1.120	2.891	0.891	0.003
1.097	2.566	0.893	0.003
1.056	2.306	0.895	0.003
0.973	2.167	0.896	0.003
0.892	2.085	0.897	0.002
0.862	1.934	0.898	0.002
0.876	1.676	0.898	0.002
0.868	1.397	0.899	0.002
0.804	1.205	0.899	0.002
0.689	1.104	0.899	0.002
0.579	1.003	0.899	0.002
0.513	0.825	0.899	0.002
0.498	0.599	0.899	0.001
0.518	0.422	0.899	0.001
0.562	0.350	0.899	0.001
0.627	0.345	0.899	0.001
0.704	0.325	0.899	0.001
0.784	0.256	0.899	0.001
0.874	0.176	0.900	0.001
0.983	0.138	0.900	0.001
1.134	0.157	0.900	0.001
1.342	0.192	0.901	0.001
1.617	0.219	0.902	0.001
1.981	0.264	0.902	0.001
2.466	0.394	0.902	0.001
3.081	0.658	0.902	0.001
3.886	1.057	0.902	0.001
4.942	1.549	0.901	0.001
6.273	2.167	0.900	0.002
7.732	3.068	0.898	0.002
9.104	4.441	0.896	0.003
10.229	6.302	0.894	0.003
11.399	8.407	0.891	0.003
13.081	10.421	0.888	0.004
15.435	12.247	0.884	0.004
18.219	14.058	0.880	0.005
20.902	15.989	0.875	0.005
23.315	18.023	0.870	0.006
25.722	20.056	0.864	0.006
28.342	22.001	0.856	0.007
30.905	23.860	0.848	0.007
33.087	25.683	0.838	0.007
34.712	27.584	0.826	0.008
36.349	29.856	0.812	0.008
38.460	32.806	0.796	0.008
40.980	36.699	0.777	0.009
43.392	41.495	0.756	0.009
45.797	46.873	0.733	0.010
48.483	52.555	0.706	0.010
51.668	58.580	0.676	0.011
55.601	65.495	0.644	0.011
60.060	74.122	0.608	0.012
65.396	84.962	0.569	0.013
72.007	97.875	0.528	0.014
80.047	112.730	0.486	0.015
89.495	130.018	0.441	0.016
100.771	150.610	0.396	0.017
113.726	175.514	0.349	0.018
128.326	206.263	0.303	0.020
143.718	244.538	0.260	0.021
157.921	291.377	0.224	0.023
167.494	344.258	0.198	0.025
169.246	396.674	0.185	0.027
162.301	440.218	0.187	0.028
149.463	466.376	0.202	0.030
135.755	468.978	0.224	0.031
124.764	446.239	0.250	0.031
116.680	401.501	0.278	0.031
109.154	342.867	0.305	0.031
100.634	280.837	0.333	0.029
91.228	225.370	0.360	0.028
81.882	182.657	0.385	0.026
73.271	153.448	0.409	0.024
65.689	133.544	0.431	0.022
58.905	117.302	0.452	0.020
53.569	101.467	0.473	0.019
48.694	86.273	0.492	0.017
43.301	74.751	0.511	0.016
37.371	68.198	0.529	0.015
31.715	63.873	0.546	0.014
27.129	57.700	0.562	0.013
23.512	48.332	0.577	0.012
19.991	38.441	0.591	0.012
16.287	31.752	0.604	0.011
12.737	28.617	0.617	0.010
10.274	26.317	0.629	0.009
8.997	22.234	0.640	0.009
7.964	16.809	0.651	0.008
6.337	12.743	0.661	0.007
4.312	11.633	0.671	0.007
2.581	12.037	0.680	0.006
1.589	11.101	0.689	0.006
1.155	7.741	0.698	0.005
0.880	3.641	0.705	0.004
0.687	1.107	0.713	0.004
0.946	0.690	0.719	0.003
1.822	1.117	0.725	0.003
3.095	1.118	0.731	0.002
4.546	0.758	0.735	0.002
6.145	0.969	0.738	0.002
8.213	2.204	0.740	0.002
11.054	3.990	0.741	0.002
14.189	5.684	0.741	0.003
17.654	7.323	0.740	0.003
20.863	9.367	0.738	0.004
23.236	12.125	0.735	0.004
24.919	15.400	0.732	0.005
26.717	18.646	0.728	0.005
29.710	21.452	0.723	0.006
33.077	24.048	0.718	0.007
35.653	27.844	0.711	0.007
37.113	34.775	0.704	0.008
38.589	45.120	0.697	0.009
41.884	56.697	0.689	0.010
46.164	66.461	0.680	0.011
48.647	73.888	0.671	0.012
48.146	81.817	0.662	0.012
46.520	93.163	0.652	0.013
46.873	107.706	0.642	0.014
49.868	122.451	0.631	0.015
53.284	134.434	0.620	0.016
54.550	142.956	0.609	0.017
52.952	148.052	0.598	0.017
49.518	148.702	0.587	0.018
45.155	143.487	0.577	0.018
41.402	133.279	0.566	0.018
38.243	120.553	0.556	0.018
36.086	108.150	0.546	0.017
34.553	97.316	0.537	0.017
33.045	88.141	0.528	0.016
30.911	80.351	0.519	0.015
28.278	73.240	0.511	0.015
25.431	65.303	0.504	0.014
22.618	55.737	0.497	0.013
19.778	45.340	0.490	0.012
16.772	36.443	0.483	0.012
13.769	30.700	0.477	0.011
11.151	27.525	0.470	0.010
9.099	24.846	0.464	0.009
7.503	21.323	0.458	0.008
6.150	17.495	0.452	0.008
4.960	14.836	0.446	0.007
4.009	13.909	0.440	0.007
3.365	13.744	0.434	0.006
2.921	12.980	0.428	0.006
2.620	11.215	0.421	0.006
2.318	9.135	0.415	0.005
1.980	7.615	0.409	0.005
1.642	6.786	0.402	0.005
1.384	6.122	0.395	0.004
1.215	5.154	0.389	0.004
1.100	3.900	0.382	0.004
1.011	2.709	0.375	0.003
0.943	1.854	0.368	0.003
0.926	1.308	0.361	0.003
1.005	0.923	0.355	0.002
1.144	0.657	0.348	0.002
1.322	0.600	0.342	0.002
1.525	0.826	0.336	0.002
1.766	1.286	0.332	0.002
2.089	1.868	0.329	0.002
2.598	2.502	0.329	0.002
3.193	3.191	0.330	0.002
3.795	4.027	0.334	0.003
4.484	5.148	0.341	0.003
5.247	6.648	0.349	0.003
6.085	8.470	0.360	0.004
6.995	10.334	0.372	0.004
8.105	11.930	0.386	0.004
9.518	13.246	0.400	0.005
11.310	14.611	0.413	0.005
13.380	16.389	0.426	0.006
15.630	18.834	0.437	0.006
18.226	21.952	0.445	0.007
21.237	25.584	0.451	0.007
24.472	29.428	0.454	0.007
27.550	33.224	0.455	0.008
30.413	36.848	0.453	0.008
33.180	40.379	0.449	0.009
35.941	44.199	0.442	0.009
38.602	48.862	0.434	0.010
41.084	54.782	0.423	0.011
43.740	62.054	0.410	0.011
46.600	70.292	0.395	0.012
49.778	79.301	0.380	0.012
53.155	89.564	0.363	0.013
56.743	101.601	0.345	0.014
60.543	115.128	0.327	0.015
64.211	128.443	0.309	0.016
65.833	139.114	0.290	0.016
64.653	145.250	0.272	0.017
61.338	145.259	0.255	0.017
57.543	138.076	0.239	0.018
54.252	124.082	0.224	0.017
51.391	105.916	0.210	0.017
48.266	88.038	0.198	0.017
44.806	74.264	0.187	0.016
41.515	65.490	0.178	0.015
38.860	60.153	0.169	0.014
36.673	56.138	0.162	0.013
33.897	52.343	0.157	0.013
29.966	48.908	0.153	0.012
25.226	45.945	0.152	0.011
20.729	42.798	0.151	0.011
17.204	38.586	0.153	0.010
14.721	33.199	0.156	0.010
12.909	27.619	0.161	0.009
11.279	23.131	0.167	0.009
9.673	20.161	0.174	0.008
8.129	18.111	0.183	0.008
6.767	16.165	0.193	0.007
5.658	14.125	0.204	0.007
4.788	12.453	0.216	0.006
4.075	11.529	0.229	0.006
3.451	11.084	0.243	0.006
2.868	10.440	0.257	0.005
2.329	9.209	0.273	0.005
1.894	7.620	0.289	0.005
1.631	6.182	0.305	0.005
1.492	5.138	0.323	0.004
1.327	4.302	0.342	0.004
1.092	3.394	0.361	0.004
0.860	2.412	0.381	0.003
0.745	1.593	0.401	0.003
0.786	1.111	0.422	0.003
0.995	0.884	0.444	0.002
1.374	0.693	0.466	0.002
2.002	0.448	0.488	0.002
2.836	0.256	0.509	0.001
3.942	0.246	0.531	0.001
5.306	0.422	0.552	0.001
6.816	0.692	0.573	0.001
8.500	1.001	0.593	0.001
10.209	1.372	0.612	0.001
11.847	1.839	0.630	0.002
13.355	2.400	0.646	0.002
14.845	3.054	0.660	0.002
16.452	3.806	0.672	0.002
18.203	4.692	0.682	0.003
19.879	5.814	0.689	0.003
21.427	7.337	0.694	0.004
22.996	9.356	0.696	0.004
24.750	11.725	0.697	0.004
26.190	14.132	0.695	0.005
26.975	16.559	0.691	0.005
27.502	19.438	0.686	0.006
28.596	22.999	0.678	0.006
30.548	26.848	0.668	0.007
33.245	30.452	0.656	0.008
36.108	34.386	0.642	0.008
38.868	40.430	0.626	0.009
41.795	49.985	0.607	0.010
45.439	61.881	0.586	0.010
49.858	73.266	0.563	0.011
55.231	82.333	0.538	0.012
61.344	90.601	0.512	0.013
67.819	101.761	0.485	0.014
74.826	118.958	0.457	0.015
82.410	142.033	0.429	0.016
90.082	168.001	0.401	0.018
96.735	194.049	0.373	0.019
100.407	219.321	0.345	0.020
99.446	243.227	0.320	0.021
93.752	261.764	0.297	0.022
85.031	267.433	0.276	0.023
76.898	254.946	0.258	0.023
71.201	227.162	0.242	0.023
67.601	194.918	0.229	0.023
64.452	169.174	0.219	0.023
60.701	153.102	0.211	0.022
56.256	141.590	0.206	0.021
51.627	127.927	0.202	0.020
47.112	110.500	0.201	0.018
42.849	93.094	0.201	0.017
38.607	79.576	0.204	0.016
34.364	70.037	0.208	0.015
30.189	61.789	0.213	0.014
26.186	52.955	0.220	0.013
22.538	44.187	0.229	0.012
19.442	37.081	0.239	0.011
16.926	32.013	0.250	0.011
14.763	28.057	0.263	0.010
12.710	24.479	0.276	0.009
10.810	21.584	0.290	0.009
9.145	19.969	0.306	0.008
7.773	19.385	0.322	0.008
6.699	18.823	0.339	0.007
5.792	17.520	0.357	0.007
4.981	15.641	0.376	0.007
4.260	13.843	0.396	0.006
3.644	12.421	0.416	0.006
3.131	11.074	0.437	0.006
2.719	9.436	0.458	0.005
2.409	7.586	0.479	0.005
2.192	5.962	0.500	0.005
2.037	4.862	0.521	0.004
1.877	4.162	0.541	0.004
1.674	3.551	0.561	0.004
1.454	2.888	0.580	0.003
1.291	2.269	0.598	0.003
1.232	1.817	0.616	0.003
1.254	1.513	0.634	0.002
1.306	1.256	0.651	0.002
1.357	1.024	0.667	0.002
1.441	0.897	0.682	0.002
1.632	0.926	0.697	0.002
1.994	1.032	0.712	0.002
2.514	1.076	0.726	0.002
3.109	1.012	0.739	0.002
3.731	0.936	0.752	0.002
4.346	0.977	0.764	0.002
5.001	1.161	0.776	0.002
5.736	1.399	0.787	0.002
6.529	1.578	0.797	0.002
7.687	1.646	0.807	0.002
9.216	1.597	0.817	0.002
11.102	1.461	0.825	0.002
12.563	1.290	0.833	0.002
12.798	1.142	0.841	0.002
11.923	1.035	0.848	0.002
10.601	0.926	0.855	0.002
9.450	0.764	0.862	0.002
8.643	0.567	0.868	0.001
7.927	0.410	0.874	0.001
7.182	0.346	0.880	0.001
6.416	0.346	0.885	0.001
5.822	0.328	0.890	0.001
5.411	0.249	0.894	0.001
5.047	0.134	0.898	0.001
4.596	0.055	0.902	0.001
4.060	0.055	0.905	0.001
3.515	0.101	0.907	0.001
3.048	0.124	0.910	0.000
2.675	0.096	0.912	0.000
2.327	0.046	0.914	0.000
1.960	0.020	0.916	0.000
1.594	0.029	0.919	0.000
1.281	0.049	0.921	0.000
1.041	0.051	0.923	0.000
0.863	0.036	0.926	0.000
0.710	0.021	0.928	0.000
0.560	0.020	0.931	0.000
0.420	0.027	0.934	0.000
0.312	0.033	0.937	0.000
0.244	0.035	0.941	0.000
0.201	0.045	0.944	0.000
0.167	0.065	0.947	0.000
0.137	0.082	0.950	0.000
0.118	0.074	0.952	0.000
0.118	0.042	0.954	0.000
0.134	0.009	0.956	0.000
0.158	-0.000	0.957	0.000
0.197	0.020	0.957	0.000
0.252	0.054	0.957	0.000
0.317	0.083	0.956	0.000
0.393	0.102	0.955	0.000
0.485	0.119	0.953	0.000
0.629	0.138	0.952	0.000
0.816	0.157	0.950	0.001
1.032	0.185	0.948	0.001
1.242	0.240	0.946	0.001
1.475	0.323	0.943	0.001
1.773	0.396	0.940	0.001
2.206	0.408	0.937	0.001
2.790	0.352	0.933	0.001
3.467	0.275	0.929	0.001
4.223	0.229	0.924	0.001
5.125	0.216	0.919	0.001
6.200	0.204	0.912	0.001
7.441	0.179	0.904	0.001
8.756	0.151	0.895	0.001
10.138	0.162	0.885	0.001
11.532	0.263	0.873	0.001
12.748	0.447	0.861	0.001
13.501	0.606	0.849	0.001
13.848	0.638	0.835	0.001
13.958	0.555	0.821	0.001
13.814	0.458	0.806	0.001
13.345	0.422	0.790	0.001
12.540	0.423	0.772	0.001
11.372	0.378	0.755	0.001
10.026	0.253	0.738	0.001
8.672	0.098	0.722	0.001
7.418	0.011	0.706	0.001
6.275	0.059	0.690	0.001
5.267	0.201	0.674	0.000
4.439	0.315	0.657	0.000
3.796	0.310	0.641	0.000
3.213	0.221	0.625	0.001
2.531	0.144	0.609	0.001
1.755	0.135	0.593	0.001
1.096	0.169	0.577	0.001
0.723	0.190	0.561	0.001
0.590	0.179	0.544	0.001
0.519	0.165	0.526	0.001
0.385	0.172	0.507	0.001
0.217	0.190	0.488	0.001
0.119	0.193	0.468	0.001
0.123	0.187	0.449	0.001
0.156	0.195	0.431	0.001
0.143	0.222	0.413	0.001
0.093	0.241	0.396	0.001
0.064	0.225	0.380	0.001
0.082	0.182	0.363	0.001
0.111	0.140	0.348	0.001
0.109	0.123	0.334	0.001
0.078	0.131	0.320	0.001
0.058	0.150	0.307	0.001
0.080	0.163	0.294	0.001
0.115	0.161	0.282	0.001
0.125	0.144	0.270	0.001
0.107	0.120	0.258	0.001
0.090	0.101	0.246	0.001
0.096	0.095	0.235	0.001
0.122	0.100	0.223	0.001
0.147	0.103	0.212	0.000
0.161	0.093	0.200	0.000
0.185	0.066	0.188	0.000
0.236	0.033	0.176	0.000
0.321	0.009	0.163	0.000
0.450	0.004	0.151	0.000
0.653	0.019	0.139	0.000
0.940	0.051	0.127	0.000
1.359	0.091	0.117	0.000
1.944	0.130	0.108	0.000
2.717	0.163	0.100	0.000
3.635	0.189	0.094	0.000
4.702	0.201	0.090	0.001
6.008	0.210	0.089	0.001
7.617	0.244	0.091	0.001
9.567	0.375	0.096	0.001
12.009	0.678	0.103	0.001
14.820	1.137	0.112	0.001
16.992	1.571	0.119	0.001
17.612	1.737	0.125	0.001
16.631	1.526	0.130	0.002
14.923	1.078	0.134	0.002
13.346	0.664	0.139	0.002
12.134	0.490	0.144	0.002
11.214	0.577	0.150	0.002
10.371	0.822	0.155	0.001
9.548	1.023	0.159	0.001
8.898	1.002	0.162	0.001
8.350	0.746	0.164	0.001
7.753	0.434	0.166	0.001
7.043	0.275	0.167	0.001
6.265	0.324	0.168	0.001
5.504	0.432	0.166	0.001
4.804	0.432	0.162	0.001
4.123	0.319	0.155	0.001
3.456	0.228	0.145	0.001
2.817	0.255	0.133	0.001
2.310	0.353	0.120	0.001
1.988	0.416	0.106	0.001
1.765	0.413	0.093	0.001
1.530	0.427	0.080	0.001
1.230	0.517	0.066	0.001
0.935	0.633	0.053	0.001
0.707	0.664	0.038	0.001
0.560	0.561	0.026	0.001
0.450	0.388	0.022	0.001
0.338	0.246	0.030	0.001
0.233	0.176	0.046	0.001
0.175	0.150	0.067	0.001
0.168	0.129	0.088	0.001
0.186	0.108	0.108	0.001
0.207	0.108	0.132	0.001
0.228	0.128	0.159	0.001
0.262	0.146	0.191	0.001
0.319	0.140	0.224	0.001
0.390	0.113	0.259	0.001
0.465	0.086	0.296	0.001
0.540	0.073	0.334	0.001
0.622	0.072	0.372	0.000
0.725	0.076	0.408	0.000
0.880	0.082	0.441	0.000
1.070	0.093	0.473	0.000
1.263	0.110	0.504	0.000
1.462	0.139	0.535	0.001
1.657	0.178	0.562	0.001
1.895	0.212	0.585	0.001
2.247	0.220	0.604	0.001
2.750	0.197	0.619	0.001
3.382	0.168	0.631	0.001
4.121	0.179	0.640	0.001
4.962	0.259	0.645	0.001
5.853	0.402	0.647	0.001
6.670	0.561	0.645	0.001
7.327	0.682	0.641	0.001
8.287	0.705	0.635	0.001
9.376	0.621	0.625	0.001
10.282	0.524	0.612	0.001
10.845	0.685	0.597	0.001
11.360	1.306	0.581	0.001
11.823	2.135	0.564	0.002
12.304	2.534	0.545	0.002
12.496	2.205	0.525	0.002
12.392	1.621	0.503	0.002
12.043	1.308	0.480	0.002
11.404	1.300	0.458	0.002
10.391	1.207	0.436	0.002
9.094	0.774	0.415	0.002
7.839	0.224	0.394	0.001
6.897	-0.031	0.373	0.001
6.185	0.125	0.352	0.001
5.292	0.440	0.333	0.001
4.038	0.640	0.315	0.001
2.723	0.693	0.300	0.001
1.853	0.721	0.287	0.001
1.594	0.772	0.274	0.001
1.637	0.760	0.262	0.001
1.604	0.639	0.250	0.001
1.414	0.493	0.240	0.001
1.222	0.435	0.232	0.001
1.157	0.476	0.224	0.001
1.187	0.524	0.217	0.001
1.186	0.510	0.211	0.001
1.132	0.461	0.205	0.001
1.108	0.440	0.199	0.001
1.184	0.454	0.195	0.001
1.353	0.456	0.191	0.001
1.550	0.422	0.189	0.001
1.739	0.391	0.186	0.001
1.994	0.425	0.184	0.001
2.352	0.532	0.181	0.001
2.793	0.647	0.177	0.001
3.259	0.713	0.173	0.001
3.763	0.744	0.167	0.001
4.356	0.807	0.162	0.001
5.098	0.954	0.158	0.001
5.964	1.178	0.157	0.002
6.871	1.452	0.160	0.002
7.726	1.804	0.167	0.002
8.648	2.297	0.176	0.002
9.929	2.944	0.186	0.002
11.437	3.687	0.198	0.002
12.882	4.512	0.211	0.003
14.140	5.563	0.228	0.003
15.294	7.048	0.247	0.003
16.692	8.943	0.268	0.004
18.318	10.978	0.288	0.004
19.915	12.897	0.308	0.005
21.200	14.684	0.329	0.005
22.350	16.458	0.350	0.005
23.627	18.199	0.371	0.006
25.732	19.767	0.390	0.006
28.477	21.225	0.408	0.007
31.762	22.873	0.426	0.007
34.962	24.997	0.443	0.007
37.749	27.535	0.459	0.008
40.308	30.241	0.474	0.008
43.415	33.164	0.488	0.008
47.089	36.522	0.503	0.009
51.010	40.685	0.517	0.009
54.780	45.877	0.530	0.010
58.615	52.270	0.544	0.010
62.746	60.311	0.558	0.011
67.377	70.436	0.571	0.012
72.617	82.618	0.585	0.012
78.795	96.539	0.599	0.013
86.068	111.655	0.613	0.014
94.217	128.512	0.626	0.016
102.784	148.922	0.640	0.017
111.249	174.573	0.652	0.018
119.632	205.682	0.664	0.020
127.571	239.630	0.676	0.021
133.127	272.199	0.687	0.022
134.558	301.081	0.698	0.024
130.137	324.937	0.709	0.025
120.655	341.331	0.719	0.026
108.980	344.542	0.730	0.027
98.199	329.245	0.740	0.027
89.653	297.638	0.750	0.027
83.186	259.585	0.759	0.027
77.372	224.497	0.768	0.026
71.180	195.410	0.776	0.025
64.782	169.656	0.784	0.023
58.891	145.074	0.791	0.022
53.595	122.511	0.797	0.020
48.762	103.500	0.803	0.019
44.127	87.440	0.807	0.018
39.711	73.227	0.811	0.016
35.578	61.970	0.815	0.015
31.691	56.021	0.818	0.014
27.932	54.878	0.820	0.013
24.562	53.799	0.822	0.012
21.562	47.946	0.824	0.012
18.834	37.838	0.825	0.011
16.171	28.282	0.826	0.010
13.866	22.811	0.827	0.009
11.735	20.401	0.828	0.009
9.894	18.200	0.829	0.008
8.082	15.375	0.830	0.007
6.251	13.715	0.830	0.007
4.553	14.112	0.831	0.006
3.283	14.786	0.831	0.006
2.551	13.277	0.832	0.006
2.261	9.563	0.832	0.005
2.245	5.987	0.833	0.005
2.357	4.595	0.833	0.005
2.518	5.001	0.833	0.004
2.690	5.351	0.834	0.004
2.907	4.626	0.834	0.004
3.236	3.473	0.833	0.003
3.771	2.914	0.833	0.003
4.561	3.037	0.833	0.003
5.456	3.082	0.832	0.003
6.306	2.576	0.832	0.003
7.011	1.900	0.831	0.003
7.730	1.716	0.831	0.002
8.413	2.117	0.830	0.002
8.907	2.621	0.830	0.002
9.116	2.783	0.830	0.002
9.177	2.582	0.830	0.002
9.140	2.251	0.830	0.002
9.064	1.910	0.830	0.002
8.981	1.527	0.830	0.002
8.946	1.116	0.830	0.002
8.843	0.862	0.830	0.002
8.625	1.006	0.830	0.002
8.295	1.599	0.830	0.002
7.839	2.366	0.829	0.002
7.285	2.886	0.829	0.002
6.742	2.969	0.828	0.002
6.206	2.853	0.827	0.002
5.623	2.854	0.826	0.002
4.978	3.091	0.824	0.003
4.318	3.380	0.823	0.003
3.741	3.465	0.822	0.003
3.331	3.297	0.822	0.003
3.047	3.059	0.821	0.003
2.789	2.926	0.822	0.003
2.506	2.889	0.822	0.003
2.229	2.814	0.824	0.003
1.995	2.646	0.826	0.003
1.788	2.470	0.829	0.003
1.601	2.368	0.832	0.003
1.402	2.308	0.836	0.002
1.202	2.207	0.841	0.002
1.023	2.033	0.846	0.002
0.875	1.842	0.851	0.002
0.744	1.698	0.857	0.002
0.622	1.592	0.862	0.002
0.506	1.451	0.867	0.002
0.395	1.243	0.872	0.002
0.295	0.998	0.876	0.002
0.220	0.771	0.880	0.002
0.168	0.574	0.883	0.002
0.139	0.391	0.886	0.001
0.129	0.220	0.888	0.001
0.149	0.089	0.890	0.001
0.203	0.024	0.892	0.001
0.265	0.020	0.893	0.001
0.317	0.047	0.894	0.001
0.364	0.090	0.894	0.000
0.442	0.152	0.894	0.000
0.593	0.234	0.893	0.001
0.803	0.315	0.892	0.001
1.035	0.383	0.890	0.001
1.274	0.482	0.887	0.001
1.560	0.664	0.883	0.001
1.961	0.921	0.879	0.001
2.536	1.183	0.874	0.001
3.305	1.431	0.868	0.002
4.186	1.789	0.861	0.002
5.174	2.360	0.854	0.002
6.187	2.948	0.846	0.002
7.211	3.253	0.838	0.002
8.280	3.199	0.829	0.002
9.236	3.106	0.819	0.003
9.844	3.451	0.808	0.003
10.062	4.313	0.797	0.003
10.055	5.275	0.784	0.003
10.052	5.835	0.771	0.003
9.957	5.783	0.757	0.003
9.629	5.303	0.742	0.003
8.999	4.714	0.727	0.003
8.341	4.191	0.711	0.003
7.773	3.699	0.694	0.003
7.215	3.447	0.677	0.003
6.532	3.888	0.659	0.003
5.741	5.095	0.642	0.003
5.060	6.330	0.624	0.003
4.660	6.492	0.606	0.003
4.459	5.210	0.587	0.003
4.243	3.380	0.569	0.003
3.910	2.202	0.551	0.003
3.583	2.129	0.533	0.003
3.362	2.550	0.514	0.003
3.217	2.595	0.495	0.003
3.070	2.085	0.476	0.002
2.853	1.581	0.456	0.002
2.595	1.632	0.437	0.002
2.354	2.171	0.418	0.002
2.151	2.629	0.399	0.002
1.972	2.582	0.380	0.002
1.818	2.183	0.362	0.002
1.663	1.856	0.345	0.002
1.485	1.757	0.330	0.002
1.304	1.683	0.318	0.002
1.130	1.426	0.307	0.002
0.985	1.076	0.300	0.002
0.859	0.900	0.295	0.002
0.752	0.906	0.293	0.002
0.684	0.851	0.292	0.002
0.688	0.566	0.293	0.001
0.767	0.195	0.296	0.001
0.945	0.021	0.299	0.001
1.203	0.163	0.304	0.001
1.568	0.500	0.307	0.001
2.106	0.881	0.306	0.001
2.983	1.336	0.300	0.001
4.289	2.044	0.287	0.002
6.135	3.204	0.270	0.002
8.353	4.962	0.250	0.003
10.948	7.400	0.229	0.003
14.289	10.442	0.209	0.004
18.138	13.757	0.195	0.004
22.222	17.029	0.188	0.005
26.154	20.278	0.191	0.006
29.968	23.686	0.206	0.006
33.749	27.152	0.229	0.007
37.855	30.298	0.256	0.007
42.351	32.905	0.287	0.008
47.218	35.385	0.317	0.008
53.030	38.426	0.347	0.009
59.591	42.402	0.377	0.009
65.464	47.737	0.405	0.010
70.291	55.593	0.432	0.011
75.143	67.206	0.457	0.011
82.265	82.579	0.481	0.012
92.802	99.891	0.505	0.013
105.522	117.672	0.528	0.015
118.226	138.353	0.548	0.016
130.151	167.444	0.566	0.018
141.803	208.180	0.582	0.019
155.125	258.889	0.597	0.021
167.713	313.635	0.611	0.023
174.905	366.928	0.624	0.025
172.817	415.413	0.636	0.027
161.947	455.146	0.647	0.029
148.606	480.625	0.657	0.030
138.612	484.611	0.666	0.031
132.100	461.845	0.674	0.032
125.696	414.494	0.681	0.032
117.062	354.148	0.686	0.031
106.961	296.516	0.690	0.030
98.262	253.484	0.694	0.029
92.548	225.963	0.697	0.027
88.087	206.347	0.701	0.026
82.393	185.987	0.705	0.024
75.052	161.127	0.709	0.023
67.636	133.739	0.714	0.021
61.756	108.538	0.719	0.020
57.134	88.544	0.723	0.018
52.430	73.693	0.728	0.017
46.800	61.779	0.732	0.015
40.772	50.568	0.736	0.014
35.391	39.515	0.741	0.013
30.750	29.605	0.745	0.011
26.447	21.958	0.749	0.010
22.283	16.774	0.752	0.009
18.512	13.320	0.756	0.008
15.720	10.669	0.760	0.007
13.995	8.339	0.763	0.006
12.882	6.434	0.767	0.005
11.863	5.223	0.770	0.005
10.831	4.806	0.773	0.004
9.891	5.061	0.776	0.004
9.046	5.660	0.778	0.004
8.235	6.105	0.781	0.004
7.382	5.975	0.783	0.004
6.632	5.253	0.785	0.004
6.042	4.310	0.786	0.003
5.628	3.575	0.788	0.003
5.204	3.182	0.789	0.003
4.657	2.962	0.790	0.003
4.062	2.716	0.791	0.003
3.586	2.450	0.792	0.003
3.309	2.332	0.792	0.003
3.195	2.438	0.792	0.003
3.194	2.660	0.793	0.003
3.259	2.787	0.793	0.002
3.430	2.737	0.795	0.003
3.708	2.646	0.796	0.003
4.015	2.740	0.798	0.003
4.403	3.091	0.799	0.003
4.872	3.529	0.801	0.003
5.402	3.871	0.801	0.003
6.038	4.212	0.802	0.003
6.883	4.910	0.801	0.003
8.358	6.182	0.801	0.003
10.369	7.761	0.800	0.004
12.873	9.451	0.799	0.004
15.673	11.474	0.798	0.005
18.603	14.216	0.796	0.005
21.448	17.439	0.792	0.005
23.765	20.199	0.786	0.006
25.012	21.812	0.779	0.006
24.978	22.885	0.770	0.007
23.971	24.733	0.761	0.007
22.471	28.333	0.752	0.008
20.828	33.624	0.744	0.008
19.039	39.748	0.735	0.009
16.991	45.418	0.728	0.009
14.752	49.210	0.721	0.009
12.593	49.907	0.716	0.010
10.814	47.013	0.711	0.010
9.487	41.244	0.708	0.010
8.424	34.311	0.707	0.010
7.427	28.035	0.706	0.009
6.474	23.322	0.706	0.009
5.673	19.913	0.707	0.008
5.112	17.079	0.709	0.008
4.696	14.458	0.711	0.007
4.265	12.260	0.713	0.007
3.794	10.790	0.715	0.006
3.388	9.976	0.717	0.006
3.137	9.417	0.720	0.005
3.010	8.778	0.723	0.005
2.900	8.008	0.726	0.005
2.769	7.219	0.728	0.005
2.665	6.486	0.731	0.004
2.634	5.823	0.734	0.004
2.635	5.258	0.736	0.004
2.594	4.823	0.739	0.004
2.508	4.480	0.742	0.004
2.438	4.084	0.746	0.003
2.446	3.526	0.749	0.003
2.524	2.890	0.753	0.003
2.652	2.391	0.756	0.003
2.775	2.173	0.760	0.003
2.890	2.224	0.762	0.003
3.022	2.400	0.764	0.003
3.173	2.552	0.764	0.002
3.361	2.585	0.764	0.002
3.633	2.436	0.763	0.002
4.041	2.085	0.762	0.002
4.559	1.627	0.760	0.002
5.198	1.219	0.758	0.002
6.069	0.974	0.754	0.002
7.311	0.910	0.750	0.002
8.936	1.046	0.744	0.002
10.926	1.531	0.736	0.002
13.359	2.670	0.725	0.002
16.356	4.702	0.713	0.003
19.961	7.699	0.698	0.003
23.930	11.653	0.682	0.004
27.884	16.695	0.666	0.005
31.698	22.811	0.649	0.006
35.738	29.276	0.633	0.006
39.813	34.652	0.618	0.007
43.542	37.889	0.604	0.008
46.307	39.415	0.590	0.009
48.199	41.143	0.577	0.009
50.082	44.760	0.565	0.010
52.908	50.020	0.554	0.010
56.545	55.238	0.545	0.011
60.118	59.525	0.538	0.011
62.973	64.145	0.532	0.012
66.215	71.571	0.528	0.012
71.429	82.719	0.526	0.013
78.916	96.345	0.524	0.014
87.840	111.301	0.522	0.015
97.443	128.997	0.521	0.016
107.175	153.090	0.520	0.017
115.590	186.902	0.520	0.019
121.355	231.061	0.521	0.020
122.340	281.721	0.524	0.022
118.043	329.981	0.527	0.024
109.895	363.556	0.531	0.025
100.441	371.752	0.535	0.026
92.171	351.397	0.540	0.027
86.716	309.003	0.545	0.027
83.281	257.444	0.550	0.027
79.864	209.867	0.554	0.026
75.066	173.818	0.558	0.025
68.958	149.544	0.562	0.023
62.415	132.458	0.566	0.022
56.053	117.589	0.571	0.020
49.764	102.770	0.575	0.018
43.295	88.737	0.579	0.017
36.914	76.899	0.583	0.016
31.242	67.440	0.587	0.015
26.681	59.293	0.591	0.014
23.089	51.543	0.595	0.013
20.024	44.281	0.599	0.012
17.216	38.184	0.603	0.011
14.688	33.578	0.608	0.011
12.567	30.154	0.613	0.010
10.756	27.445	0.619	0.009
9.340	25.194	0.625	0.009
8.250	23.144	0.630	0.008
7.320	20.939	0.636	0.008
6.567	18.518	0.641	0.007
6.044	16.215	0.648	0.007
5.738	14.474	0.655	0.007
5.548	13.354	0.664	0.006
5.368	12.331	0.674	0.006
5.200	10.831	0.684	0.006
5.194	8.903	0.695	0.005
5.515	7.064	0.704	0.005
6.269	5.806	0.713	0.005
7.387	5.159	0.722	0.004
8.908	4.747	0.729	0.004
10.838	4.302	0.735	0.004
13.209	3.922	0.740	0.004
16.098	3.908	0.743	0.003
19.496	4.460	0.745	0.003
23.180	5.639	0.746	0.004
26.871	7.443	0.746	0.004
30.598	9.796	0.746	0.004
34.256	12.390	0.746	0.004
37.513	14.710	0.746	0.005
40.224	16.325	0.746	0.005
42.640	17.203	0.747	0.006
45.175	17.820	0.748	0.006
47.761	18.701	0.749	0.006
50.064	20.099	0.749	0.007
51.654	21.967	0.750	0.007
52.577	24.237	0.750	0.007
53.599	27.027	0.750	0.007
55.651	30.895	0.749	0.008
59.147	36.467	0.748	0.008
62.958	44.257	0.745	0.009
65.926	54.691	0.743	0.010
68.508	68.194	0.739	0.011
71.962	84.662	0.735	0.012
77.337	103.563	0.729	0.013
84.282	124.622	0.724	0.015
90.772	148.943	0.717	0.016
95.203	179.226	0.710	0.018
97.890	216.749	0.703	0.019
100.346	257.923	0.696	0.021
101.966	294.531	0.689	0.023
101.584	319.311	0.682	0.024
98.050	329.698	0.676	0.025
90.929	326.827	0.671	0.026
81.927	311.761	0.667	0.026
73.344	285.195	0.663	0.026
66.674	251.079	0.661	0.026
61.481	217.732	0.659	0.025
56.452	192.077	0.658	0.024
50.737	173.909	0.658	0.023
44.648	157.101	0.659	0.022
39.391	136.438	0.660	0.021
35.798	112.798	0.662	0.019
33.396	91.104	0.665	0.018
31.000	74.610	0.667	0.017
28.057	62.779	0.671	0.015
24.901	53.476	0.674	0.014
22.142	45.917	0.678	0.013
19.929	40.551	0.682	0.012
17.814	37.077	0.686	0.011
15.389	33.896	0.690	0.010
12.691	29.704	0.693	0.010
10.171	24.863	0.697	0.009
8.169	20.730	0.700	0.008
6.641	17.997	0.702	0.008
5.331	16.121	0.704	0.007
4.094	14.220	0.705	0.007
2.998	12.062	0.706	0.006
2.198	10.042	0.706	0.006
1.730	8.424	0.705	0.005
1.472	7.013	0.705	0.005
1.271	5.550	0.704	0.005
1.046	4.131	0.704	0.004
0.825	3.100	0.704	0.004
0.643	2.569	0.704	0.003
0.507	2.266	0.704	0.003
0.404	1.850	0.704	0.003
0.329	1.258	0.705	0.002
0.306	0.683	0.706	0.002
0.367	0.306	0.707	0.002
0.504	0.140	0.708	0.001
0.710	0.108	0.709	0.001
1.034	0.194	0.710	0.001
1.551	0.463	0.710	0.001
2.336	0.991	0.710	0.001
3.524	1.806	0.710	0.001
5.163	2.887	0.708	0.002
7.198	4.197	0.706	0.002
9.506	5.688	0.704	0.003
12.034	7.333	0.702	0.003
14.772	9.161	0.699	0.004
17.788	11.249	0.695	0.004
21.157	13.653	0.691	0.005
24.812	16.370	0.687	0.005
28.544	19.426	0.681	0.006
32.315	23.061	0.675	0.006
35.708	27.663	0.667	0.007
38.802	33.267	0.659	0.008
42.227	39.284	0.651	0.008
46.191	45.027	0.641	0.009
50.540	50.382	0.630	0.010
54.708	55.899	0.618	0.010
58.294	62.460	0.604	0.011
61.517	70.995	0.588	0.012
65.433	82.220	0.570	0.013
70.861	95.966	0.550	0.014
78.001	110.576	0.527	0.014
86.685	124.100	0.502	0.015
96.877	136.843	0.474	0.016
108.581	152.198	0.444	0.017
122.076	174.383	0.414	0.019
135.839	206.314	0.382	0.020
147.568	248.970	0.350	0.022
155.413	300.633	0.318	0.023
157.664	355.029	0.286	0.025
153.075	400.902	0.256	0.027
143.163	425.353	0.226	0.028
130.398	420.353	0.198	0.029
118.125	389.496	0.172	0.029
107.693	344.805	0.148	0.029
98.076	297.976	0.127	0.029
87.953	254.276	0.108	0.028
78.361	213.273	0.092	0.026
71.150	174.301	0.077	0.025
66.340	140.489	0.066	0.023
62.174	115.661	0.058	0.021
57.101	100.036	0.055	0.019
51.002	89.599	0.058	0.018
45.010	79.838	0.066	0.016
40.108	69.306	0.077	0.015
36.088	59.766	0.091	0.014
32.064	53.022	0.107	0.013
27.674	48.490	0.123	0.012
23.439	44.180	0.139	0.012
20.113	39.137	0.157	0.011
17.812	34.228	0.175	0.010
16.369	30.684	0.195	0.010
14.873	28.488	0.215	0.009
12.873	26.871	0.235	0.009
10.522	25.170	0.257	0.008
8.380	23.164	0.279	0.008
6.874	20.787	0.302	0.008
5.997	17.991	0.324	0.007
5.453	15.080	0.347	0.007
4.965	12.782	0.371	0.007
4.462	11.512	0.394	0.006
3.990	10.927	0.417	0.006
3.558	10.258	0.440	0.006
3.117	9.097	0.463	0.005
2.636	7.709	0.486	0.005
2.176	6.596	0.508	0.005
1.801	5.885	0.529	0.004
1.513	5.270	0.550	0.004
1.264	4.464	0.570	0.004
1.015	3.519	0.590	0.004
0.792	2.694	0.610	0.003
0.645	2.123	0.629	0.003
0.603	1.717	0.647	0.003
0.640	1.356	0.665	0.002
0.760	1.063	0.681	0.002
0.978	0.951	0.696	0.002
1.319	1.070	0.710	0.002
1.791	1.367	0.723	0.002
2.368	1.774	0.735	0.002
3.067	2.298	0.745	0.002
3.914	3.014	0.754	0.002
4.928	4.009	0.762	0.003
6.049	5.358	0.768	0.003
7.198	7.122	0.774	0.003
8.467	9.284	0.779	0.004
9.994	11.667	0.784	0.004
12.278	13.889	0.788	0.005
15.294	15.395	0.790	0.005
18.763	16.058	0.793	0.005
22.061	16.316	0.794	0.006
24.972	16.725	0.794	0.006
27.681	17.271	0.793	0.006
30.427	17.310	0.791	0.006
33.580	16.428	0.788	0.006
36.766	15.219	0.784	0.006
39.429	14.736	0.780	0.006
41.378	15.552	0.775	0.006
42.936	17.228	0.767	0.006
44.651	18.928	0.758	0.006
46.715	20.389	0.747	0.007
48.685	22.283	0.732	0.007
50.334	25.895	0.716	0.007
52.301	31.828	0.697	0.008
55.519	39.334	0.677	0.008
60.473	47.364	0.656	0.009
66.812	56.136	0.633	0.010
73.572	67.516	0.608	0.011
79.941	83.654	0.583	0.012
85.532	105.154	0.558	0.014
89.937	131.189	0.532	0.015
92.227	160.135	0.507	0.016
91.231	189.525	0.481	0.018
86.922	215.562	0.456	0.019
80.278	232.742	0.431	0.020
73.378	236.087	0.408	0.021
67.861	223.719	0.386	0.022
63.958	198.773	0.365	0.022
60.509	168.557	0.345	0.022
56.204	141.275	0.327	0.021
50.584	122.040	0.310	0.020
44.102	111.040	0.294	0.019
37.664	103.839	0.279	0.018
31.903	94.860	0.266	0.017
27.051	81.559	0.254	0.016
23.278	66.038	0.245	0.015
20.475	52.573	0.238	0.014
18.224	43.820	0.234	0.013
16.094	39.141	0.234	0.012
13.884	36.025	0.238	0.011
11.775	32.729	0.246	0.010
10.032	29.300	0.257	0.010
8.574	26.459	0.272	0.009
7.235	24.334	0.289	0.009
5.902	22.215	0.307	0.008
4.677	19.526	0.326	0.008
3.700	16.538	0.346	0.007
2.969	13.927	0.366	0.007
2.371	11.990	0.385	0.006
1.812	10.419	0.405	0.006
1.296	8.755	0.425	0.005
0.873	6.942	0.444	0.005
0.568	5.283	0.463	0.005
0.348	4.004	0.481	0.004
0.183	3.014	0.497	0.004
0.081	2.105	0.513	0.003
0.068	1.233	0.528	0.003
0.140	0.548	0.541	0.002
0.275	0.177	0.553	0.002
0.461	0.069	0.564	0.001
0.692	0.089	0.573	0.001
0.973	0.188	0.581	0.001
1.333	0.445	0.588	0.001
1.797	0.936	0.594	0.001
2.393	1.638	0.598	0.001
3.080	2.478	0.600	0.002
3.844	3.446	0.601	0.002
4.737	4.594	0.600	0.003
5.801	5.936	0.598	0.003
7.090	7.423	0.595	0.003
8.658	9.005	0.590	0.004
10.574	10.737	0.584	0.004
12.888	12.807	0.576	0.005
15.705	15.417	0.568	0.005
19.018	18.635	0.558	0.006
22.743	22.317	0.547	0.006
26.632	26.228	0.535	0.007
30.594	30.327	0.522	0.007
34.734	34.944	0.509	0.008
38.957	40.657	0.495	0.009
42.887	47.806	0.480	0.009
46.450	56.151	0.464	0.010
49.954	64.866	0.447	0.011
54.169	73.159	0.429	0.012
60.099	80.760	0.411	0.012
68.618	88.096	0.392	0.013
79.384	96.162	0.372	0.014
91.550	106.647	0.352	0.015
103.095	121.320	0.331	0.016
112.349	141.833	0.309	0.017
118.691	169.001	0.288	0.018
123.170	201.936	0.266	0.019
126.913	238.058	0.245	0.021
129.548	274.003	0.225	0.022
129.498	304.816	0.204	0.024
124.777	324.274	0.185	0.025
116.153	326.032	0.165	0.025
106.925	306.452	0.147	0.026
99.765	268.120	0.130	0.026
94.500	220.137	0.114	0.025
88.842	173.624	0.099	0.024
79.981	136.053	0.085	0.022
68.322	108.353	0.073	0.021
56.937	87.252	0.062	0.019
48.352	70.004	0.052	0.017
42.884	56.768	0.045	0.016
38.519	48.825	0.040	0.014
33.856	45.899	0.037	0.013
28.819	45.262	0.038	0.012
24.194	43.837	0.042	0.011
20.438	40.552	0.049	0.011
17.392	36.375	0.059	0.010
14.662	32.557	0.071	0.010
12.177	29.322	0.085	0.009
10.163	26.116	0.100	0.009
8.710	22.800	0.116	0.008
7.587	19.865	0.135	0.008
6.586	17.643	0.155	0.008
5.700	15.806	0.175	0.007
5.041	13.798	0.197	0.007
4.608	11.590	0.220	0.006
4.271	9.768	0.245	0.006
3.921	8.792	0.271	0.005
3.583	8.377	0.299	0.005
3.339	7.883	0.328	0.005
3.210	7.065	0.358	0.005
3.127	6.246	0.387	0.004
3.004	5.757	0.417	0.004
2.792	5.460	0.447	0.004
2.507	4.971	0.476	0.004
2.199	4.235	0.505	0.004
1.903	3.573	0.534	0.003
1.629	3.229	0.562	0.003
1.372	3.051	0.589	0.003
1.146	2.702	0.614	0.003
0.950	2.085	0.639	0.003
0.776	1.437	0.663	0.002
0.631	1.033	0.686	0.002
0.551	0.877	0.708	0.002
0.564	0.766	0.729	0.002
0.654	0.575	0.748	0.002
0.795	0.393	0.766	0.001
0.971	0.376	0.782	0.001
1.175	0.558	0.797	0.001
1.442	0.847	0.811	0.001
1.852	1.179	0.823	0.001
2.507	1.580	0.833	0.002
3.347	2.101	0.843	0.002
4.269	2.761	0.851	0.002
5.350	3.561	0.859	0.002
6.921	4.510	0.865	0.003
8.922	5.565	0.870	0.003
11.043	6.618	0.874	0.003
13.158	7.642	0.876	0.004
15.426	8.766	0.876	0.004
18.157	10.196	0.875	0.004
21.380	12.006	0.872	0.005
24.750	14.062	0.868	0.005
27.654	16.142	0.863	0.005
30.097	18.189	0.856	0.006
32.505	20.354	0.849	0.006
35.415	22.997	0.840	0.007
38.862	26.290	0.831	0.007
42.661	30.151	0.820	0.008
46.298	34.376	0.807	0.008
49.392	39.001	0.792	0.009
51.768	44.337	0.775	0.009
53.783	50.670	0.758	0.010
56.274	57.749	0.739	0.011
60.103	65.222	0.718	0.011
65.482	73.460	0.695	0.012
72.018	83.866	0.670	0.013
79.666	98.141	0.643	0.014
88.819	116.897	0.612	0.015
100.207	139.137	0.579	0.016
113.462	163.479	0.543	0.017
128.095	190.496	0.506	0.019
143.263	222.995	0.469	0.020
157.793	263.594	0.432	0.022
169.400	311.865	0.397	0.024
175.328	363.043	0.363	0.026
172.185	409.051	0.331	0.027
160.584	442.341	0.303	0.029
145.566	456.402	0.279	0.030
133.066	447.186	0.259	0.031
125.574	414.921	0.243	0.031
119.958	365.407	0.233	0.031
112.562	310.248	0.228	0.030
102.518	262.074	0.229	0.029
92.298	226.581	0.236	0.027
84.203	200.196	0.248	0.026
78.061	175.005	0.264	0.024
71.793	147.227	0.283	0.022
64.459	120.730	0.304	0.021
56.650	101.765	0.327	0.019
49.735	92.047	0.350	0.018
43.989	87.263	0.374	0.017
38.878	81.971	0.398	0.016
33.679	74.497	0.421	0.015
28.677	66.853	0.443	0.014
24.263	60.798	0.464	0.013
20.686	55.832	0.483	0.013
17.677	50.540	0.501	0.012
14.975	44.786	0.518	0.012
12.688	39.822	0.533	0.011
11.001	36.487	0.547	0.011
9.887	33.992	0.559	0.010
9.059	30.984	0.571	0.010
8.156	27.012	0.582	0.009
7.084	22.929	0.591	0.009
5.983	19.771	0.601	0.008
5.039	17.706	0.610	0.008
4.348	16.143	0.619	0.007
3.769	14.517	0.629	0.007
3.202	12.785	0.638	0.006
2.650	11.144	0.647	0.006
2.224	9.645	0.656	0.006
1.966	8.183	0.665	0.005
1.818	6.743	0.674	0.005
1.672	5.466	0.682	0.004
1.486	4.493	0.691	0.004
1.335	3.761	0.699	0.004
1.296	3.081	0.707	0.003
1.375	2.363	0.715	0.003
1.529	1.725	0.723	0.003
1.761	1.356	0.731	0.003
2.118	1.340	0.738	0.002
2.673	1.652	0.745	0.002
3.385	2.255	0.751	0.002
4.191	3.164	0.757	0.002
5.041	4.397	0.761	0.003
5.794	5.895	0.765	0.003
6.405	7.606	0.768	0.003
6.942	9.554	0.771	0.004
7.472	11.758	0.773	0.004
7.945	14.096	0.774	0.005
8.363	16.282	0.776	0.005
8.616	18.060	0.777	0.006
8.661	19.443	0.777	0.006
8.660	20.598	0.778	0.006
8.751	21.531	0.780	0.007
8.757	22.097	0.781	0.007
8.580	22.253	0.784	0.007
8.184	21.976	0.787	0.007
7.694	21.150	0.790	0.007
7.604	19.580	0.793	0.007
7.673	17.191	0.796	0.007
7.486	14.593	0.800	0.007
7.021	12.754	0.805	0.006
6.452	12.090	0.810	0.006
6.011	11.951	0.815	0.006
5.686	11.202	0.820	0.006
5.342	9.401	0.826	0.005
4.920	7.207	0.831	0.005
4.494	5.570	0.836	0.005
4.183	4.785	0.841	0.004
4.171	4.425	0.845	0.004
4.081	4.001	0.849	0.004
3.658	3.604	0.853	0.003
3.046	3.592	0.856	0.003
2.542	3.950	0.858	0.003
2.296	4.217	0.861	0.003
2.189	4.005	0.863	0.003
2.039	3.450	0.864	0.003
1.822	3.042	0.864	0.003
1.618	2.997	0.865	0.003
1.505	3.114	0.865	0.003
1.428	3.113	0.864	0.003
1.312	2.942	0.864	0.003
1.163	2.750	0.862	0.003
1.043	2.627	0.860	0.003
0.986	2.484	0.857	0.003
0.937	2.222	0.853	0.002
0.840	1.865	0.848	0.002
0.718	1.540	0.843	0.002
0.619	1.324	0.836	0.002
0.559	1.179	0.829	0.002
0.494	1.030	0.821	0.002
0.389	0.861	0.813	0.002
0.263	0.711	0.804	0.002
0.167	0.645	0.794	0.001
0.124	0.672	0.785	0.001
0.112	0.697	0.775	0.001
0.105	0.618	0.765	0.001
0.101	0.428	0.755	0.001
0.118	0.229	0.744	0.001
0.167	0.128	0.733	0.001
0.240	0.145	0.721	0.001
0.312	0.211	0.710	0.001
0.393	0.258	0.698	0.001
0.519	0.288	0.687	0.001
0.741	0.350	0.675	0.001
1.129	0.518	0.662	0.001
1.534	0.890	0.648	0.001
1.922	1.636	0.634	0.002
2.338	2.779	0.618	0.002
2.885	4.102	0.600	0.002
3.552	5.331	0.580	0.003
4.237	6.601	0.559	0.003
4.921	8.386	0.536	0.004
5.655	11.018	0.513	0.004
6.412	13.963	0.488	0.005
7.126	16.207	0.464	0.005
7.640	17.245	0.441	0.006
8.003	17.740	0.419	0.006
8.207	18.593	0.399	0.006
8.239	20.048	0.383	0.006
8.056	21.424	0.371	0.007
7.791	21.805	0.362	0.007
7.545	20.832	0.356	0.007
7.367	18.907	0.352	0.007
7.175	16.718	0.351	0.007
6.933	14.736	0.350	0.007
6.735	12.972	0.350	0.006
6.618	11.194	0.348	0.006
6.579	9.344	0.345	0.006
6.542	7.678	0.340	0.005
6.430	6.469	0.334	0.005
6.288	5.760	0.327	0.005
6.180	5.378	0.318	0.004
6.081	5.138	0.308	0.004
5.902	5.012	0.296	0.004
5.639	5.074	0.283	0.004
5.303	5.295	0.270	0.004
4.941	5.504	0.257	0.004
4.545	5.523	0.244	0.004
4.079	5.322	0.232	0.004
3.623	5.015	0.220	0.004
3.215	4.717	0.210	0.003
2.853	4.431	0.202	0.003
2.513	4.109	0.197	0.003
2.180	3.741	0.196	0.003
1.877	3.378	0.199	0.003
1.652	3.063	0.206	0.003
1.514	2.790	0.217	0.003
1.409	2.536	0.231	0.003
1.282	2.321	0.248	0.003
1.127	2.185	0.265	0.003
0.975	2.128	0.282	0.002
0.857	2.093	0.298	0.002
0.757	2.004	0.312	0.002
0.653	1.837	0.326	0.002
0.536	1.628	0.338	0.002
0.428	1.424	0.349	0.002
0.351	1.239	0.358	0.002
0.303	1.060	0.365	0.002
0.267	0.886	0.372	0.002
0.233	0.738	0.378	0.002
0.196	0.633	0.383	0.001
0.159	0.561	0.387	0.001
0.135	0.493	0.390	0.001
0.128	0.410	0.391	0.001
0.137	0.317	0.392	0.001
0.172	0.229	0.391	0.001
0.215	0.164	0.390	0.001
0.259	0.132	0.388	0.001
0.303	0.136	0.384	0.001
0.384	0.174	0.380	0.001
0.527	0.233	0.375	0.001
0.737	0.313	0.368	0.001
1.008	0.436	0.360	0.001
1.354	0.641	0.350	0.001
1.745	0.964	0.339	0.001
2.149	1.422	0.329	0.001
2.509	2.000	0.319	0.002
2.875	2.674	0.310	0.002
3.373	3.399	0.302	0.002
4.052	4.140	0.295	0.003
4.805	4.901	0.289	0.003
5.531	5.739	0.285	0.003
6.190	6.739	0.282	0.003
6.846	7.939	0.281	0.004
7.476	9.263	0.281	0.004
7.884	10.571	0.283	0.004
7.949	11.808	0.285	0.005
7.872	13.008	0.288	0.005
7.829	13.991	0.290	0.005
7.909	14.379	0.292	0.005
8.066	13.915	0.292	0.005
8.093	12.817	0.291	0.006
7.912	11.519	0.290	0.005
7.613	10.253	0.287	0.005
7.362	9.000	0.284	0.005
7.202	7.778	0.281	0.005
7.090	6.744	0.278	0.005
6.884	6.017	0.274	0.004
6.546	5.455	0.271	0.004
6.291	4.814	0.267	0.004
6.231	3.915	0.263	0.004
6.249	2.928	0.258	0.003
6.148	2.290	0.252	0.003
5.883	2.321	0.245	0.003
5.613	2.870	0.238	0.003
5.406	3.375	0.229	0.003
5.220	3.405	0.221	0.003
4.970	3.020	0.213	0.003
4.661	2.609	0.206	0.003
4.359	2.471	0.200	0.003
4.146	2.640	0.196	0.003
3.954	2.930	0.196	0.003
3.690	3.150	0.199	0.003
3.338	3.174	0.206	0.003
2.988	2.991	0.217	0.003
2.749	2.680	0.230	0.003
2.622	2.406	0.244	0.003
2.524	2.272	0.260	0.003
2.376	2.269	0.276	0.002
2.163	2.275	0.292	0.002
1.928	2.216	0.306	0.002
1.706	2.120	0.320	0.002
1.512	2.041	0.332	0.002
1.344	1.973	0.342	0.002
1.202	1.869	0.351	0.002
1.094	1.714	0.358	0.002
1.010	1.558	0.365	0.002
0.938	1.459	0.370	0.002
0.875	1.410	0.376	0.002
0.814	1.354	0.380	0.002
0.751	1.267	0.384	0.002
0.680	1.173	0.388	0.002
0.608	1.105	0.390	0.002
0.545	1.048	0.392	0.002
0.497	0.956	0.394	0.002
0.468	0.811	0.396	0.002
0.460	0.643	0.397	0.001
0.457	0.499	0.398	0.001
0.458	0.398	0.399	0.001
0.476	0.322	0.399	0.001
0.509	0.248	0.399	0.001
0.556	0.176	0.398	0.001
0.624	0.125	0.397	0.001
0.742	0.116	0.395	0.001
0.934	0.149	0.391	0.001
1.222	0.219	0.385	0.001
1.629	0.330	0.378	0.001
2.176	0.539	0.370	0.001
2.910	0.942	0.361	0.001
3.840	1.599	0.350	0.001
4.836	2.513	0.339	0.002
5.647	3.728	0.328	0.002
6.213	5.339	0.318	0.003
6.870	7.257	0.309	0.003
7.947	8.969	0.301	0.004
9.338	9.856	0.294	0.004
10.425	9.991	0.287	0.004
11.038	10.284	0.281	0.005
11.713	11.291	0.274	0.005
13.259	11.949	0.267	0.005
15.855	10.561	0.262	0.005
18.847	7.081	0.257	0.004
21.520	3.594	0.253	0.004
23.912	2.388	0.251	0.004
26.725	3.895	0.252	0.004
30.396	6.573	0.256	0.004
34.430	8.704	0.263	0.004
37.918	10.175	0.272	0.004
40.233	12.420	0.284	0.005
41.834	16.724	0.296	0.005
43.607	23.022	0.310	0.006
46.232	30.488	0.325	0.007
49.422	38.690	0.340	0.008
52.761	48.077	0.356	0.009
55.680	59.287	0.372	0.010
58.275	72.401	0.388	0.011
61.150	86.762	0.404	0.012
65.382	101.382	0.421	0.013
70.555	115.523	0.437	0.014
75.034	129.275	0.453	0.015
76.949	142.941	0.469	0.016
75.669	155.715	0.484	0.017
72.654	164.880	0.499	0.018
68.858	166.776	0.514	0.019
64.898	161.822	0.529	0.019
60.563	155.603	0.544	0.019
56.006	153.691	0.559	0.019
51.898	155.140	0.574	0.019
48.865	152.289	0.590	0.019
46.487	138.683	0.606	0.019
43.971	117.130	0.623	0.018
41.118	96.619	0.640	0.017
38.286	83.354	0.657	0.017
35.948	75.684	0.674	0.016
34.049	67.904	0.690	0.015
31.997	57.278	0.705	0.014
29.417	46.086	0.720	0.013
26.499	37.564	0.734	0.012
23.573	31.918	0.747	0.011
20.887	27.038	0.759	0.010
18.513	21.833	0.771	0.009
16.518	17.502	0.781	0.008
14.899	15.570	0.791	0.008
13.592	15.770	0.800	0.007
12.455	16.426	0.808	0.007
11.419	16.423	0.815	0.007
10.345	16.036	0.821	0.006
9.125	15.894	0.826	0.006
7.834	15.848	0.831	0.006
6.732	15.199	0.836	0.006
6.069	13.752	0.840	0.006
5.849	12.122	0.844	0.006
5.786	11.010	0.848	0.006
5.546	10.425	0.851	0.005
5.019	9.804	0.855	0.005
4.340	8.765	0.858	0.005
3.716	7.492	0.860	0.005
3.219	6.409	0.863	0.005
2.826	5.680	0.865	0.004
2.490	5.113	0.867	0.004
2.206	4.464	0.868	0.004
1.954	3.702	0.870	0.004
1.691	2.966	0.871	0.003
1.409	2.365	0.873	0.003
1.166	1.897	0.874	0.003
1.010	1.511	0.875	0.002
0.948	1.193	0.876	0.002
0.915	0.974	0.877	0.002
0.837	0.872	0.878	0.002
0.699	0.856	0.879	0.002
0.557	0.855	0.880	0.002
0.461	0.808	0.880	0.001
0.416	0.701	0.880	0.001
0.384	0.570	0.880	0.001
0.341	0.465	0.879	0.001
0.293	0.405	0.878	0.001
0.260	0.371	0.876	0.001
0.254	0.347	0.874	0.001
0.264	0.341	0.872	0.001
0.272	0.369	0.870	0.001
0.278	0.423	0.868	0.001
0.281	0.466	0.865	0.001
0.276	0.468	0.863	0.001
0.252	0.438	0.861	0.001
0.206	0.412	0.860	0.001
0.152	0.414	0.858	0.001
0.111	0.440	0.858	0.001
0.094	0.463	0.858	0.001
0.089	0.472	0.859	0.001
0.083	0.480	0.860	0.001
0.071	0.486	0.862	0.001
0.057	0.460	0.864	0.001
0.048	0.374	0.865	0.001
0.046	0.238	0.867	0.001
0.045	0.107	0.869	0.001
0.044	0.035	0.871	0.001
0.043	0.031	0.873	0.001
0.043	0.055	0.872	0.001
0.042	0.067	0.871	0.000
0.037	0.054	0.869	0.000
0.031	0.035	0.867	0.000
0.026	0.025	0.866	0.000
0.025	0.022	0.865	0.000
0.024	0.017	0.864	0.000
0.023	0.006	0.864	0.000
0.020	-0.003	0.864	0.000
0.018	-0.003	0.865	0.000
0.017	0.002	0.865	0.000
0.016	0.004	0.866	0.000
0.016	0.002	0.866	0.000
0.015	-0.001	0.866	0.000
0.015	-0.000	0.865	0.000
0.016	0.002	0.865	0.000
0.018	0.003	0.864	0.000
0.019	0.002	0.862	0.000
0.019	0.002	0.861	0.000
0.017	0.004	0.859	0.000
0.016	0.007	0.856	0.000
0.015	0.009	0.853	0.000
0.015	0.008	0.850	0.000
0.017	0.007	0.846	0.000
0.019	0.008	0.842	0.000
0.022	0.010	0.838	0.000
0.025	0.012	0.834	0.000
