0.000	0.000	0.000	0.000
0.000	0.000	0.000	0.000
0.001	0.000	0.000	0.000
0.003	0.000	0.000	0.000
0.004	0.000	0.000	0.000
0.004	0.000	0.000	0.000
0.003	0.000	0.000	0.000
0.002	0.000	0.000	0.000
0.001	0.001	0.000	0.000
0.002	0.001	0.000	0.000
0.002	0.001	0.000	0.000
0.002	0.001	0.000	0.000
0.001	0.001	0.000	0.000
0.001	0.001	0.000	0.000
0.002	0.001	0.000	0.000
0.003	0.001	0.000	0.000
0.003	0.002	0.000	0.000
0.002	0.002	0.000	0.000
0.003	0.002	0.000	0.000
0.003	0.002	0.000	0.000
0.003	0.001	0.000	0.000
0.003	0.001	0.000	0.000
0.003	0.002	0.000	0.000
0.004	0.001	0.000	0.000
0.004	0.001	0.000	0.000
0.004	0.001	0.000	0.000
0.003	0.001	0.000	0.000
0.003	0.002	0.000	0.000
0.003	0.003	0.000	0.000
0.004	0.003	0.000	0.000
0.004	0.003	0.000	0.000
0.003	0.002	0.000	0.000
0.002	0.002	0.000	0.000
0.002	0.002	0.000	0.000
0.002	0.002	0.000	0.000
0.002	0.002	0.000	0.000
0.001	0.001	0.000	0.000
0.001	0.001	0.000	0.000
0.001	0.001	0.000	0.000
0.002	0.001	0.000	0.000
0.002	0.001	0.000	0.000
0.003	0.001	0.000	0.000
0.003	0.001	0.000	0.000
0.003	0.002	0.000	0.000
0.003	0.002	0.000	0.000
0.003	0.001	0.000	0.000
0.003	0.001	0.000	0.000
0.003	0.001	0.000	0.000
0.003	0.001	0.000	0.000
0.002	0.002	0.000	0.000
0.002	0.002	0.000	0.000
0.002	0.001	0.000	0.000
0.002	0.001	0.000	0.000
0.002	0.001	0.000	0.000
0.002	0.001	0.000	0.000
0.003	0.002	0.000	0.000
0.003	0.003	0.000	0.000
0.003	0.002	0.000	0.000
0.004	0.002	0.000	0.000
0.004	0.001	0.000	0.000
0.004	0.001	0.000	0.000
0.003	0.001	0.000	0.000
0.003	0.001	0.000	0.000
0.002	0.001	0.000	0.000
0.002	0.002	0.000	0.000
0.002	0.003	0.000	0.000
0.002	0.004	0.000	0.000
0.002	0.004	0.000	0.000
0.002	0.004	0.000	0.000
0.002	0.002	0.000	0.000
0.002	0.001	0.000	0.000
0.002	0.001	0.000	0.000
0.002	0.002	0.000	0.000
0.004	0.003	0.000	0.000
0.005	0.003	0.000	0.000
0.005	0.003	0.000	0.000
0.004	0.002	0.000	0.000
0.003	0.002	0.000	0.000
0.003	0.002	0.000	0.000
0.004	0.001	0.000	0.000
0.004	0.001	0.000	0.000
0.004	0.001	0.000	0.000
0.003	0.001	0.000	0.000
0.003	0.002	0.000	0.000
0.004	0.003	0.000	0.000
0.005	0.004	0.000	0.000
0.004	0.004	0.000	0.000
0.003	0.003	0.000	0.000
0.002	0.003	0.000	0.000
0.002	0.002	0.000	0.000
0.002	0.002	0.000	0.000
0.002	0.002	0.000	0.000
0.002	0.002	0.000	0.000
0.002	0.002	0.000	0.000
0.003	0.002	0.000	0.000
0.003	0.002	0.000	0.000
0.003	0.001	0.000	0.000
0.003	0.001	0.000	0.000
0.003	0.000	0.000	0.000
0.003	0.000	0.000	0.000
0.004	0.001	0.085	0.000
0.005	0.001	0.259	0.000
0.009	0.002	0.440	0.000
0.026	0.004	0.528	0.000
0.086	0.006	0.501	0.000
0.235	0.011	0.429	0.000
0.563	0.020	0.395	0.000
1.114	0.039	0.414	0.000
1.898	0.070	0.432	0.000
2.914	0.104	0.405	0.000
4.138	0.131	0.347	0.000
5.543	0.140	0.301	0.000
7.112	0.132	0.280	0.000
8.656	0.110	0.260	0.000
10.079	0.080	0.218	0.000
11.092	0.046	0.166	0.000
11.523	0.017	0.135	0.000
11.417	0.004	0.141	0.000
11.084	0.010	0.166	0.000
10.597	0.029	0.188	0.000
9.836	0.050	0.199	0.000
8.816	0.068	0.209	0.000
7.673	0.086	0.226	0.000
6.490	0.104	0.243	0.000
5.365	0.114	0.251	0.000
4.330	0.109	0.250	0.000
3.383	0.089	0.249	0.000
2.565	0.066	0.255	0.000
1.918	0.054	0.265	0.000
1.430	0.060	0.275	0.000
1.110	0.077	0.286	0.000
0.883	0.092	0.302	0.000
0.689	0.087	0.325	0.000
0.507	0.060	0.352	0.000
0.363	0.028	0.376	0.000
0.397	0.008	0.394	0.000
0.494	0.009	0.409	0.000
0.496	0.023	0.423	0.000
0.352	0.034	0.436	0.000
0.170	0.038	0.446	0.000
0.082	0.037	0.453	0.000
0.118	0.038	0.458	0.000
0.179	0.042	0.463	0.000
0.171	0.046	0.467	0.000
0.107	0.047	0.469	0.000
0.071	0.049	0.466	0.000
0.095	0.054	0.461	0.000
0.141	0.064	0.454	0.000
0.146	0.078	0.447	0.000
0.109	0.094	0.438	0.000
0.075	0.109	0.427	0.000
0.071	0.118	0.415	0.000
0.084	0.115	0.405	0.000
0.084	0.101	0.398	0.000
0.064	0.081	0.395	0.000
0.046	0.064	0.397	0.000
0.055	0.054	0.402	0.000
0.074	0.051	0.411	0.000
0.075	0.052	0.424	0.000
0.050	0.055	0.438	0.000
0.019	0.060	0.452	0.000
0.007	0.067	0.462	0.000
0.013	0.069	0.471	0.000
0.021	0.064	0.476	0.000
0.017	0.053	0.479	0.000
0.006	0.039	0.481	0.000
0.001	0.029	0.481	0.000
0.005	0.024	0.481	0.000
0.010	0.022	0.482	0.000
0.009	0.022	0.485	0.000
0.003	0.019	0.488	0.000
-0.000	0.014	0.491	0.000
0.001	0.009	0.492	0.000
0.004	0.006	0.492	0.000
0.004	0.008	0.492	0.000
0.001	0.012	0.493	0.000
-0.001	0.014	0.496	0.000
0.000	0.014	0.502	0.000
0.003	0.012	0.508	0.000
0.004	0.010	0.514	0.000
0.003	0.009	0.520	0.000
0.002	0.010	0.524	0.000
0.002	0.009	0.528	0.000
0.003	0.008	0.528	0.000
0.004	0.007	0.525	0.000
0.004	0.007	0.520	0.000
0.004	0.007	0.515	0.000
0.004	0.007	0.510	0.000
0.005	0.006	0.506	0.000
0.004	0.005	0.504	0.000
0.004	0.003	0.502	0.000
0.005	0.003	0.501	0.000
0.006	0.002	0.501	0.000
0.006	0.002	0.502	0.000
0.006	0.003	0.503	0.000
0.005	0.003	0.503	0.000
0.004	0.002	0.504	0.000
0.003	0.002	0.504	0.000
0.002	0.001	0.506	0.000
0.002	0.001	0.507	0.000
0.002	0.001	0.507	0.000
0.003	0.001	0.505	0.000
0.003	0.000	0.502	0.000
0.002	0.000	0.498	0.000
0.002	0.001	0.493	0.000
0.002	0.001	0.488	0.000
0.003	0.002	0.482	0.000
0.003	0.003	0.479	0.000
0.003	0.004	0.480	0.000
0.003	0.004	0.482	0.000
0.003	0.004	0.484	0.000
0.003	0.004	0.482	0.000
0.003	0.003	0.475	0.000
0.003	0.003	0.464	0.000
0.002	0.003	0.451	0.000
0.002	0.002	0.438	0.000
0.001	0.002	0.424	0.000
0.001	0.001	0.410	0.000
0.001	0.001	0.395	0.000
0.001	0.002	0.380	0.000
0.001	0.002	0.364	0.000
0.001	0.002	0.349	0.000
0.001	0.002	0.336	0.000
0.002	0.002	0.326	0.000
0.002	0.002	0.317	0.000
0.002	0.003	0.310	0.000
0.002	0.003	0.302	0.000
0.002	0.003	0.296	0.000
0.003	0.003	0.293	0.000
0.004	0.003	0.294	0.000
0.004	0.003	0.296	0.000
0.004	0.003	0.302	0.000
0.005	0.003	0.313	0.000
0.006	0.003	0.334	0.000
0.006	0.003	0.365	0.000
0.006	0.005	0.405	0.000
0.006	0.007	0.447	0.000
0.007	0.010	0.488	0.000
0.008	0.012	0.523	0.000
0.009	0.013	0.550	0.000
0.009	0.016	0.567	0.000
0.010	0.018	0.575	0.000
0.010	0.020	0.575	0.000
0.011	0.022	0.574	0.000
0.012	0.023	0.573	0.000
0.014	0.022	0.573	0.000
0.015	0.020	0.575	0.000
0.016	0.017	0.576	0.000
0.016	0.013	0.576	0.000
0.015	0.010	0.577	0.000
0.015	0.010	0.577	0.000
0.015	0.010	0.577	0.000
0.015	0.011	0.577	0.000
0.015	0.012	0.578	0.000
0.015	0.014	0.581	0.000
0.015	0.018	0.588	0.000
0.015	0.022	0.599	0.000
0.013	0.025	0.615	0.000
0.012	0.026	0.635	0.000
0.012	0.026	0.657	0.000
0.012	0.027	0.677	0.000
0.011	0.029	0.692	0.000
0.010	0.031	0.701	0.000
0.009	0.030	0.706	0.000
0.009	0.027	0.711	0.000
0.009	0.023	0.715	0.000
0.009	0.022	0.720	0.000
0.010	0.023	0.724	0.000
0.011	0.025	0.729	0.000
0.012	0.025	0.735	0.000
0.013	0.023	0.742	0.000
0.013	0.021	0.747	0.000
0.013	0.022	0.749	0.000
0.015	0.024	0.749	0.000
0.018	0.028	0.749	0.000
0.021	0.032	0.749	0.000
0.024	0.035	0.750	0.000
0.026	0.038	0.751	0.000
0.030	0.041	0.753	0.000
0.037	0.046	0.756	0.000
0.048	0.054	0.758	0.000
0.065	0.064	0.761	0.000
0.158	0.078	0.761	0.000
0.680	0.098	0.756	0.000
2.387	0.130	0.743	0.000
6.286	0.163	0.725	0.000
13.275	0.189	0.713	0.001
23.199	0.338	0.709	0.001
35.412	0.858	0.702	0.001
42.722	1.721	0.693	0.001
39.203	2.671	0.682	0.001
24.994	3.917	0.676	0.002
9.067	4.604	0.682	0.002
3.420	4.385	0.697	0.002
11.370	3.551	0.711	0.002
27.793	2.463	0.715	0.002
45.305	1.764	0.705	0.002
59.464	1.870	0.681	0.002
66.917	2.597	0.646	0.002
63.364	3.374	0.606	0.002
47.420	3.873	0.572	0.002
24.709	3.992	0.554	0.002
5.950	3.625	0.559	0.002
-1.316	2.910	0.577	0.003
1.079	2.703	0.598	0.003
5.009	3.756	0.611	0.003
4.792	5.202	0.619	0.003
1.609	5.371	0.627	0.003
-0.196	3.741	0.637	0.002
1.093	1.429	0.649	0.002
3.652	0.056	0.657	0.002
5.887	0.240	0.664	0.002
9.578	1.259	0.670	0.002
18.305	2.226	0.680	0.002
34.008	3.212	0.693	0.002
56.125	4.791	0.707	0.002
78.861	6.764	0.722	0.003
91.068	8.042	0.737	0.003
87.658	7.977	0.751	0.004
73.844	7.380	0.762	0.004
58.812	7.578	0.768	0.004
46.457	8.605	0.769	0.004
33.266	9.151	0.767	0.004
17.684	8.303	0.766	0.004
4.067	6.390	0.766	0.004
-1.718	4.328	0.768	0.004
0.761	2.757	0.769	0.003
5.550	1.737	0.769	0.003
7.020	1.053	0.769	0.003
6.692	0.676	0.768	0.002
11.652	0.660	0.766	0.002
26.135	0.902	0.764	0.002
45.388	1.107	0.760	0.001
59.009	1.071	0.755	0.001
59.566	1.011	0.750	0.001
49.448	1.586	0.747	0.002
37.762	3.822	0.747	0.002
30.954	8.864	0.750	0.003
28.183	17.427	0.757	0.004
24.904	28.590	0.764	0.005
19.042	38.497	0.769	0.006
12.696	42.141	0.774	0.007
8.874	37.844	0.776	0.008
7.870	29.111	0.779	0.008
7.620	21.322	0.781	0.008
6.519	17.239	0.783	0.008
4.929	15.798	0.784	0.008
4.026	14.593	0.785	0.007
3.987	12.687	0.786	0.007
3.919	10.842	0.787	0.006
3.249	9.824	0.787	0.006
2.406	9.346	0.787	0.005
2.093	8.699	0.787	0.005
2.405	7.725	0.787	0.005
2.814	6.886	0.786	0.005
2.955	6.538	0.785	0.004
3.041	6.634	0.782	0.004
3.500	6.995	0.780	0.004
4.373	7.666	0.778	0.004
5.352	8.822	0.776	0.004
6.351	10.352	0.775	0.005
7.558	11.733	0.773	0.005
9.152	12.451	0.770	0.005
11.020	12.387	0.768	0.005
12.710	12.153	0.765	0.005
13.951	12.937	0.763	0.006
14.922	15.841	0.761	0.006
16.103	20.936	0.759	0.006
17.909	26.606	0.758	0.007
20.197	30.394	0.757	0.007
22.412	31.275	0.756	0.008
24.121	30.807	0.755	0.008
25.533	31.852	0.754	0.008
27.044	36.151	0.754	0.009
28.818	42.674	0.753	0.009
30.583	48.641	0.753	0.010
31.670	52.124	0.753	0.010
32.700	53.551	0.752	0.010
34.221	54.836	0.751	0.011
36.116	57.293	0.750	0.011
37.845	60.523	0.749	0.012
39.253	63.477	0.748	0.012
40.614	65.536	0.746	0.012
42.274	66.974	0.745	0.012
44.297	68.443	0.745	0.012
46.189	70.303	0.745	0.013
47.291	72.969	0.744	0.013
47.725	76.682	0.741	0.013
47.501	80.649	0.738	0.013
46.873	83.082	0.733	0.013
46.073	82.479	0.729	0.014
45.195	79.203	0.725	0.014
43.952	75.519	0.721	0.014
42.709	72.901	0.717	0.014
41.034	70.186	0.714	0.013
38.869	65.323	0.711	0.013
36.471	59.059	0.709	0.013
34.362	54.233	0.707	0.012
32.745	52.377	0.707	0.012
31.168	51.645	0.710	0.012
29.457	49.117	0.717	0.011
27.482	43.846	0.724	0.011
25.412	37.695	0.730	0.011
23.379	32.864	0.731	0.010
21.463	29.762	0.729	0.010
19.689	27.648	0.725	0.009
18.245	25.354	0.721	0.009
17.323	22.041	0.718	0.008
16.826	18.151	0.714	0.008
16.506	14.796	0.710	0.007
16.151	12.842	0.706	0.007
15.820	12.304	0.703	0.006
15.615	12.427	0.701	0.006
15.575	12.644	0.700	0.006
15.623	13.046	0.701	0.006
15.704	14.114	0.702	0.006
15.849	16.106	0.702	0.006
15.960	18.761	0.702	0.006
16.039	21.582	0.700	0.006
16.010	24.331	0.697	0.007
15.873	27.080	0.692	0.007
15.671	30.049	0.685	0.008
15.475	33.337	0.677	0.008
15.444	36.684	0.668	0.008
15.457	39.464	0.658	0.009
15.361	41.020	0.650	0.009
15.319	41.239	0.641	0.009
15.142	40.838	0.633	0.010
14.786	40.707	0.625	0.010
14.308	41.166	0.617	0.010
13.785	41.842	0.609	0.010
13.269	42.018	0.600	0.010
12.782	41.197	0.590	0.010
12.215	39.333	0.581	0.010
11.510	36.824	0.571	0.010
10.720	34.491	0.563	0.010
10.021	33.106	0.556	0.009
9.507	32.827	0.551	0.009
9.220	33.019	0.547	0.009
9.071	32.751	0.543	0.009
8.966	31.533	0.538	0.009
8.862	29.550	0.532	0.009
8.957	27.367	0.525	0.009
9.452	26.039	0.517	0.008
10.319	25.351	0.508	0.008
11.403	23.741	0.499	0.008
12.495	20.348	0.490	0.008
13.815	16.535	0.482	0.007
15.374	14.549	0.472	0.007
16.945	15.549	0.462	0.007
18.341	17.278	0.452	0.007
19.293	17.346	0.442	0.006
19.937	15.770	0.431	0.006
20.613	14.529	0.421	0.006
21.338	14.804	0.410	0.006
21.624	15.941	0.399	0.006
21.087	16.335	0.388	0.006
19.864	15.487	0.378	0.006
18.515	14.152	0.368	0.006
17.438	13.069	0.359	0.006
16.538	12.022	0.350	0.006
15.585	10.494	0.341	0.005
14.475	8.652	0.332	0.005
13.499	7.297	0.324	0.005
12.901	6.892	0.316	0.005
12.657	6.996	0.309	0.005
12.575	6.808	0.302	0.004
12.456	6.065	0.296	0.004
12.275	5.227	0.291	0.004
12.164	4.845	0.287	0.004
12.140	4.996	0.283	0.004
11.892	5.346	0.281	0.004
11.482	5.600	0.280	0.004
11.231	5.729	0.281	0.004
11.311	5.803	0.282	0.004
11.589	5.814	0.285	0.004
11.589	5.729	0.289	0.004
11.271	5.559	0.295	0.004
10.530	5.362	0.302	0.004
9.629	5.190	0.311	0.004
8.935	5.037	0.321	0.004
8.352	4.854	0.332	0.004
7.762	4.588	0.345	0.003
7.142	4.197	0.360	0.003
6.694	3.690	0.376	0.003
6.598	3.165	0.393	0.003
6.801	2.771	0.412	0.003
7.064	2.606	0.433	0.003
7.284	2.634	0.454	0.003
7.653	2.701	0.476	0.003
8.690	2.688	0.499	0.003
10.307	2.609	0.521	0.003
11.605	2.562	0.543	0.003
12.291	2.613	0.564	0.003
12.828	2.738	0.583	0.003
14.020	2.831	0.601	0.003
16.299	2.834	0.618	0.003
18.680	2.831	0.633	0.003
19.896	2.963	0.646	0.003
19.615	3.150	0.657	0.003
18.846	3.107	0.667	0.003
18.582	2.649	0.675	0.003
18.973	1.983	0.683	0.002
19.316	1.540	0.689	0.002
18.915	1.505	0.694	0.002
17.666	1.588	0.698	0.002
15.927	1.391	0.700	0.002
14.107	0.853	0.702	0.002
12.381	0.294	0.702	0.002
10.686	0.054	0.703	0.001
9.071	0.142	0.702	0.001
7.804	0.303	0.701	0.001
7.780	0.335	0.701	0.001
12.367	0.282	0.700	0.001
27.964	0.297	0.700	0.001
60.488	0.431	0.699	0.001
105.779	0.897	0.699	0.001
142.085	2.375	0.698	0.002
146.826	5.238	0.695	0.002
124.847	8.310	0.687	0.002
102.805	9.761	0.672	0.003
98.678	9.857	0.653	0.003
104.875	10.302	0.632	0.003
96.187	10.976	0.614	0.003
62.770	10.191	0.600	0.003
23.661	7.691	0.591	0.003
4.184	5.033	0.586	0.003
9.383	4.005	0.582	0.003
22.295	5.406	0.579	0.003
25.714	9.281	0.574	0.004
20.199	14.487	0.569	0.004
18.750	19.029	0.564	0.005
28.292	20.881	0.559	0.005
42.544	19.146	0.554	0.005
51.494	14.966	0.549	0.005
51.639	10.779	0.544	0.005
46.740	8.172	0.539	0.005
39.884	6.586	0.534	0.005
31.333	4.684	0.527	0.004
21.635	2.643	0.519	0.004
13.482	2.330	0.510	0.004
9.602	5.320	0.501	0.004
9.480	11.352	0.492	0.004
9.565	18.708	0.486	0.005
7.983	25.399	0.480	0.005
7.070	29.825	0.476	0.006
10.716	30.775	0.473	0.007
20.821	27.744	0.469	0.007
33.145	21.526	0.465	0.007
41.559	14.264	0.460	0.007
41.390	8.714	0.455	0.006
32.999	6.708	0.449	0.006
21.311	7.606	0.444	0.005
11.756	8.826	0.439	0.005
6.294	8.057	0.435	0.004
3.775	5.231	0.431	0.004
2.346	2.232	0.427	0.004
1.735	0.886	0.422	0.003
3.996	1.471	0.417	0.003
12.081	2.992	0.412	0.003
26.558	4.603	0.407	0.003
43.470	6.584	0.403	0.003
57.026	9.801	0.401	0.004
62.859	14.284	0.404	0.004
61.074	18.980	0.410	0.005
55.556	22.558	0.418	0.006
48.452	24.096	0.425	0.006
38.619	23.365	0.427	0.006
25.751	20.601	0.427	0.007
12.686	16.284	0.425	0.006
3.839	10.959	0.424	0.006
1.063	5.649	0.423	0.005
2.067	1.938	0.421	0.005
3.134	0.730	0.418	0.004
2.972	1.388	0.413	0.003
3.282	2.446	0.407	0.003
6.009	2.924	0.400	0.003
11.107	2.809	0.394	0.002
16.241	2.523	0.386	0.002
19.542	2.195	0.379	0.002
21.343	1.622	0.372	0.002
20.661	0.784	0.366	0.002
16.215	0.156	0.361	0.002
8.892	0.318	0.357	0.002
2.126	1.227	0.354	0.002
-0.300	2.092	0.352	0.002
2.158	2.165	0.351	0.002
7.430	1.549	0.352	0.002
13.039	1.015	0.354	0.002
18.888	1.147	0.358	0.002
29.447	2.042	0.364	0.002
46.315	3.606	0.373	0.002
63.429	5.701	0.383	0.003
71.506	8.852	0.393	0.004
70.617	15.415	0.403	0.005
68.454	30.551	0.412	0.006
66.794	59.224	0.425	0.008
61.719	97.419	0.441	0.010
48.397	126.852	0.459	0.011
29.306	126.712	0.477	0.012
13.720	94.452	0.490	0.013
8.226	51.199	0.499	0.013
10.098	24.402	0.506	0.013
11.421	23.960	0.514	0.012
8.107	36.175	0.523	0.011
3.018	40.608	0.531	0.010
0.814	30.728	0.538	0.009
2.084	16.437	0.544	0.008
3.658	9.578	0.550	0.008
2.957	10.989	0.556	0.007
0.831	12.685	0.561	0.006
-0.326	9.156	0.565	0.006
0.229	3.006	0.569	0.005
1.097	-0.149	0.574	0.004
0.923	1.021	0.580	0.004
-0.004	2.953	0.587	0.003
-0.486	2.446	0.594	0.003
-0.077	0.259	0.600	0.002
0.520	-0.812	0.603	0.002
0.532	0.157	0.607	0.002
0.070	1.448	0.613	0.001
-0.164	1.307	0.623	0.001
0.288	0.088	0.635	0.001
1.460	-0.569	0.644	0.001
3.463	0.055	0.647	0.001
6.946	1.055	0.645	0.001
12.627	1.472	0.641	0.001
19.723	1.821	0.637	0.002
25.516	3.334	0.634	0.002
26.991	5.894	0.632	0.002
22.988	7.897	0.632	0.003
15.632	8.623	0.634	0.003
8.666	9.570	0.639	0.004
4.850	12.686	0.647	0.004
4.321	17.686	0.656	0.005
5.203	22.010	0.664	0.005
5.639	23.447	0.671	0.006
5.198	22.052	0.676	0.006
4.727	19.473	0.679	0.006
4.736	17.056	0.682	0.007
4.977	14.901	0.684	0.006
4.931	12.599	0.685	0.006
4.535	10.336	0.685	0.006
4.166	8.901	0.685	0.006
4.165	8.740	0.686	0.005
4.429	9.409	0.687	0.005
4.612	10.050	0.689	0.005
4.554	10.243	0.691	0.005
4.410	10.203	0.693	0.005
4.430	10.372	0.695	0.005
4.653	10.988	0.696	0.005
4.914	11.959	0.697	0.005
5.020	13.025	0.697	0.005
4.987	13.912	0.698	0.005
5.010	14.446	0.699	0.006
5.168	14.674	0.700	0.006
5.419	14.848	0.702	0.006
5.668	15.218	0.704	0.006
5.839	15.783	0.706	0.006
5.956	16.330	0.707	0.006
6.052	16.627	0.707	0.006
6.135	16.747	0.707	0.006
6.186	16.908	0.706	0.006
6.209	17.189	0.706	0.006
6.265	17.439	0.706	0.006
6.395	17.497	0.708	0.006
6.625	17.376	0.714	0.006
6.885	17.254	0.723	0.006
7.078	17.160	0.731	0.006
7.181	16.942	0.738	0.006
7.275	16.415	0.742	0.006
7.503	15.554	0.743	0.006
8.128	14.510	0.744	0.006
9.090	13.459	0.745	0.006
9.714	12.357	0.746	0.006
9.563	11.134	0.747	0.006
8.758	9.884	0.747	0.005
7.939	8.792	0.747	0.005
7.880	8.002	0.747	0.005
8.866	7.389	0.746	0.005
10.715	6.640	0.743	0.004
12.965	5.674	0.738	0.004
15.260	4.831	0.732	0.004
17.488	4.704	0.724	0.004
19.632	5.491	0.716	0.004
21.617	6.542	0.706	0.004
23.237	7.058	0.694	0.004
24.303	6.950	0.681	0.004
24.704	7.001	0.668	0.004
24.562	7.995	0.656	0.004
23.869	9.536	0.644	0.004
23.079	10.583	0.629	0.005
22.097	10.757	0.611	0.005
21.263	10.831	0.590	0.005
20.514	11.818	0.566	0.005
19.852	13.540	0.539	0.005
19.144	14.678	0.510	0.005
18.440	14.528	0.482	0.006
17.984	13.458	0.456	0.006
17.871	12.596	0.432	0.006
17.822	12.759	0.412	0.006
17.505	13.965	0.394	0.006
17.008	15.882	0.381	0.006
16.760	17.757	0.370	0.006
16.974	18.521	0.361	0.006
17.640	18.095	0.354	0.006
18.365	17.334	0.350	0.006
18.822	18.156	0.348	0.007
19.032	21.906	0.348	0.007
19.279	27.089	0.351	0.007
20.184	30.320	0.355	0.007
21.330	29.606	0.362	0.008
22.160	26.602	0.370	0.008
22.468	24.664	0.378	0.008
22.645	25.725	0.387	0.008
23.200	29.236	0.395	0.008
24.097	33.153	0.405	0.008
25.360	36.108	0.415	0.009
26.399	37.048	0.426	0.009
26.804	36.201	0.437	0.009
26.682	35.683	0.448	0.009
26.324	37.666	0.459	0.009
26.452	42.057	0.471	0.010
27.412	46.042	0.482	0.010
28.236	46.842	0.494	0.010
28.446	44.565	0.506	0.010
28.071	41.655	0.516	0.010
27.812	40.357	0.525	0.010
27.523	40.448	0.532	0.010
26.868	40.131	0.539	0.010
25.526	38.266	0.545	0.010
24.262	35.533	0.551	0.010
23.886	33.410	0.560	0.009
24.235	32.621	0.571	0.009
24.315	32.519	0.584	0.009
23.563	32.171	0.597	0.009
22.314	31.288	0.610	0.009
21.309	30.241	0.622	0.009
20.299	29.318	0.633	0.009
19.304	28.391	0.643	0.008
18.257	27.157	0.652	0.008
17.806	25.580	0.660	0.008
17.604	23.967	0.666	0.008
17.093	22.638	0.672	0.008
15.677	21.604	0.678	0.008
14.538	20.639	0.683	0.007
13.888	19.593	0.689	0.007
13.431	18.421	0.694	0.007
12.408	17.095	0.698	0.007
10.666	15.543	0.702	0.007
8.836	13.767	0.705	0.006
7.680	11.959	0.708	0.006
7.164	10.407	0.712	0.006
6.666	9.236	0.715	0.005
5.771	8.318	0.718	0.005
4.742	7.386	0.720	0.005
4.042	6.300	0.724	0.004
3.737	5.158	0.727	0.004
3.537	4.214	0.730	0.004
3.188	3.646	0.733	0.004
2.773	3.388	0.735	0.003
2.481	3.206	0.738	0.003
2.361	2.906	0.741	0.003
2.277	2.495	0.743	0.003
2.108	2.120	0.745	0.003
1.886	1.876	0.747	0.002
1.715	1.706	0.749	0.002
1.603	1.485	0.750	0.002
1.490	1.165	0.751	0.002
1.347	0.824	0.751	0.002
1.246	0.580	0.751	0.002
1.299	0.477	0.750	0.002
1.443	0.476	0.748	0.001
1.587	0.521	0.745	0.001
1.695	0.593	0.741	0.001
1.823	0.703	0.735	0.001
2.240	0.851	0.729	0.001
2.770	1.023	0.721	0.001
3.170	1.212	0.712	0.001
3.322	1.413	0.702	0.002
3.390	1.616	0.692	0.002
3.603	1.804	0.681	0.002
4.012	1.976	0.669	0.002
4.386	2.147	0.657	0.002
4.555	2.312	0.646	0.002
4.524	2.444	0.635	0.002
4.464	2.524	0.624	0.002
4.477	2.581	0.612	0.002
4.557	2.659	0.601	0.002
4.515	2.739	0.590	0.002
4.316	2.735	0.579	0.002
4.056	2.590	0.568	0.002
3.825	2.361	0.558	0.002
3.605	2.183	0.548	0.002
3.343	2.119	0.538	0.002
3.075	2.084	0.530	0.002
2.841	1.952	0.522	0.002
2.668	1.710	0.514	0.002
2.488	1.496	0.506	0.002
2.242	1.455	0.499	0.002
1.936	1.586	0.492	0.002
1.724	1.742	0.487	0.002
1.679	1.746	0.481	0.002
2.008	1.538	0.476	0.002
3.407	1.197	0.470	0.002
7.015	0.878	0.463	0.002
13.648	0.762	0.454	0.002
23.761	1.130	0.441	0.002
37.560	2.245	0.427	0.002
53.018	4.044	0.411	0.002
63.539	6.114	0.396	0.003
61.833	8.197	0.383	0.003
46.716	9.874	0.372	0.003
25.608	10.024	0.366	0.004
9.123	7.666	0.364	0.003
2.685	3.796	0.363	0.003
3.559	1.063	0.362	0.003
5.440	1.210	0.358	0.003
5.244	3.357	0.353	0.002
5.168	5.066	0.347	0.002
9.092	4.917	0.342	0.002
18.588	3.693	0.337	0.003
31.609	3.071	0.333	0.003
44.192	3.803	0.328	0.003
52.635	5.321	0.326	0.003
53.881	6.763	0.326	0.003
48.030	8.174	0.326	0.004
38.722	10.453	0.324	0.004
31.354	13.558	0.319	0.004
29.875	15.445	0.311	0.005
33.170	14.116	0.302	0.005
34.711	11.122	0.293	0.005
29.778	11.853	0.282	0.005
23.069	15.327	0.270	0.006
25.633	17.599	0.257	0.006
42.078	17.955	0.243	0.006
62.874	15.721	0.229	0.006
75.703	12.080	0.216	0.006
78.707	8.936	0.204	0.006
80.596	7.143	0.194	0.006
83.548	6.257	0.185	0.005
77.233	5.611	0.177	0.004
53.836	4.673	0.170	0.004
22.988	3.408	0.166	0.003
2.544	2.376	0.164	0.003
0.572	2.451	0.165	0.003
8.496	4.086	0.168	0.003
12.100	6.372	0.171	0.003
6.742	7.430	0.175	0.003
-0.296	6.326	0.181	0.003
-1.380	4.171	0.188	0.003
2.431	3.094	0.197	0.003
4.799	4.214	0.207	0.003
3.015	6.514	0.219	0.004
0.369	7.940	0.232	0.004
0.563	7.431	0.246	0.004
3.036	5.697	0.260	0.004
4.672	4.141	0.271	0.004
4.448	3.427	0.277	0.003
4.317	3.197	0.277	0.003
5.637	3.089	0.276	0.003
7.301	3.685	0.275	0.003
7.700	6.219	0.276	0.004
6.436	11.346	0.279	0.004
4.756	18.200	0.284	0.005
3.924	24.442	0.290	0.005
3.883	27.462	0.299	0.006
3.687	25.752	0.309	0.006
2.864	19.897	0.320	0.006
1.849	12.475	0.327	0.006
1.243	6.547	0.331	0.006
1.106	3.672	0.333	0.005
1.031	3.229	0.334	0.005
0.751	3.488	0.333	0.004
0.418	3.229	0.331	0.004
0.509	2.454	0.327	0.003
1.506	1.797	0.323	0.003
3.685	1.614	0.318	0.003
6.815	1.996	0.311	0.003
9.778	3.475	0.304	0.003
11.646	7.255	0.295	0.003
12.437	14.324	0.286	0.004
12.820	24.457	0.278	0.005
13.314	36.102	0.270	0.006
13.871	47.004	0.265	0.007
14.088	55.047	0.261	0.009
13.789	58.929	0.262	0.009
12.912	58.341	0.267	0.010
11.549	53.548	0.275	0.011
9.916	45.226	0.285	0.011
8.274	34.806	0.296	0.010
6.923	24.503	0.308	0.010
6.028	16.465	0.320	0.009
5.456	11.706	0.333	0.008
4.955	9.678	0.346	0.007
4.478	8.932	0.359	0.006
4.112	8.333	0.371	0.006
3.911	7.718	0.383	0.005
3.777	7.494	0.396	0.005
3.521	7.804	0.407	0.005
3.004	8.177	0.418	0.004
2.310	7.953	0.428	0.004
1.648	6.917	0.436	0.004
1.151	5.434	0.443	0.004
0.841	4.002	0.450	0.004
0.748	2.814	0.457	0.003
1.058	1.780	0.467	0.003
2.132	0.847	0.480	0.003
4.249	0.149	0.495	0.002
7.611	-0.144	0.510	0.002
11.984	-0.050	0.527	0.001
16.170	0.231	0.543	0.001
18.845	0.536	0.556	0.001
18.978	0.913	0.564	0.001
16.472	1.460	0.567	0.001
12.095	2.170	0.568	0.002
7.614	2.992	0.567	0.002
4.740	3.932	0.566	0.002
4.099	5.005	0.563	0.003
4.948	6.154	0.558	0.003
6.291	7.414	0.552	0.003
8.459	9.320	0.546	0.004
13.900	12.654	0.540	0.004
26.792	17.430	0.531	0.005
52.169	22.475	0.515	0.005
89.680	26.530	0.494	0.006
131.738	29.809	0.471	0.007
160.620	34.219	0.451	0.008
157.315	40.898	0.439	0.008
121.719	47.412	0.439	0.009
74.074	49.474	0.447	0.009
37.992	45.797	0.458	0.010
22.835	40.332	0.469	0.010
20.859	38.503	0.478	0.010
19.425	41.662	0.486	0.010
14.204	46.243	0.493	0.010
9.606	48.076	0.501	0.010
9.547	46.021	0.508	0.010
11.836	41.918	0.514	0.010
11.821	37.739	0.518	0.010
8.433	33.851	0.522	0.010
4.899	29.636	0.527	0.009
4.102	25.160	0.532	0.009
5.253	21.334	0.535	0.008
5.568	18.736	0.538	0.008
4.042	16.825	0.540	0.007
2.216	14.626	0.544	0.007
1.783	11.887	0.548	0.006
2.500	9.290	0.553	0.006
2.845	7.564	0.556	0.005
2.108	6.701	0.559	0.005
1.073	6.050	0.560	0.005
0.751	5.123	0.561	0.004
1.118	4.023	0.562	0.004
1.352	3.145	0.562	0.004
0.992	2.640	0.562	0.003
0.432	2.304	0.562	0.003
0.293	1.901	0.562	0.003
0.658	1.444	0.564	0.002
1.200	1.093	0.568	0.002
1.660	0.897	0.572	0.002
2.319	0.726	0.576	0.002
3.907	0.461	0.579	0.001
6.922	0.152	0.583	0.001
11.479	-0.007	0.587	0.001
17.535	0.237	0.590	0.001
25.028	1.176	0.589	0.001
33.836	3.094	0.587	0.002
43.508	6.205	0.583	0.002
53.226	10.707	0.579	0.003
62.474	17.002	0.573	0.005
70.565	25.865	0.564	0.006
77.219	38.173	0.551	0.007
82.781	54.293	0.535	0.009
88.721	73.513	0.514	0.010
95.689	94.227	0.489	0.012
102.520	114.584	0.460	0.013
107.030	133.243	0.429	0.015
108.374	149.490	0.397	0.016
107.190	162.656	0.364	0.017
105.614	171.740	0.333	0.018
104.683	176.034	0.303	0.019
104.279	175.990	0.275	0.019
102.933	172.602	0.252	0.020
99.679	165.939	0.234	0.020
95.768	154.710	0.222	0.020
91.534	139.481	0.215	0.019
86.677	123.861	0.216	0.019
79.838	112.110	0.222	0.018
71.325	105.186	0.231	0.018
62.963	100.053	0.243	0.017
56.598	93.197	0.255	0.016
52.421	84.524	0.266	0.016
49.304	76.963	0.278	0.015
45.933	72.632	0.290	0.014
42.394	70.405	0.302	0.014
38.965	67.834	0.313	0.014
35.587	63.767	0.324	0.013
31.626	59.110	0.334	0.013
27.008	54.960	0.345	0.012
22.130	50.761	0.355	0.012
17.902	45.193	0.363	0.011
14.727	38.027	0.371	0.011
12.342	30.583	0.377	0.010
10.197	24.462	0.383	0.009
8.065	19.962	0.388	0.009
6.113	16.242	0.392	0.008
4.563	12.696	0.395	0.007
3.502	9.665	0.397	0.007
2.871	7.784	0.400	0.006
2.495	6.995	0.402	0.005
2.208	6.470	0.404	0.005
1.890	5.495	0.406	0.004
1.520	4.144	0.407	0.004
1.136	2.993	0.408	0.004
0.825	2.342	0.408	0.003
0.728	1.956	0.408	0.003
0.767	1.487	0.408	0.003
0.845	0.921	0.408	0.002
1.045	0.519	0.409	0.002
1.704	0.421	0.409	0.002
3.582	0.473	0.410	0.001
7.587	0.473	0.410	0.001
15.671	0.456	0.411	0.001
28.895	0.669	0.412	0.001
46.234	1.188	0.416	0.001
63.663	1.737	0.421	0.001
74.486	1.989	0.427	0.002
73.407	2.060	0.435	0.002
60.594	2.858	0.442	0.002
39.711	6.474	0.449	0.003
19.855	13.531	0.457	0.003
7.795	19.398	0.464	0.004
4.273	19.231	0.470	0.004
5.137	13.972	0.474	0.004
5.681	9.116	0.478	0.004
4.487	8.969	0.482	0.005
3.278	12.478	0.486	0.005
4.291	15.524	0.490	0.005
8.067	15.139	0.495	0.005
13.654	11.974	0.498	0.005
20.006	8.701	0.500	0.005
25.729	7.611	0.500	0.005
28.620	11.019	0.498	0.005
27.194	21.764	0.494	0.006
22.285	40.472	0.490	0.007
17.169	61.556	0.487	0.008
14.476	74.605	0.485	0.009
14.357	72.294	0.483	0.010
14.831	56.904	0.482	0.010
14.317	39.112	0.480	0.011
13.184	29.446	0.479	0.011
12.742	30.439	0.478	0.010
13.409	36.290	0.478	0.010
14.248	39.480	0.478	0.010
14.300	37.512	0.479	0.009
13.667	33.885	0.479	0.009
13.425	33.594	0.480	0.009
14.077	38.359	0.480	0.010
15.155	46.064	0.479	0.010
16.245	54.164	0.478	0.010
17.749	62.325	0.478	0.011
20.474	71.066	0.477	0.011
24.397	79.214	0.477	0.012
28.750	84.639	0.478	0.013
32.971	87.280	0.479	0.013
37.495	89.762	0.481	0.014
42.667	94.495	0.485	0.014
48.854	100.767	0.489	0.015
54.694	105.505	0.495	0.015
59.124	106.824	0.502	0.015
62.136	105.752	0.510	0.016
63.979	104.366	0.518	0.016
65.721	102.786	0.527	0.016
67.445	98.756	0.537	0.015
68.496	89.952	0.546	0.015
68.052	76.615	0.556	0.015
65.796	62.463	0.565	0.014
61.958	52.017	0.575	0.013
56.674	46.538	0.585	0.012
49.906	42.412	0.595	0.012
41.901	35.324	0.604	0.011
34.176	26.312	0.613	0.010
28.555	20.572	0.622	0.009
26.197	21.493	0.629	0.009
26.510	26.978	0.634	0.008
28.518	32.547	0.637	0.008
32.034	36.357	0.635	0.008
36.835	40.564	0.630	0.009
42.462	47.046	0.621	0.009
47.439	54.753	0.610	0.010
51.580	61.936	0.596	0.011
55.106	69.180	0.580	0.012
59.760	79.196	0.562	0.012
67.403	93.189	0.541	0.013
78.207	108.587	0.518	0.014
89.233	121.580	0.494	0.015
96.239	130.685	0.468	0.016
97.870	137.017	0.442	0.016
95.843	141.093	0.416	0.017
95.530	140.983	0.391	0.017
99.874	134.298	0.366	0.018
107.080	122.422	0.342	0.018
112.183	110.143	0.319	0.017
112.155	101.253	0.296	0.017
107.365	95.462	0.273	0.016
101.041	89.588	0.252	0.016
95.349	81.127	0.233	0.015
90.236	71.301	0.214	0.015
84.764	63.381	0.197	0.014
79.711	59.717	0.180	0.013
76.491	59.885	0.164	0.013
74.884	61.711	0.150	0.013
73.017	62.864	0.136	0.012
69.931	61.941	0.123	0.012
65.382	57.768	0.110	0.012
59.189	50.824	0.098	0.012
51.087	43.105	0.087	0.011
42.341	36.814	0.077	0.011
34.254	32.839	0.068	0.010
27.656	30.526	0.060	0.010
22.425	28.746	0.053	0.009
17.763	27.195	0.047	0.009
13.431	26.213	0.042	0.009
9.782	25.908	0.038	0.008
7.237	25.848	0.036	0.008
5.713	25.454	0.034	0.008
4.747	24.501	0.035	0.008
4.027	23.103	0.037	0.008
3.571	21.399	0.041	0.007
3.448	19.493	0.045	0.007
3.483	17.630	0.048	0.007
3.367	16.236	0.047	0.007
3.141	15.639	0.044	0.007
2.878	15.676	0.040	0.006
2.699	15.726	0.038	0.006
2.702	15.219	0.037	0.006
3.268	14.092	0.036	0.006
4.793	12.638	0.035	0.006
6.970	11.151	0.034	0.006
8.425	9.828	0.033	0.005
8.943	8.955	0.033	0.005
8.874	8.996	0.033	0.005
7.986	10.182	0.033	0.005
5.921	11.885	0.035	0.005
3.369	12.641	0.037	0.005
1.286	11.246	0.040	0.005
0.496	7.991	0.045	0.005
0.868	4.579	0.050	0.004
1.458	2.697	0.054	0.004
1.465	2.710	0.059	0.004
1.034	3.689	0.065	0.004
0.779	4.495	0.070	0.003
0.958	4.728	0.075	0.003
1.235	4.657	0.080	0.003
1.218	4.545	0.085	0.003
0.943	4.316	0.091	0.003
0.751	3.859	0.096	0.003
0.824	3.374	0.101	0.003
0.996	3.200	0.106	0.003
1.076	3.397	0.111	0.003
1.143	3.629	0.116	0.003
1.650	3.555	0.122	0.003
3.271	3.184	0.130	0.003
6.684	2.829	0.138	0.003
12.281	2.790	0.148	0.003
20.996	3.191	0.159	0.003
34.466	4.054	0.171	0.003
53.524	5.564	0.183	0.003
77.189	9.067	0.194	0.004
106.008	18.747	0.205	0.006
142.881	41.220	0.215	0.007
186.654	80.382	0.222	0.010
226.280	132.177	0.226	0.012
245.123	187.029	0.225	0.015
234.906	239.176	0.220	0.018
206.145	292.164	0.214	0.021
173.745	353.369	0.207	0.023
144.069	420.325	0.200	0.026
113.499	472.300	0.193	0.028
79.874	479.911	0.187	0.029
49.217	429.159	0.182	0.030
30.061	336.666	0.176	0.029
23.250	239.541	0.170	0.028
21.100	167.979	0.163	0.027
16.196	126.686	0.155	0.025
8.673	100.752	0.148	0.022
3.614	75.737	0.142	0.019
3.334	50.010	0.136	0.017
4.891	30.311	0.132	0.014
4.436	20.335	0.128	0.012
1.830	16.319	0.127	0.010
-0.120	12.448	0.127	0.009
0.257	7.275	0.130	0.007
1.663	3.431	0.135	0.006
1.954	2.797	0.143	0.005
0.872	3.947	0.153	0.004
-0.075	4.243	0.165	0.004
0.163	2.994	0.180	0.003
0.998	1.684	0.196	0.003
1.241	1.601	0.213	0.003
0.661	2.322	0.232	0.002
0.060	2.581	0.253	0.002
0.098	1.974	0.275	0.002
0.540	1.240	0.298	0.002
0.713	1.128	0.323	0.002
0.401	1.497	0.348	0.002
0.004	1.645	0.375	0.002
-0.069	1.241	0.404	0.002
0.122	0.637	0.435	0.002
0.234	0.326	0.468	0.002
0.112	0.367	0.503	0.001
-0.064	0.444	0.541	0.001
-0.075	0.319	0.579	0.001
0.067	0.086	0.617	0.001
0.183	-0.033	0.654	0.001
0.179	0.020	0.689	0.001
0.141	0.111	0.720	0.001
0.203	0.122	0.747	0.000
0.377	0.088	0.769	0.000
0.582	0.130	0.787	0.001
0.809	0.292	0.800	0.001
1.258	0.485	0.807	0.001
2.396	0.699	0.810	0.001
4.761	0.982	0.806	0.001
9.003	1.517	0.796	0.002
16.084	2.757	0.780	0.002
26.659	5.820	0.758	0.003
40.648	12.988	0.728	0.004
56.261	27.487	0.692	0.006
72.342	50.901	0.651	0.008
88.917	83.280	0.608	0.010
106.534	123.669	0.562	0.012
126.176	170.608	0.515	0.015
146.212	219.910	0.467	0.017
163.100	262.888	0.419	0.019
170.116	287.375	0.374	0.021
167.138	284.237	0.333	0.022
158.314	253.910	0.297	0.023
147.640	207.030	0.266	0.023
135.669	158.147	0.240	0.022
123.160	118.120	0.220	0.021
111.701	90.730	0.204	0.020
102.656	74.512	0.193	0.018
94.790	66.415	0.186	0.017
84.632	63.419	0.181	0.015
70.278	62.776	0.177	0.014
55.528	62.417	0.175	0.013
44.669	61.687	0.175	0.013
39.398	60.923	0.176	0.012
37.023	59.934	0.177	0.012
34.049	57.654	0.180	0.012
29.000	53.056	0.182	0.012
23.498	46.247	0.185	0.011
19.137	38.441	0.189	0.011
15.974	30.871	0.193	0.010
12.950	24.132	0.196	0.009
9.746	18.399	0.201	0.009
6.864	13.785	0.205	0.008
4.960	10.316	0.210	0.007
3.968	7.767	0.215	0.006
3.256	5.771	0.219	0.005
2.443	4.206	0.223	0.005
1.700	3.194	0.227	0.004
1.326	2.773	0.230	0.004
1.267	2.647	0.233	0.003
1.251	2.440	0.237	0.003
1.077	2.076	0.241	0.003
0.831	1.816	0.246	0.002
0.697	1.853	0.253	0.002
0.703	2.015	0.265	0.002
0.721	1.969	0.283	0.002
0.656	1.617	0.310	0.002
0.645	1.186	0.344	0.002
1.065	0.966	0.384	0.002
2.450	1.104	0.426	0.002
5.309	1.694	0.467	0.002
9.262	2.208	0.507	0.002
12.430	2.635	0.546	0.002
12.783	2.809	0.581	0.002
9.800	2.535	0.612	0.002
5.259	1.817	0.637	0.002
1.810	1.174	0.658	0.002
0.757	1.102	0.677	0.002
1.338	1.502	0.694	0.002
1.949	1.861	0.710	0.002
1.788	1.940	0.724	0.002
1.248	2.040	0.735	0.002
1.018	2.473	0.745	0.002
1.193	3.058	0.753	0.002
1.304	3.272	0.761	0.002
1.072	2.847	0.767	0.002
0.755	2.062	0.773	0.002
0.761	1.445	0.779	0.002
1.268	1.251	0.784	0.002
2.193	1.207	0.789	0.002
3.713	0.955	0.793	0.002
6.455	0.514	0.798	0.002
10.998	0.209	0.802	0.001
15.932	0.282	0.805	0.001
18.256	0.666	0.807	0.001
16.346	1.127	0.809	0.001
11.466	1.753	0.812	0.002
6.336	2.637	0.814	0.002
3.183	3.771	0.816	0.002
2.120	4.906	0.818	0.002
1.832	5.564	0.818	0.003
1.402	5.395	0.818	0.003
1.181	4.468	0.817	0.003
2.673	3.175	0.815	0.003
9.078	2.231	0.810	0.003
22.826	2.210	0.798	0.003
42.240	3.091	0.776	0.003
60.281	4.307	0.747	0.003
68.607	5.317	0.715	0.003
62.939	6.183	0.685	0.003
46.982	7.605	0.661	0.004
29.616	10.562	0.641	0.004
17.807	15.248	0.627	0.005
12.288	20.095	0.615	0.005
9.723	22.634	0.606	0.006
7.275	21.804	0.598	0.006
4.982	19.003	0.591	0.006
4.128	16.902	0.585	0.007
4.851	17.127	0.578	0.007
5.747	19.074	0.571	0.007
5.668	20.912	0.563	0.007
4.991	21.499	0.555	0.007
4.754	21.161	0.545	0.007
5.249	20.793	0.534	0.007
5.827	20.671	0.521	0.007
5.838	20.412	0.507	0.007
5.413	19.796	0.490	0.007
5.156	19.188	0.471	0.007
5.307	19.053	0.449	0.007
5.582	19.297	0.424	0.007
5.549	19.368	0.398	0.007
5.223	18.916	0.371	0.007
4.967	18.173	0.344	0.007
5.046	17.590	0.320	0.007
5.345	17.282	0.300	0.007
5.553	16.912	0.286	0.007
5.710	16.119	0.279	0.006
5.862	14.933	0.278	0.006
6.070	13.729	0.285	0.006
6.152	12.823	0.298	0.006
5.846	12.204	0.317	0.006
5.098	11.621	0.341	0.006
4.210	10.876	0.368	0.005
3.559	9.977	0.397	0.005
3.274	9.065	0.428	0.005
3.191	8.250	0.459	0.005
3.102	7.530	0.492	0.005
2.921	6.841	0.523	0.004
2.678	6.135	0.554	0.004
2.463	5.424	0.583	0.004
2.300	4.757	0.609	0.004
2.182	4.196	0.632	0.004
2.110	3.800	0.650	0.003
2.098	3.593	0.666	0.003
2.152	3.548	0.677	0.003
2.264	3.591	0.685	0.003
2.405	3.675	0.690	0.003
2.566	3.822	0.694	0.003
2.750	4.076	0.695	0.003
2.930	4.429	0.695	0.003
3.118	4.802	0.694	0.003
3.297	5.115	0.692	0.003
3.433	5.385	0.688	0.003
3.505	5.686	0.684	0.003
3.561	6.020	0.680	0.004
3.651	6.276	0.675	0.004
3.805	6.429	0.669	0.004
3.953	6.613	0.663	0.004
4.000	7.007	0.656	0.004
3.935	7.495	0.650	0.004
3.787	7.660	0.643	0.004
3.629	7.181	0.638	0.004
3.526	6.235	0.634	0.004
3.497	5.297	0.631	0.004
3.517	4.728	0.629	0.004
3.523	4.502	0.628	0.004
3.518	4.389	0.626	0.004
3.544	4.252	0.625	0.003
3.608	4.154	0.625	0.003
3.661	4.156	0.626	0.003
3.662	4.221	0.627	0.003
3.641	4.364	0.628	0.003
3.625	4.115	0.630	0.003
3.611	3.176	0.630	0.003
3.550	1.882	0.629	0.003
3.419	1.014	0.628	0.003
3.269	1.317	0.626	0.003
3.189	2.694	0.624	0.002
3.272	3.919	0.622	0.002
3.499	4.023	0.620	0.002
3.756	3.217	0.619	0.002
3.991	2.491	0.617	0.003
4.259	2.502	0.616	0.003
4.653	3.015	0.613	0.003
5.238	3.314	0.609	0.003
5.824	3.173	0.605	0.003
6.160	3.153	0.600	0.003
6.207	3.667	0.594	0.003
6.128	4.292	0.589	0.003
6.117	4.160	0.583	0.003
6.254	3.035	0.579	0.003
6.354	1.757	0.575	0.003
6.277	1.325	0.572	0.003
6.121	1.850	0.568	0.003
5.987	2.606	0.564	0.002
5.847	2.911	0.560	0.002
5.521	2.782	0.557	0.002
4.972	2.690	0.557	0.002
4.422	2.890	0.562	0.003
4.115	3.204	0.571	0.003
4.077	3.405	0.584	0.003
4.164	3.562	0.598	0.003
4.224	3.869	0.611	0.003
4.311	4.311	0.621	0.003
4.466	4.669	0.628	0.003
4.675	4.822	0.634	0.003
4.868	4.908	0.639	0.003
4.999	5.104	0.644	0.003
5.044	5.347	0.648	0.003
5.038	5.391	0.653	0.003
4.994	5.123	0.657	0.003
4.955	4.742	0.663	0.003
4.954	4.575	0.668	0.003
4.949	4.754	0.674	0.003
4.945	5.030	0.680	0.003
4.862	5.052	0.686	0.003
4.706	4.757	0.693	0.003
4.517	4.443	0.700	0.003
4.338	4.436	0.708	0.003
4.168	4.747	0.715	0.003
3.984	5.110	0.722	0.003
3.779	5.354	0.729	0.003
3.592	5.585	0.737	0.004
3.489	5.983	0.746	0.004
3.421	6.529	0.755	0.004
3.369	7.036	0.764	0.004
3.344	7.438	0.772	0.004
3.363	7.930	0.780	0.004
3.476	8.784	0.788	0.004
3.478	10.062	0.795	0.005
3.249	11.536	0.801	0.005
2.882	12.824	0.807	0.005
2.633	13.574	0.814	0.005
2.679	13.570	0.821	0.005
2.967	12.847	0.828	0.005
3.345	11.735	0.834	0.005
3.697	10.767	0.840	0.005
4.045	10.392	0.846	0.005
4.438	10.682	0.850	0.005
4.860	11.359	0.854	0.005
5.284	12.064	0.857	0.005
5.722	12.554	0.859	0.005
6.175	12.789	0.861	0.005
6.642	12.896	0.861	0.005
7.040	13.042	0.862	0.005
7.263	13.305	0.861	0.006
7.332	13.525	0.860	0.006
7.320	13.401	0.858	0.006
7.281	12.750	0.857	0.006
7.150	11.680	0.855	0.005
7.013	10.522	0.853	0.005
6.945	9.640	0.851	0.005
6.977	9.152	0.848	0.005
7.066	8.944	0.845	0.005
7.133	8.824	0.841	0.005
7.153	8.748	0.837	0.005
7.140	8.847	0.833	0.005
7.074	9.195	0.828	0.005
6.891	9.632	0.822	0.005
6.618	9.908	0.815	0.005
6.371	9.882	0.808	0.005
6.273	9.590	0.802	0.005
6.288	9.177	0.795	0.005
6.288	8.730	0.789	0.005
6.227	8.255	0.783	0.005
6.376	7.768	0.776	0.005
6.655	7.442	0.769	0.005
6.858	7.451	0.762	0.004
6.851	7.797	0.755	0.004
6.820	8.241	0.747	0.004
6.929	8.508	0.739	0.004
7.234	8.580	0.732	0.004
7.637	8.763	0.724	0.005
7.990	9.346	0.716	0.005
8.289	10.310	0.708	0.005
8.543	11.312	0.701	0.005
8.769	11.918	0.694	0.005
8.898	11.937	0.688	0.005
8.955	11.591	0.683	0.005
9.072	11.371	0.677	0.005
9.325	11.645	0.672	0.005
9.647	12.368	0.668	0.005
9.916	13.080	0.664	0.005
10.080	13.437	0.661	0.006
10.198	13.634	0.659	0.006
10.335	14.156	0.658	0.006
10.474	15.223	0.658	0.006
10.532	16.485	0.658	0.006
10.629	17.307	0.659	0.006
10.805	17.418	0.660	0.006
11.086	17.113	0.661	0.006
11.253	16.880	0.663	0.006
11.152	16.970	0.665	0.006
10.927	17.209	0.668	0.006
10.806	17.267	0.670	0.006
10.820	17.039	0.672	0.006
10.820	16.676	0.674	0.006
10.659	16.563	0.675	0.006
10.306	16.711	0.676	0.006
9.888	16.976	0.677	0.006
9.609	17.205	0.678	0.006
9.591	17.363	0.678	0.006
9.796	17.446	0.678	0.006
10.092	17.496	0.677	0.006
10.514	17.680	0.675	0.007
11.080	18.162	0.673	0.007
11.753	19.231	0.671	0.007
12.375	21.032	0.668	0.007
12.829	23.308	0.664	0.007
13.173	25.488	0.659	0.007
13.463	27.193	0.655	0.008
13.730	28.618	0.651	0.008
14.047	30.256	0.647	0.008
14.382	32.369	0.643	0.008
14.654	34.724	0.639	0.009
14.774	36.889	0.634	0.009
14.750	38.665	0.630	0.009
14.588	40.117	0.625	0.009
14.441	41.309	0.621	0.010
14.404	42.098	0.616	0.010
14.516	42.310	0.612	0.010
14.812	42.066	0.607	0.010
15.463	41.654	0.602	0.010
16.220	41.180	0.597	0.010
16.903	40.615	0.592	0.010
17.410	40.137	0.587	0.010
17.801	40.033	0.581	0.010
18.276	40.283	0.576	0.010
19.168	40.540	0.570	0.010
20.512	40.806	0.564	0.010
22.062	41.924	0.559	0.010
23.493	45.049	0.555	0.010
24.914	50.160	0.551	0.010
26.764	55.679	0.547	0.011
29.587	59.516	0.544	0.011
33.835	61.212	0.541	0.011
41.001	62.906	0.538	0.012
53.947	67.267	0.534	0.012
78.574	75.010	0.531	0.013
121.855	86.632	0.528	0.014
180.667	105.094	0.527	0.015
238.538	136.859	0.528	0.016
275.843	185.245	0.533	0.018
285.438	240.377	0.540	0.019
269.518	285.223	0.550	0.021
227.870	308.828	0.559	0.023
170.237	309.946	0.565	0.024
116.003	291.810	0.571	0.024
81.568	256.665	0.575	0.025
69.633	208.577	0.580	0.024
67.940	159.762	0.587	0.023
62.245	124.348	0.593	0.022
49.320	107.418	0.600	0.020
36.870	101.404	0.607	0.019
31.865	94.810	0.615	0.018
32.025	83.044	0.622	0.016
30.451	70.456	0.630	0.015
24.556	62.382	0.637	0.014
18.008	58.430	0.644	0.013
14.956	54.221	0.650	0.013
14.864	47.456	0.657	0.012
14.379	40.186	0.663	0.011
11.809	35.165	0.670	0.011
8.676	32.111	0.675	0.010
7.130	28.622	0.681	0.009
7.156	23.656	0.686	0.009
6.968	18.712	0.691	0.008
5.551	15.599	0.695	0.008
3.745	14.146	0.699	0.007
2.867	12.684	0.704	0.006
3.035	10.278	0.707	0.006
3.310	7.674	0.711	0.005
2.974	6.061	0.715	0.005
2.268	5.534	0.718	0.005
1.874	5.220	0.722	0.004
2.018	4.518	0.727	0.004
2.253	3.739	0.731	0.004
2.128	3.434	0.735	0.003
1.729	3.533	0.739	0.003
1.447	3.465	0.743	0.003
1.460	2.959	0.748	0.003
1.597	2.385	0.752	0.003
1.606	2.278	0.756	0.003
1.459	2.660	0.760	0.003
1.357	3.060	0.764	0.003
1.409	3.090	0.769	0.003
1.520	2.842	0.773	0.003
1.542	2.684	0.778	0.003
1.460	2.763	0.782	0.003
1.373	2.891	0.787	0.003
1.376	2.871	0.793	0.003
1.451	2.772	0.798	0.003
1.497	2.823	0.804	0.003
1.463	3.114	0.809	0.003
1.412	3.465	0.814	0.003
1.410	3.636	0.820	0.003
1.440	3.577	0.825	0.003
1.458	3.438	0.830	0.003
1.459	3.391	0.835	0.003
1.481	3.487	0.840	0.003
1.557	3.633	0.844	0.003
1.679	3.705	0.848	0.003
1.795	3.655	0.852	0.003
1.917	3.514	0.855	0.003
2.122	3.343	0.858	0.003
2.395	3.179	0.861	0.003
2.639	3.018	0.864	0.003
2.736	2.840	0.867	0.003
2.681	2.634	0.870	0.003
2.595	2.407	0.873	0.003
2.592	2.173	0.876	0.002
2.630	1.934	0.879	0.002
2.674	1.696	0.882	0.002
2.597	1.484	0.885	0.002
2.409	1.333	0.888	0.002
2.214	1.262	0.891	0.002
2.119	1.254	0.894	0.002
2.122	1.261	0.897	0.002
2.155	1.235	0.900	0.002
2.152	1.155	0.902	0.002
2.168	1.052	0.903	0.002
2.239	0.984	0.905	0.002
2.354	0.994	0.906	0.002
2.460	1.071	0.907	0.002
2.518	1.172	0.908	0.002
2.535	1.266	0.909	0.002
2.545	1.352	0.909	0.002
2.557	1.420	0.909	0.002
2.563	1.435	0.909	0.002
2.555	1.354	0.909	0.002
2.541	1.174	0.909	0.002
2.514	0.959	0.909	0.002
2.476	0.794	0.909	0.002
2.467	0.729	0.909	0.002
2.500	0.747	0.908	0.002
2.549	0.783	0.908	0.001
2.538	0.779	0.907	0.001
2.454	0.727	0.906	0.001
2.415	0.672	0.906	0.001
2.465	0.664	0.908	0.001
2.559	0.710	0.913	0.001
2.681	0.762	0.919	0.001
2.702	0.763	0.926	0.001
2.603	0.700	0.931	0.001
2.518	0.614	0.934	0.001
2.603	0.543	0.933	0.001
2.898	0.484	0.929	0.001
3.362	0.409	0.923	0.001
3.829	0.305	0.917	0.001
4.247	0.198	0.910	0.001
4.527	0.120	0.903	0.001
4.626	0.079	0.895	0.001
4.731	0.057	0.886	0.001
4.913	0.046	0.874	0.001
5.048	0.062	0.862	0.000
5.048	0.122	0.847	0.000
4.916	0.215	0.830	0.001
4.797	0.320	0.812	0.001
4.811	0.441	0.792	0.001
4.950	0.618	0.769	0.001
5.105	0.890	0.744	0.001
5.222	1.258	0.717	0.001
5.340	1.721	0.687	0.002
5.531	2.305	0.657	0.002
5.785	3.062	0.625	0.002
6.039	4.024	0.591	0.003
6.300	5.196	0.556	0.003
6.682	6.588	0.520	0.003
7.305	8.242	0.484	0.004
8.176	10.213	0.447	0.004
9.184	12.524	0.409	0.005
10.280	15.145	0.372	0.005
11.513	18.021	0.335	0.006
12.985	21.115	0.300	0.006
14.750	24.445	0.267	0.007
16.879	28.117	0.239	0.007
19.527	32.253	0.216	0.008
23.028	36.898	0.201	0.008
27.433	42.060	0.197	0.009
32.659	47.835	0.204	0.010
38.444	54.495	0.222	0.010
44.480	62.409	0.249	0.011
50.641	71.805	0.281	0.012
56.263	82.709	0.314	0.013
61.169	95.011	0.346	0.013
65.155	108.280	0.377	0.014
68.166	121.986	0.407	0.015
70.141	135.635	0.434	0.016
72.625	148.495	0.457	0.017
73.998	159.114	0.477	0.018
73.960	164.891	0.494	0.018
75.668	162.303	0.510	0.019
83.376	148.765	0.524	0.018
94.848	125.403	0.537	0.018
104.422	98.475	0.548	0.018
108.939	77.226	0.558	0.017
109.842	68.727	0.568	0.016
110.410	72.786	0.577	0.015
111.062	82.235	0.587	0.015
109.521	88.890	0.597	0.014
105.070	89.113	0.607	0.014
99.139	83.888	0.616	0.014
93.100	75.726	0.625	0.014
86.127	66.756	0.634	0.013
75.847	59.130	0.642	0.013
60.538	55.802	0.649	0.013
42.773	58.931	0.657	0.013
26.576	66.606	0.664	0.013
14.614	72.446	0.671	0.012
7.523	69.874	0.678	0.012
5.474	57.574	0.684	0.012
9.127	40.429	0.688	0.011
19.221	25.241	0.692	0.010
35.147	15.699	0.697	0.010
54.126	10.902	0.703	0.008
72.869	7.869	0.709	0.007
91.229	4.813	0.716	0.006
109.496	2.055	0.722	0.005
125.848	0.649	0.728	0.004
132.212	0.732	0.733	0.003
120.860	1.285	0.738	0.002
91.765	1.454	0.741	0.002
55.705	1.839	0.742	0.002
26.593	3.556	0.745	0.002
11.554	6.383	0.752	0.002
7.684	8.783	0.761	0.003
7.714	10.034	0.771	0.003
7.326	10.960	0.781	0.004
7.240	12.170	0.791	0.004
10.001	12.855	0.800	0.004
16.377	11.710	0.810	0.005
25.864	8.635	0.820	0.005
37.347	5.320	0.828	0.005
47.063	4.406	0.832	0.005
50.481	9.012	0.834	0.005
46.119	22.937	0.835	0.006
37.036	47.325	0.836	0.007
28.924	75.002	0.838	0.009
25.893	91.699	0.840	0.010
27.278	87.443	0.842	0.011
29.798	67.626	0.843	0.012
31.310	49.798	0.842	0.012
32.146	48.149	0.842	0.012
33.431	61.820	0.841	0.013
34.963	77.063	0.842	0.013
35.240	80.779	0.842	0.012
33.270	71.254	0.842	0.012
29.790	57.160	0.842	0.012
26.114	47.554	0.842	0.012
22.957	43.916	0.842	0.012
20.146	41.469	0.841	0.011
17.333	36.162	0.841	0.011
14.872	28.850	0.840	0.010
13.311	23.604	0.839	0.009
12.695	22.876	0.838	0.009
12.500	25.410	0.837	0.009
12.205	27.977	0.835	0.008
11.794	28.309	0.834	0.008
11.598	26.485	0.833	0.008
11.797	24.033	0.831	0.008
12.184	22.003	0.830	0.008
12.633	20.135	0.828	0.007
13.368	17.687	0.826	0.007
14.571	14.803	0.824	0.007
16.378	12.554	0.822	0.007
18.842	11.887	0.820	0.006
22.208	12.546	0.817	0.006
26.888	13.476	0.815	0.006
33.374	14.117	0.812	0.006
42.212	15.036	0.810	0.006
53.014	17.390	0.808	0.006
65.381	21.833	0.805	0.007
77.943	27.850	0.801	0.007
86.458	34.273	0.797	0.008
86.951	40.540	0.791	0.008
80.107	47.188	0.783	0.009
71.139	55.139	0.775	0.010
65.757	64.336	0.765	0.011
63.752	73.090	0.754	0.011
60.567	78.413	0.742	0.012
53.309	76.271	0.729	0.012
42.285	68.277	0.715	0.013
30.785	60.178	0.702	0.013
21.903	56.948	0.690	0.013
16.458	58.609	0.678	0.013
12.790	61.357	0.667	0.013
9.579	61.843	0.657	0.013
6.803	59.207	0.650	0.013
5.228	58.217	0.643	0.013
5.226	76.440	0.637	0.014
6.666	96.925	0.628	0.015
10.024	123.171	0.617	0.015
17.267	135.252	0.602	0.015
30.376	115.731	0.582	0.015
52.468	68.532	0.556	0.015
88.436	30.727	0.523	0.015
140.260	35.092	0.480	0.015
204.462	86.908	0.429	0.015
269.006	159.956	0.372	0.016
317.013	219.368	0.313	0.017
333.853	243.398	0.253	0.018
314.493	226.466	0.197	0.019
263.751	178.496	0.149	0.019
194.420	116.405	0.112	0.019
125.404	58.088	0.085	0.017
73.973	18.093	0.069	0.016
46.135	2.043	0.061	0.014
34.593	5.420	0.061	0.011
27.182	17.521	0.065	0.009
17.237	25.556	0.073	0.008
7.142	22.962	0.081	0.006
2.014	12.724	0.087	0.005
2.469	2.885	0.091	0.005
4.153	-0.905	0.095	0.004
3.340	0.772	0.098	0.004
0.648	3.227	0.101	0.003
-0.902	3.047	0.102	0.003
-0.110	1.002	0.102	0.002
1.315	-0.119	0.102	0.002
1.392	0.720	0.101	0.002
0.262	1.994	0.101	0.002
-0.481	2.036	0.100	0.002
-0.039	1.083	0.098	0.002
0.798	0.583	0.097	0.002
0.977	1.186	0.096	0.002
0.583	2.098	0.094	0.002
0.795	2.310	0.092	0.002
2.819	1.823	0.088	0.002
7.491	1.356	0.082	0.002
15.670	1.271	0.074	0.002
27.815	1.407	0.064	0.002
43.333	1.872	0.052	0.002
59.922	3.170	0.042	0.002
73.917	5.179	0.038	0.002
77.798	6.796	0.044	0.002
62.018	7.179	0.058	0.003
32.128	6.708	0.070	0.003
4.380	5.922	0.076	0.003
-7.525	4.587	0.075	0.003
-3.910	2.777	0.073	0.003
3.812	1.540	0.075	0.002
5.501	1.747	0.081	0.002
1.425	2.890	0.088	0.002
-1.451	3.512	0.094	0.002
0.669	2.708	0.100	0.002
5.349	1.063	0.109	0.002
9.355	-0.042	0.119	0.002
13.940	-0.006	0.130	0.002
23.568	0.562	0.140	0.002
37.457	1.078	0.149	0.002
47.808	2.072	0.158	0.002
46.124	4.746	0.166	0.002
32.279	9.718	0.172	0.003
15.465	15.946	0.176	0.004
7.163	20.323	0.181	0.004
12.905	19.598	0.186	0.005
28.214	13.468	0.192	0.005
41.081	5.376	0.198	0.004
43.069	-0.032	0.203	0.004
35.973	-0.475	0.207	0.004
27.173	2.546	0.211	0.003
21.350	5.854	0.215	0.003
17.011	7.719	0.218	0.003
11.243	8.644	0.222	0.003
5.035	9.369	0.225	0.003
1.978	9.132	0.228	0.003
3.411	6.768	0.232	0.003
6.987	3.301	0.237	0.003
10.072	2.170	0.241	0.003
13.497	5.978	0.245	0.003
21.937	13.392	0.248	0.003
38.775	19.728	0.253	0.004
58.093	20.754	0.257	0.004
68.706	16.245	0.262	0.005
68.301	9.766	0.268	0.005
61.825	5.205	0.273	0.005
51.148	3.890	0.279	0.005
36.682	4.682	0.283	0.005
21.079	5.979	0.287	0.004
9.332	7.160	0.289	0.004
5.222	8.414	0.291	0.004
8.331	9.975	0.291	0.004
13.110	11.467	0.293	0.004
14.603	11.978	0.294	0.005
14.978	11.043	0.296	0.005
20.890	9.042	0.296	0.005
35.244	6.639	0.296	0.004
52.932	4.347	0.295	0.004
64.236	2.965	0.295	0.004
60.414	4.100	0.294	0.003
43.406	9.459	0.294	0.003
23.115	18.861	0.291	0.004
9.676	29.132	0.285	0.004
5.977	34.723	0.276	0.005
7.724	31.609	0.262	0.006
9.133	21.436	0.245	0.006
7.901	10.651	0.222	0.006
5.863	5.078	0.193	0.006
5.169	5.688	0.159	0.006
5.744	9.102	0.120	0.006
6.031	11.473	0.084	0.005
5.345	11.692	0.065	0.005
4.733	11.090	0.077	0.005
5.689	11.036	0.119	0.005
8.757	11.557	0.174	0.005
13.712	12.096	0.224	0.005
19.399	12.684	0.262	0.006
23.973	14.788	0.291	0.006
26.646	21.238	0.316	0.007
27.246	34.266	0.339	0.007
26.251	51.844	0.356	0.008
24.114	66.656	0.365	0.009
21.819	71.315	0.371	0.010
20.387	65.971	0.376	0.011
19.858	57.891	0.382	0.011
19.249	53.770	0.386	0.012
17.604	52.854	0.386	0.011
15.118	48.855	0.386	0.011
12.736	38.155	0.387	0.011
11.264	24.398	0.389	0.010
10.627	14.594	0.390	0.009
10.494	11.863	0.389	0.008
10.832	13.607	0.387	0.008
11.221	16.075	0.386	0.007
10.744	18.623	0.384	0.007
9.035	22.053	0.382	0.007
6.416	24.945	0.378	0.007
3.895	24.023	0.373	0.007
2.647	18.184	0.367	0.006
2.655	10.479	0.360	0.006
2.959	5.260	0.354	0.006
2.710	3.916	0.347	0.005
1.870	4.239	0.339	0.005
1.069	3.572	0.329	0.004
0.851	1.705	0.316	0.003
1.082	0.377	0.302	0.003
1.281	0.704	0.292	0.002
1.203	1.946	0.288	0.002
0.981	2.730	0.288	0.002
0.897	2.667	0.288	0.002
1.018	2.441	0.286	0.002
1.360	2.682	0.283	0.002
2.256	3.223	0.278	0.002
4.070	3.516	0.273	0.003
6.918	3.381	0.268	0.003
10.788	3.095	0.264	0.003
15.873	2.921	0.261	0.003
21.938	2.772	0.261	0.003
27.631	2.458	0.264	0.003
30.472	2.126	0.267	0.003
29.201	2.215	0.268	0.003
25.115	2.966	0.267	0.003
21.542	4.229	0.263	0.003
21.305	5.835	0.259	0.003
25.059	8.137	0.256	0.004
32.304	12.194	0.254	0.004
41.535	19.277	0.252	0.005
51.952	29.562	0.250	0.006
62.676	41.380	0.249	0.007
71.860	52.410	0.251	0.009
76.316	61.314	0.254	0.010
75.035	69.056	0.259	0.011
70.146	79.171	0.264	0.012
66.133	97.167	0.272	0.014
67.034	128.759	0.282	0.015
73.600	176.603	0.294	0.017
84.648	236.040	0.308	0.019
96.848	293.626	0.323	0.021
106.126	328.909	0.338	0.023
113.581	325.639	0.355	0.024
122.774	284.362	0.373	0.024
135.246	225.125	0.390	0.024
149.448	174.612	0.405	0.024
160.765	147.774	0.418	0.023
164.741	141.028	0.431	0.022
160.416	142.234	0.442	0.021
148.512	143.776	0.454	0.020
130.267	145.757	0.465	0.019
108.236	149.267	0.475	0.019
86.787	151.494	0.484	0.019
70.318	148.566	0.493	0.019
60.597	140.399	0.502	0.018
58.100	129.998	0.511	0.018
61.606	118.195	0.520	0.018
69.631	101.936	0.531	0.017
80.562	78.959	0.544	0.016
93.446	52.348	0.558	0.014
106.981	28.931	0.570	0.013
112.044	13.833	0.574	0.011
100.078	7.432	0.570	0.009
73.295	7.266	0.560	0.008
43.180	10.846	0.549	0.007
21.452	16.303	0.542	0.006
11.658	21.260	0.540	0.006
8.890	23.314	0.543	0.006
6.907	22.341	0.549	0.006
4.321	20.838	0.554	0.007
3.435	21.483	0.557	0.007
5.152	24.421	0.559	0.007
7.244	27.226	0.559	0.007
7.263	27.258	0.558	0.007
5.465	24.058	0.557	0.007
3.990	19.719	0.556	0.007
4.198	16.859	0.555	0.007
5.333	16.300	0.555	0.007
6.190	17.275	0.557	0.007
7.016	18.862	0.560	0.007
8.618	20.815	0.564	0.007
11.229	23.250	0.568	0.007
14.355	25.679	0.571	0.007
17.224	26.845	0.573	0.007
19.745	26.151	0.573	0.007
22.080	24.632	0.571	0.008
24.248	24.312	0.567	0.008
25.941	26.492	0.562	0.008
27.443	30.824	0.558	0.008
29.782	36.071	0.554	0.009
33.781	41.715	0.550	0.009
39.602	48.562	0.546	0.010
47.669	57.638	0.542	0.010
58.714	68.438	0.536	0.011
73.916	78.940	0.529	0.012
93.539	87.326	0.521	0.013
114.004	93.752	0.513	0.013
130.299	99.894	0.504	0.014
139.314	105.737	0.493	0.015
144.401	107.411	0.482	0.015
150.732	99.923	0.470	0.015
160.702	82.855	0.460	0.015
169.581	62.927	0.451	0.014
170.728	49.868	0.444	0.014
161.904	49.466	0.438	0.013
148.189	60.342	0.433	0.013
137.318	76.585	0.429	0.013
133.967	92.299	0.426	0.013
136.726	103.990	0.425	0.014
140.159	110.508	0.423	0.014
140.974	112.139	0.422	0.015
140.904	110.228	0.420	0.015
143.493	106.346	0.419	0.016
149.716	102.226	0.417	0.016
157.697	99.552	0.414	0.016
164.012	99.654	0.409	0.016
166.430	101.997	0.403	0.016
166.724	103.031	0.395	0.015
172.491	97.676	0.383	0.015
189.591	86.256	0.366	0.015
212.883	74.991	0.341	0.014
232.755	70.391	0.311	0.014
237.299	71.611	0.277	0.013
221.947	71.982	0.243	0.013
195.780	66.435	0.212	0.012
168.397	56.597	0.187	0.011
141.169	48.252	0.168	0.011
111.855	44.321	0.156	0.010
81.725	41.912	0.151	0.009
56.836	37.062	0.150	0.009
41.497	30.854	0.150	0.009
33.923	28.535	0.151	0.009
28.043	32.803	0.150	0.009
20.170	40.204	0.149	0.009
12.271	44.415	0.147	0.009
7.896	42.303	0.146	0.009
7.163	35.858	0.143	0.009
7.222	29.038	0.139	0.009
5.758	23.734	0.135	0.009
3.516	19.325	0.132	0.008
2.499	15.066	0.129	0.008
3.166	11.533	0.126	0.007
4.076	9.656	0.123	0.006
3.927	9.165	0.120	0.006
3.057	8.718	0.117	0.005
2.698	7.438	0.114	0.005
3.283	5.809	0.112	0.005
4.210	4.921	0.110	0.004
4.770	5.143	0.109	0.004
5.504	5.794	0.108	0.004
7.994	6.010	0.109	0.004
13.722	5.658	0.110	0.004
23.494	5.336	0.112	0.004
37.705	5.527	0.116	0.004
58.106	5.868	0.121	0.003
86.746	5.434	0.128	0.003
116.876	3.867	0.137	0.003
137.875	2.249	0.148	0.003
143.179	2.552	0.164	0.002
135.212	5.777	0.184	0.003
121.182	10.459	0.209	0.003
106.441	14.129	0.237	0.003
91.011	16.402	0.264	0.004
72.902	19.642	0.286	0.005
54.150	24.413	0.303	0.005
40.934	26.140	0.314	0.006
38.821	20.323	0.319	0.006
45.911	9.364	0.319	0.005
54.264	2.132	0.316	0.005
60.093	5.300	0.310	0.005
69.699	15.936	0.303	0.005
91.882	25.016	0.297	0.005
125.755	27.523	0.291	0.006
158.154	27.221	0.286	0.007
172.171	31.451	0.280	0.008
159.798	43.476	0.273	0.009
127.159	59.720	0.268	0.010
86.929	74.311	0.263	0.011
51.388	85.311	0.260	0.012
26.741	93.335	0.256	0.012
13.348	96.266	0.252	0.013
7.700	88.040	0.247	0.013
5.841	64.614	0.241	0.012
5.119	32.183	0.234	0.011
4.764	5.082	0.227	0.010
5.061	-6.138	0.219	0.008
6.117	-3.341	0.211	0.006
7.207	2.951	0.203	0.005
7.590	4.581	0.195	0.003
7.293	2.067	0.187	0.002
7.060	0.825	0.179	0.002
7.140	3.373	0.170	0.002
7.304	6.965	0.161	0.003
7.154	7.977	0.152	0.003
6.677	6.557	0.141	0.003
6.372	5.775	0.131	0.004
6.580	7.285	0.120	0.004
6.778	9.621	0.109	0.004
6.466	10.639	0.099	0.004
5.727	10.002	0.090	0.004
5.226	9.041	0.084	0.005
5.446	8.599	0.082	0.005
6.259	8.253	0.082	0.005
7.238	7.411	0.086	0.004
8.281	6.335	0.092	0.004
9.210	5.741	0.100	0.004
9.491	5.975	0.109	0.004
8.869	6.867	0.120	0.004
7.754	8.311	0.131	0.004
7.122	10.475	0.143	0.005
7.739	13.373	0.155	0.005
9.778	16.438	0.166	0.005
12.802	19.043	0.178	0.006
16.886	21.251	0.190	0.006
21.376	23.786	0.202	0.007
24.978	27.016	0.215	0.007
26.256	29.870	0.227	0.007
24.525	30.234	0.240	0.008
20.874	26.848	0.255	0.008
17.250	20.760	0.274	0.007
14.831	14.776	0.296	0.007
13.650	11.144	0.319	0.007
13.233	10.119	0.337	0.006
13.608	10.733	0.346	0.006
15.001	12.315	0.342	0.006
17.140	15.158	0.326	0.006
19.504	19.687	0.298	0.006
21.504	25.266	0.263	0.006
23.032	30.398	0.225	0.007
25.188	34.148	0.188	0.008
29.523	36.957	0.157	0.008
37.593	40.317	0.132	0.009
49.887	45.612	0.115	0.010
64.791	52.553	0.107	0.010
78.270	59.549	0.107	0.011
91.491	64.908	0.115	0.011
108.807	67.557	0.128	0.012
128.899	67.441	0.147	0.012
143.414	65.103	0.171	0.012
143.503	61.241	0.198	0.012
127.727	57.402	0.227	0.012
102.539	55.902	0.254	0.012
77.874	58.396	0.279	0.012
59.582	64.328	0.301	0.012
47.905	71.059	0.321	0.012
40.797	76.133	0.341	0.013
37.585	79.504	0.359	0.013
39.130	82.977	0.376	0.013
48.039	87.800	0.393	0.014
68.299	93.264	0.410	0.014
97.123	97.691	0.427	0.014
129.871	100.822	0.444	0.015
168.833	104.623	0.462	0.015
222.879	109.905	0.480	0.015
296.889	112.468	0.500	0.015
384.792	106.089	0.520	0.015
465.679	91.676	0.539	0.015
518.883	77.557	0.555	0.015
536.761	70.789	0.570	0.015
528.150	71.780	0.582	0.014
505.302	74.710	0.592	0.014
475.380	75.786	0.598	0.014
439.691	78.020	0.601	0.014
398.561	86.328	0.602	0.014
352.196	100.852	0.606	0.014
298.405	116.700	0.612	0.015
234.987	127.340	0.621	0.015
165.131	131.044	0.634	0.016
98.513	131.350	0.650	0.017
47.395	132.376	0.669	0.017
21.108	133.307	0.689	0.017
22.251	128.959	0.708	0.017
46.953	111.405	0.727	0.016
87.096	79.264	0.743	0.015
134.171	41.046	0.759	0.014
183.538	10.367	0.772	0.012
228.066	-3.900	0.786	0.010
263.214	-3.193	0.798	0.008
286.322	4.044	0.807	0.006
295.715	10.229	0.811	0.005
290.033	13.893	0.814	0.004
269.958	17.517	0.816	0.004
239.206	22.017	0.817	0.005
202.451	24.918	0.818	0.006
164.474	23.781	0.816	0.006
129.064	20.170	0.814	0.006
99.324	19.333	0.813	0.007
77.894	25.440	0.814	0.007
66.991	38.611	0.816	0.008
65.609	56.772	0.819	0.009
70.068	78.113	0.823	0.011
75.526	102.237	0.829	0.012
78.494	129.486	0.835	0.014
79.893	159.410	0.841	0.016
84.124	190.501	0.847	0.018
93.033	221.546	0.852	0.019
106.073	250.925	0.858	0.021
121.309	274.543	0.863	0.022
139.770	285.455	0.869	0.023
163.790	277.327	0.874	0.024
192.299	251.021	0.878	0.024
216.488	216.692	0.883	0.024
224.619	187.651	0.887	0.024
208.441	171.700	0.891	0.023
170.305	166.802	0.894	0.022
121.800	164.190	0.896	0.021
77.317	156.091	0.899	0.020
46.780	141.802	0.901	0.020
32.433	126.575	0.904	0.019
31.236	115.890	0.906	0.018
39.348	110.016	0.908	0.018
53.391	104.339	0.910	0.017
70.489	94.369	0.911	0.016
86.634	80.369	0.911	0.015
95.540	66.517	0.911	0.015
92.222	57.202	0.911	0.014
76.554	53.651	0.911	0.013
54.841	52.788	0.912	0.012
35.842	49.417	0.913	0.012
26.659	40.935	0.915	0.011
27.714	30.343	0.916	0.010
33.635	25.122	0.917	0.010
36.195	31.055	0.917	0.010
31.271	45.683	0.918	0.010
22.863	59.812	0.918	0.010
17.781	64.269	0.918	0.010
19.786	55.937	0.919	0.010
27.130	39.473	0.919	0.010
35.487	23.369	0.919	0.009
41.429	13.474	0.920	0.009
46.117	9.761	0.920	0.008
54.283	8.516	0.921	0.007
67.236	6.692	0.921	0.006
80.105	4.359	0.922	0.005
89.503	3.426	0.923	0.005
91.362	4.629	0.923	0.004
79.309	6.733	0.923	0.004
53.770	8.476	0.924	0.004
25.867	10.403	0.924	0.004
8.410	13.820	0.925	0.005
6.006	18.025	0.927	0.005
12.430	20.378	0.929	0.005
17.256	19.297	0.930	0.006
15.618	16.006	0.930	0.006
11.728	13.284	0.927	0.006
13.332	12.454	0.920	0.006
23.704	12.204	0.908	0.006
39.027	10.616	0.889	0.005
54.056	7.693	0.863	0.005
65.316	5.183	0.831	0.005
72.311	4.362	0.795	0.004
73.735	4.631	0.756	0.004
64.221	4.589	0.717	0.004
43.360	4.030	0.685	0.004
19.164	4.336	0.662	0.003
2.605	6.429	0.648	0.003
-1.680	9.012	0.641	0.004
1.833	9.974	0.636	0.004
5.195	8.946	0.630	0.004
5.078	7.542	0.621	0.004
4.478	7.395	0.612	0.004
7.470	8.501	0.603	0.004
14.581	9.621	0.594	0.004
23.838	9.985	0.585	0.005
34.821	10.494	0.576	0.005
49.608	14.020	0.567	0.006
69.248	24.631	0.558	0.006
90.368	45.249	0.549	0.008
107.082	75.402	0.542	0.010
116.879	112.129	0.535	0.012
123.893	152.890	0.530	0.014
133.686	198.093	0.526	0.017
148.820	249.164	0.523	0.019
163.777	302.960	0.521	0.022
168.145	347.416	0.520	0.024
150.862	365.502	0.521	0.025
111.936	345.767	0.522	0.026
66.152	292.684	0.524	0.026
31.085	225.839	0.525	0.025
14.058	167.269	0.526	0.024
9.623	126.234	0.527	0.023
7.839	97.051	0.527	0.021
3.960	70.244	0.528	0.018
0.214	43.773	0.529	0.016
-0.205	22.968	0.529	0.014
1.823	12.173	0.529	0.011
2.888	9.028	0.529	0.009
1.570	7.417	0.528	0.008
-0.273	4.121	0.527	0.006
-0.453	0.855	0.526	0.005
0.815	0.343	0.524	0.004
1.645	2.238	0.523	0.003
1.075	3.731	0.522	0.003
0.030	3.115	0.521	0.002
-0.193	1.437	0.522	0.002
0.442	0.653	0.523	0.002
0.926	1.165	0.525	0.002
0.639	1.755	0.527	0.002
0.016	1.433	0.529	0.002
-0.190	0.578	0.531	0.002
0.133	0.163	0.534	0.002
0.447	0.436	0.536	0.001
0.344	0.764	0.538	0.001
0.001	0.589	0.541	0.001
-0.156	0.097	0.543	0.001
-0.008	-0.156	0.545	0.001
0.179	0.013	0.548	0.001
0.160	0.263	0.552	0.001
-0.004	0.245	0.556	0.001
-0.087	0.016	0.561	0.001
-0.009	-0.118	0.566	0.000
0.100	-0.025	0.572	0.000
0.100	0.126	0.580	0.000
0.011	0.132	0.588	0.000
-0.040	0.009	0.597	0.000
0.000	-0.070	0.604	0.000
0.063	-0.015	0.610	0.000
0.066	0.087	0.615	0.000
0.014	0.110	0.620	0.000
-0.022	0.046	0.626	0.000
-0.004	-0.011	0.632	0.000
0.037	0.007	0.638	0.000
0.048	0.065	0.643	0.000
0.027	0.093	0.647	0.000
0.006	0.074	0.650	0.000
0.009	0.047	0.653	0.000
0.026	0.047	0.656	0.000
0.032	0.066	0.660	0.000
0.021	0.069	0.664	0.000
0.010	0.051	0.668	0.000
0.012	0.033	0.673	0.000
0.021	0.032	0.678	0.000
0.023	0.040	0.683	0.000
0.017	0.040	0.689	0.000
0.013	0.029	0.696	0.000
0.016	0.020	0.703	0.000
0.022	0.021	0.709	0.000
0.024	0.027	0.712	0.000
0.018	0.024	0.714	0.000
0.012	0.011	0.716	0.000
0.010	-0.001	0.718	0.000
0.012	-0.001	0.720	0.000
0.012	0.007	0.724	0.000
0.009	0.014	0.727	0.000
0.005	0.012	0.731	0.000
0.004	0.006	0.736	0.000
0.007	0.005	0.744	0.000
0.010	0.011	0.754	0.000
0.010	0.018	0.768	0.000
0.009	0.019	0.785	0.000
0.009	0.013	0.805	0.000
0.011	0.007	0.830	0.000
0.014	0.005	0.856	0.000
0.016	0.008	0.878	0.000
0.014	0.011	0.892	0.000
0.010	0.010	0.899	0.000
0.009	0.006	0.902	0.000
0.010	0.003	0.906	0.000
0.012	0.005	0.911	0.000
0.011	0.016	0.918	0.000
0.009	0.026	0.923	0.000
0.008	0.028	0.926	0.000
0.008	0.021	0.928	0.000
0.009	0.012	0.928	0.000
0.009	0.008	0.928	0.000
0.008	0.010	0.926	0.000
0.007	0.015	0.924	0.000
0.007	0.019	0.921	0.000
0.007	0.022	0.917	0.000
0.007	0.025	0.911	0.000
0.007	0.026	0.904	0.000
0.007	0.024	0.894	0.000
0.009	0.021	0.881	0.000
0.011	0.023	0.862	0.000
0.011	0.032	0.837	0.000
0.008	0.043	0.805	0.000
0.005	0.050	0.771	0.000
0.004	0.049	0.742	0.000
0.006	0.040	0.722	0.000
0.008	0.031	0.712	0.000
0.009	0.029	0.709	0.000
0.010	0.032	0.707	0.000
0.009	0.035	0.702	0.000
0.009	0.031	0.696	0.000
0.008	0.021	0.687	0.000
0.009	0.008	0.676	0.000
0.010	0.000	0.665	0.000
0.011	-0.000	0.652	0.000
0.012	0.003	0.640	0.000
0.011	0.004	0.629	0.000
0.008	0.003	0.616	0.000
0.005	0.002	0.601	0.000
0.004	0.004	0.584	0.000
0.006	0.007	0.564	0.000
0.007	0.009	0.545	0.000
0.008	0.007	0.528	0.000
0.008	0.007	0.510	0.000
0.007	0.010	0.494	0.000
0.006	0.012	0.479	0.000
0.006	0.011	0.466	0.000
0.006	0.006	0.452	0.000
0.007	0.014	0.436	0.000
0.007	0.039	0.421	0.000
0.007	0.070	0.408	0.000
0.006	0.139	0.399	0.000
0.006	0.205	0.392	0.001
0.006	0.230	0.385	0.001
0.007	0.186	0.378	0.001
0.008	0.104	0.373	0.001
0.010	0.037	0.375	0.001
0.011	0.019	0.383	0.000
0.011	0.036	0.395	0.000
0.012	0.049	0.412	0.000
0.012	0.039	0.430	0.000
0.011	0.020	0.448	0.000
0.011	0.014	0.464	0.000
0.011	0.024	0.473	0.000
0.011	0.036	0.476	0.000
0.010	0.048	0.472	0.000
0.009	0.053	0.467	0.000
0.010	0.078	0.462	0.000
0.010	0.097	0.457	0.000
0.011	0.109	0.452	0.001
0.011	0.108	0.446	0.001
0.010	0.102	0.441	0.001
0.009	0.106	0.438	0.001
0.010	0.107	0.432	0.000
0.012	0.090	0.423	0.000
0.017	0.059	0.408	0.000
0.024	0.030	0.391	0.000
0.037	0.019	0.371	0.000
0.062	0.023	0.350	0.000
0.117	0.032	0.326	0.000
0.226	0.040	0.302	0.000
0.431	0.052	0.285	0.000
0.807	0.088	0.291	0.000
1.436	0.172	0.326	0.001
2.470	0.377	0.390	0.001
3.934	0.723	0.471	0.001
5.838	1.398	0.551	0.001
8.160	2.650	0.622	0.002
10.901	4.617	0.681	0.002
13.938	7.387	0.729	0.003
17.159	11.005	0.768	0.004
20.360	15.350	0.799	0.005
23.363	20.719	0.823	0.005
26.074	26.728	0.842	0.006
28.513	32.920	0.859	0.007
30.508	38.533	0.873	0.008
32.045	43.668	0.886	0.009
33.166	48.944	0.896	0.009
34.101	54.334	0.903	0.010
35.051	58.542	0.910	0.011
36.360	60.213	0.915	0.011
38.013	59.426	0.920	0.011
39.910	58.484	0.924	0.012
41.713	59.547	0.927	0.012
43.001	62.797	0.929	0.012
43.477	66.671	0.932	0.012
43.230	69.814	0.933	0.012
42.442	72.002	0.935	0.013
41.524	73.810	0.935	0.013
40.727	75.679	0.936	0.013
40.150	77.528	0.936	0.013
39.763	79.192	0.936	0.013
39.793	80.762	0.935	0.014
39.873	82.448	0.934	0.014
39.879	84.413	0.933	0.014
40.076	87.572	0.931	0.014
41.131	93.577	0.929	0.015
43.825	103.799	0.928	0.015
48.050	118.545	0.926	0.016
53.214	136.917	0.925	0.017
58.557	157.964	0.924	0.018
63.628	182.206	0.923	0.019
68.216	209.942	0.922	0.020
72.552	239.690	0.921	0.021
75.323	267.654	0.920	0.022
75.402	288.609	0.919	0.023
72.381	297.369	0.917	0.024
68.208	290.424	0.916	0.025
65.459	267.350	0.916	0.025
65.646	232.802	0.915	0.025
67.985	195.988	0.914	0.024
70.721	166.126	0.914	0.023
73.304	146.988	0.913	0.022
75.887	135.751	0.913	0.021
78.768	126.793	0.913	0.020
81.761	116.702	0.913	0.019
84.639	106.214	0.912	0.018
87.957	97.797	0.912	0.017
91.186	91.645	0.911	0.016
93.719	85.268	0.910	0.016
94.076	76.565	0.909	0.015
92.247	66.369	0.907	0.014
88.207	57.616	0.906	0.013
82.131	51.999	0.905	0.013
74.928	47.737	0.903	0.012
67.307	42.352	0.901	0.011
59.033	35.923	0.900	0.011
50.457	31.029	0.898	0.010
42.114	29.058	0.896	0.010
35.227	28.065	0.894	0.009
32.182	24.902	0.892	0.008
32.119	19.335	0.889	0.008
32.378	14.472	0.886	0.008
30.670	13.386	0.883	0.007
27.483	15.847	0.880	0.007
25.598	19.319	0.878	0.007
26.198	22.064	0.876	0.007
28.280	24.613	0.874	0.007
29.634	28.079	0.873	0.007
29.071	32.150	0.872	0.008
27.341	35.004	0.870	0.008
25.949	35.167	0.869	0.008
25.882	33.063	0.868	0.009
26.053	30.435	0.867	0.009
25.422	28.501	0.866	0.009
24.367	27.040	0.866	0.008
24.086	25.139	0.865	0.008
25.440	22.468	0.864	0.008
27.656	19.591	0.864	0.008
29.604	17.101	0.863	0.007
30.618	14.879	0.862	0.007
30.566	12.421	0.861	0.006
29.518	9.640	0.860	0.006
27.282	7.112	0.859	0.005
23.741	5.490	0.858	0.005
19.475	4.816	0.857	0.005
15.370	4.563	0.856	0.004
11.869	4.246	0.856	0.004
8.817	3.813	0.855	0.003
5.994	3.452	0.855	0.003
3.571	3.189	0.854	0.003
1.919	2.833	0.853	0.003
1.152	2.269	0.852	0.003
0.905	1.649	0.852	0.002
0.717	1.218	0.851	0.002
0.444	1.047	0.850	0.002
0.250	1.007	0.849	0.002
0.261	0.947	0.848	0.002
0.380	0.841	0.847	0.002
0.413	0.747	0.846	0.002
0.328	0.684	0.846	0.001
0.229	0.612	0.846	0.001
0.237	0.503	0.846	0.001
0.295	0.385	0.847	0.001
0.287	0.309	0.847	0.001
0.184	0.280	0.848	0.001
0.072	0.259	0.850	0.001
0.036	0.213	0.851	0.001
0.064	0.153	0.852	0.001
0.085	0.109	0.853	0.001
0.058	0.097	0.853	0.001
0.016	0.106	0.854	0.001
0.007	0.119	0.854	0.001
0.033	0.130	0.854	0.001
0.055	0.138	0.854	0.001
0.048	0.144	0.854	0.001
0.029	0.145	0.854	0.001
0.026	0.142	0.853	0.001
0.045	0.132	0.852	0.001
0.063	0.115	0.850	0.001
0.062	0.094	0.849	0.001
0.049	0.074	0.847	0.001
0.040	0.062	0.846	0.000
0.042	0.062	0.844	0.000
0.047	0.074	0.842	0.000
0.047	0.102	0.840	0.000
0.042	0.158	0.839	0.001
0.041	0.243	0.837	0.001
0.044	0.328	0.835	0.001
0.047	0.366	0.833	0.001
0.046	0.329	0.831	0.001
0.041	0.242	0.828	0.001
0.038	0.160	0.826	0.001
0.039	0.121	0.824	0.001
0.040	0.114	0.822	0.001
0.038	0.107	0.820	0.001
0.037	0.084	0.819	0.001
0.036	0.061	0.818	0.001
0.037	0.056	0.817	0.000
0.036	0.066	0.817	0.000
0.033	0.076	0.817	0.000
0.030	0.073	0.818	0.000
0.029	0.066	0.820	0.000
0.026	0.063	0.823	0.000
0.023	0.069	0.826	0.000
0.019	0.072	0.831	0.000
0.018	0.068	0.837	0.000
0.020	0.061	0.844	0.000
0.023	0.057	0.851	0.000
0.024	0.055	0.859	0.000
0.023	0.049	0.867	0.000
0.021	0.039	0.873	0.000
0.020	0.032	0.880	0.000
0.023	0.037	0.885	0.000
0.027	0.050	0.890	0.000
0.032	0.061	0.894	0.000
0.035	0.062	0.897	0.000
0.036	0.056	0.898	0.000
0.037	0.052	0.899	0.000
0.038	0.056	0.899	0.000
0.042	0.066	0.898	0.000
0.046	0.076	0.897	0.000
0.051	0.079	0.895	0.000
0.053	0.077	0.892	0.000
0.052	0.073	0.889	0.000
0.047	0.073	0.886	0.000
0.044	0.079	0.882	0.000
0.042	0.091	0.878	0.000
0.044	0.107	0.873	0.000
0.043	0.123	0.868	0.000
0.040	0.136	0.863	0.001
0.037	0.141	0.857	0.001
