0.000	0.000	0.000	0.000
0.001	0.000	0.000	0.000
0.004	0.000	0.000	0.000
0.007	0.001	0.000	0.000
0.009	0.005	0.000	0.000
0.010	0.018	0.000	0.000
0.010	0.038	0.000	0.000
0.010	0.051	0.000	0.000
0.009	0.045	0.000	0.000
0.009	0.027	0.000	0.000
0.008	0.013	0.000	0.000
0.008	0.014	0.000	0.000
0.008	0.024	0.000	0.000
0.009	0.030	0.000	0.000
0.008	0.026	0.000	0.000
0.008	0.019	0.000	0.000
0.007	0.017	0.000	0.000
0.007	0.020	0.000	0.000
0.007	0.023	0.000	0.000
0.008	0.021	0.000	0.000
0.010	0.015	0.000	0.000
0.011	0.011	0.000	0.000
0.012	0.011	0.000	0.000
0.012	0.012	0.000	0.000
0.013	0.012	0.000	0.000
0.011	0.010	0.000	0.000
0.008	0.008	0.000	0.000
0.005	0.007	0.000	0.000
0.004	0.007	0.000	0.000
0.004	0.007	0.000	0.000
0.004	0.007	0.000	0.000
0.005	0.007	0.000	0.000
0.005	0.008	0.000	0.000
0.004	0.009	0.000	0.000
0.004	0.009	0.000	0.000
0.004	0.008	0.000	0.000
0.003	0.007	0.000	0.000
0.003	0.006	0.000	0.000
0.004	0.005	0.000	0.000
0.003	0.005	0.000	0.000
0.003	0.004	0.000	0.000
0.003	0.004	0.000	0.000
0.002	0.005	0.000	0.000
0.003	0.006	0.000	0.000
0.003	0.006	0.000	0.000
0.003	0.007	0.000	0.000
0.003	0.008	0.000	0.000
0.003	0.009	0.000	0.000
0.003	0.009	0.000	0.000
0.004	0.009	0.000	0.000
0.004	0.008	0.000	0.000
0.003	0.007	0.000	0.000
0.003	0.006	0.000	0.000
0.003	0.005	0.000	0.000
0.003	0.005	0.000	0.000
0.004	0.004	0.000	0.000
0.004	0.003	0.000	0.000
0.004	0.003	0.000	0.000
0.002	0.003	0.000	0.000
0.002	0.003	0.000	0.000
0.002	0.002	0.000	0.000
0.003	0.002	0.000	0.000
0.005	0.001	0.000	0.000
0.008	0.001	0.000	0.000
0.012	0.001	0.000	0.000
0.020	0.002	0.000	0.000
0.035	0.002	0.000	0.000
0.059	0.003	0.000	0.000
0.090	0.003	0.000	0.000
0.121	0.004	0.000	0.000
0.158	0.004	0.000	0.000
0.213	0.003	0.000	0.000
0.303	0.003	0.000	0.000
0.445	0.004	0.000	0.000
0.638	0.005	0.000	0.000
0.891	0.006	0.000	0.000
1.210	0.008	0.000	0.000
1.582	0.008	0.000	0.000
1.980	0.010	0.000	0.000
2.417	0.013	0.000	0.000
2.825	0.015	0.000	0.000
3.138	0.016	0.000	0.000
3.409	0.013	0.000	0.000
3.702	0.009	0.000	0.000
4.099	0.004	0.000	0.000
4.574	0.002	0.000	0.000
5.002	0.003	0.000	0.000
5.265	0.005	0.000	0.000
5.338	0.008	0.000	0.000
5.442	0.014	0.000	0.000
5.559	0.020	0.000	0.000
5.573	0.026	0.000	0.000
5.356	0.029	0.000	0.000
4.946	0.032	0.000	0.000
4.448	0.034	0.000	0.000
4.045	0.036	0.000	0.000
3.726	0.039	0.000	0.000
3.388	0.045	0.000	0.000
2.963	0.054	0.000	0.000
2.503	0.063	0.000	0.000
2.098	0.068	0.023	0.000
1.780	0.065	0.070	0.000
1.527	0.062	0.117	0.000
1.305	0.061	0.143	0.000
1.120	0.062	0.149	0.000
0.988	0.059	0.154	0.000
0.899	0.050	0.176	0.000
0.815	0.035	0.211	0.000
0.706	0.019	0.239	0.000
0.586	0.008	0.248	0.000
0.488	0.005	0.243	0.000
0.424	0.007	0.238	0.000
0.375	0.010	0.238	0.000
0.322	0.011	0.236	0.000
0.265	0.007	0.228	0.000
0.261	0.002	0.217	0.000
0.285	-0.000	0.213	0.000
0.275	0.001	0.216	0.000
0.207	0.004	0.222	0.000
0.121	0.004	0.225	0.000
0.073	0.003	0.225	0.000
0.084	0.002	0.225	0.000
0.113	0.003	0.228	0.000
0.114	0.005	0.232	0.000
0.084	0.009	0.236	0.000
0.057	0.011	0.239	0.000
0.051	0.012	0.245	0.000
0.055	0.013	0.252	0.000
0.048	0.015	0.259	0.000
0.030	0.016	0.265	0.000
0.019	0.016	0.269	0.000
0.024	0.013	0.272	0.000
0.036	0.011	0.275	0.000
0.043	0.010	0.277	0.000
0.042	0.011	0.279	0.000
0.042	0.013	0.281	0.000
0.047	0.017	0.283	0.000
0.053	0.024	0.286	0.000
0.054	0.036	0.289	0.000
0.049	0.053	0.292	0.000
0.042	0.073	0.293	0.000
0.040	0.087	0.294	0.000
0.040	0.090	0.293	0.000
0.038	0.083	0.293	0.000
0.034	0.077	0.293	0.000
0.030	0.078	0.295	0.000
0.028	0.081	0.297	0.000
0.028	0.079	0.300	0.000
0.027	0.068	0.301	0.000
0.026	0.056	0.302	0.000
0.024	0.050	0.302	0.000
0.023	0.052	0.302	0.000
0.021	0.056	0.304	0.000
0.019	0.056	0.306	0.000
0.018	0.051	0.309	0.000
0.017	0.045	0.311	0.000
0.016	0.042	0.314	0.000
0.016	0.041	0.316	0.000
0.015	0.041	0.318	0.000
0.014	0.038	0.318	0.000
0.014	0.033	0.316	0.000
0.014	0.027	0.312	0.000
0.014	0.022	0.306	0.000
0.014	0.016	0.299	0.000
0.014	0.012	0.292	0.000
0.013	0.010	0.286	0.000
0.012	0.009	0.280	0.000
0.011	0.008	0.275	0.000
0.010	0.007	0.270	0.000
0.009	0.005	0.266	0.000
0.010	0.004	0.261	0.000
0.010	0.004	0.257	0.000
0.011	0.004	0.253	0.000
0.010	0.003	0.249	0.000
0.008	0.002	0.244	0.000
0.007	0.001	0.240	0.000
0.007	0.001	0.234	0.000
0.007	0.001	0.228	0.000
0.008	0.001	0.222	0.000
0.008	0.001	0.217	0.000
0.010	0.001	0.212	0.000
0.013	0.001	0.207	0.000
0.018	0.002	0.201	0.000
0.034	0.003	0.194	0.000
0.056	0.004	0.186	0.000
0.076	0.006	0.178	0.000
0.097	0.009	0.170	0.000
0.136	0.012	0.163	0.000
0.218	0.015	0.156	0.000
0.366	0.020	0.155	0.000
0.611	0.026	0.159	0.000
0.950	0.042	0.173	0.000
1.407	0.076	0.200	0.000
2.037	0.150	0.245	0.000
2.981	0.309	0.309	0.001
4.260	0.686	0.388	0.001
5.562	1.598	0.469	0.001
6.526	3.585	0.543	0.002
7.039	7.129	0.602	0.003
7.258	12.001	0.646	0.004
7.401	16.867	0.680	0.004
7.672	19.987	0.708	0.005
8.205	20.606	0.732	0.006
9.591	19.619	0.753	0.006
11.450	18.852	0.771	0.006
13.469	19.757	0.785	0.007
15.598	22.656	0.790	0.007
18.554	27.005	0.782	0.007
23.216	31.958	0.761	0.008
29.607	36.915	0.734	0.008
36.862	41.888	0.712	0.009
44.035	47.318	0.702	0.009
50.865	53.494	0.705	0.010
57.401	59.965	0.715	0.011
63.131	65.264	0.728	0.011
66.602	67.798	0.742	0.012
67.000	67.149	0.756	0.012
65.616	64.355	0.770	0.012
64.562	61.051	0.781	0.012
65.041	58.238	0.789	0.012
66.801	56.013	0.794	0.012
68.717	54.013	0.797	0.012
70.793	51.882	0.798	0.012
72.394	49.540	0.796	0.011
73.044	47.243	0.792	0.011
71.991	45.286	0.787	0.011
69.310	43.814	0.780	0.011
65.712	42.488	0.772	0.010
61.764	40.477	0.763	0.010
57.735	36.978	0.752	0.010
53.940	32.049	0.741	0.009
51.845	26.944	0.727	0.009
51.464	23.223	0.712	0.009
51.702	21.606	0.695	0.008
51.450	21.884	0.677	0.008
50.844	23.600	0.657	0.008
50.773	26.582	0.635	0.008
51.547	30.586	0.612	0.008
52.300	34.906	0.588	0.008
52.690	38.500	0.564	0.009
53.301	40.728	0.540	0.009
54.054	41.934	0.515	0.009
54.636	43.187	0.492	0.010
54.457	44.963	0.468	0.010
53.929	46.796	0.445	0.010
53.800	48.101	0.422	0.010
54.819	49.100	0.401	0.011
56.540	50.797	0.380	0.011
57.557	53.679	0.359	0.011
57.472	56.876	0.340	0.011
57.476	58.802	0.321	0.011
57.332	59.394	0.303	0.012
56.349	59.945	0.287	0.012
54.060	61.299	0.271	0.012
50.833	63.037	0.256	0.012
48.410	63.933	0.242	0.012
46.562	62.898	0.228	0.012
44.131	60.324	0.217	0.012
40.417	57.496	0.206	0.012
36.121	55.786	0.196	0.012
33.037	55.501	0.187	0.012
31.948	55.450	0.179	0.012
31.658	53.648	0.173	0.011
30.417	49.315	0.168	0.011
28.525	43.123	0.164	0.011
27.161	36.880	0.160	0.011
26.221	32.230	0.157	0.010
25.918	29.860	0.154	0.010
26.353	29.319	0.152	0.009
27.696	29.462	0.150	0.009
30.039	29.118	0.150	0.009
33.076	27.930	0.150	0.008
36.223	26.407	0.151	0.008
39.448	25.547	0.153	0.008
43.613	25.728	0.155	0.008
49.651	26.665	0.158	0.008
57.829	27.998	0.161	0.008
67.672	29.565	0.165	0.008
79.218	31.034	0.169	0.008
92.127	31.513	0.173	0.008
105.958	30.382	0.177	0.008
119.921	28.442	0.179	0.008
132.520	27.307	0.182	0.008
142.608	27.547	0.184	0.008
150.467	28.243	0.186	0.008
157.786	28.796	0.189	0.008
165.298	30.796	0.194	0.009
171.485	38.095	0.201	0.009
174.052	53.393	0.210	0.010
171.892	75.435	0.220	0.011
166.486	99.961	0.228	0.012
161.160	121.459	0.235	0.013
157.909	134.510	0.240	0.014
155.964	136.886	0.244	0.015
153.522	130.470	0.246	0.016
149.744	119.792	0.247	0.016
145.855	108.711	0.247	0.016
140.400	99.156	0.246	0.016
132.494	90.974	0.244	0.016
122.575	82.943	0.242	0.015
113.233	74.711	0.238	0.015
107.054	66.898	0.233	0.014
104.260	59.932	0.227	0.013
102.029	53.504	0.219	0.013
98.229	47.140	0.210	0.012
92.381	40.819	0.200	0.011
86.298	35.289	0.190	0.011
81.602	31.291	0.178	0.010
78.474	28.751	0.166	0.010
75.867	26.928	0.153	0.009
73.320	25.158	0.139	0.009
71.111	23.342	0.126	0.008
69.395	21.814	0.112	0.008
68.132	20.675	0.100	0.008
66.357	19.827	0.091	0.007
64.084	18.580	0.086	0.007
61.878	16.431	0.087	0.007
60.233	13.679	0.094	0.006
58.851	11.551	0.104	0.006
57.252	11.035	0.118	0.006
55.199	12.148	0.134	0.006
53.568	14.524	0.151	0.006
52.658	18.003	0.169	0.006
52.537	22.465	0.187	0.006
52.114	27.292	0.205	0.007
50.968	31.698	0.222	0.007
49.431	35.353	0.238	0.008
48.202	38.702	0.252	0.008
47.640	42.133	0.264	0.009
47.222	45.501	0.274	0.009
45.933	48.466	0.282	0.010
43.285	50.971	0.288	0.010
39.834	53.203	0.292	0.011
36.313	54.811	0.294	0.011
33.194	54.770	0.294	0.011
30.350	53.045	0.293	0.011
27.824	50.897	0.291	0.011
26.099	50.032	0.289	0.011
25.956	51.308	0.286	0.011
27.627	54.533	0.284	0.011
30.643	59.507	0.282	0.012
34.205	66.853	0.281	0.012
37.758	77.578	0.280	0.013
41.089	92.000	0.280	0.013
44.497	109.586	0.280	0.014
48.258	129.760	0.281	0.015
51.834	151.891	0.284	0.017
54.227	174.510	0.288	0.018
55.324	195.413	0.293	0.019
56.069	212.630	0.299	0.020
57.637	225.122	0.305	0.021
60.422	232.422	0.313	0.022
63.401	233.200	0.320	0.022
64.546	226.010	0.328	0.023
63.387	211.035	0.337	0.023
61.453	191.131	0.346	0.022
60.821	170.539	0.354	0.022
61.112	152.472	0.363	0.021
60.464	137.631	0.372	0.020
57.958	124.945	0.380	0.019
54.591	113.177	0.388	0.018
52.121	101.890	0.397	0.018
51.165	91.167	0.405	0.017
50.625	81.313	0.413	0.016
48.916	71.871	0.420	0.015
45.627	62.168	0.427	0.014
41.867	52.684	0.433	0.013
38.618	44.722	0.439	0.012
36.090	39.704	0.444	0.012
33.904	37.715	0.450	0.011
31.641	36.979	0.455	0.010
29.395	35.636	0.461	0.010
27.640	33.010	0.466	0.010
26.530	29.911	0.471	0.009
25.943	27.677	0.477	0.009
25.730	26.688	0.483	0.009
25.620	26.256	0.490	0.008
25.730	25.540	0.497	0.008
25.986	24.580	0.505	0.008
26.382	23.834	0.513	0.008
26.888	23.234	0.521	0.008
27.231	22.091	0.528	0.008
27.290	20.102	0.535	0.007
27.133	18.003	0.542	0.007
26.904	17.424	0.549	0.007
26.624	18.926	0.556	0.007
26.696	21.717	0.566	0.007
27.112	24.585	0.577	0.007
27.903	26.849	0.589	0.007
29.228	28.459	0.599	0.008
31.440	29.598	0.608	0.008
34.997	30.712	0.612	0.008
40.407	32.818	0.614	0.008
47.618	36.886	0.614	0.009
56.212	43.048	0.610	0.009
65.225	50.327	0.605	0.010
73.998	57.587	0.597	0.010
82.033	64.641	0.588	0.011
89.143	72.513	0.578	0.012
95.547	82.272	0.568	0.013
101.000	93.871	0.558	0.013
105.199	106.906	0.549	0.014
108.434	121.947	0.542	0.015
110.604	139.815	0.538	0.016
109.833	161.531	0.536	0.018
106.259	188.575	0.538	0.019
104.529	221.342	0.544	0.020
109.742	255.636	0.554	0.021
125.854	279.965	0.569	0.022
149.936	280.653	0.586	0.023
167.192	252.928	0.603	0.023
159.630	204.312	0.618	0.023
127.171	149.259	0.628	0.022
86.880	101.063	0.636	0.021
58.053	67.262	0.642	0.019
45.130	50.878	0.646	0.017
39.962	50.839	0.650	0.015
33.258	57.596	0.652	0.014
25.364	57.720	0.651	0.012
22.125	45.226	0.650	0.011
29.239	26.912	0.647	0.010
39.412	15.369	0.642	0.009
44.248	16.422	0.635	0.009
42.375	25.101	0.627	0.009
40.173	32.980	0.617	0.008
43.417	37.979	0.605	0.009
51.959	47.927	0.591	0.009
61.708	67.965	0.574	0.010
69.454	91.123	0.555	0.012
77.149	109.202	0.534	0.013
88.869	123.118	0.510	0.015
103.325	144.416	0.486	0.016
117.000	183.131	0.461	0.018
128.288	230.659	0.436	0.020
137.252	269.440	0.412	0.021
144.994	290.425	0.388	0.023
153.057	298.229	0.365	0.024
161.716	299.984	0.343	0.025
169.693	295.272	0.322	0.026
175.585	282.546	0.302	0.026
177.471	266.841	0.282	0.026
174.470	258.438	0.263	0.026
166.565	258.591	0.244	0.025
154.953	254.763	0.227	0.025
140.521	235.218	0.210	0.024
124.018	202.233	0.195	0.024
107.610	169.127	0.181	0.023
91.041	146.489	0.169	0.022
74.668	132.973	0.159	0.021
60.861	120.235	0.149	0.019
51.539	103.330	0.140	0.018
46.265	84.675	0.132	0.017
42.712	69.005	0.126	0.016
39.248	57.306	0.121	0.014
35.126	47.128	0.117	0.013
31.356	37.078	0.114	0.012
28.776	28.864	0.112	0.011
27.590	24.897	0.111	0.010
27.218	25.280	0.112	0.009
27.317	27.790	0.114	0.009
27.950	30.262	0.116	0.009
29.227	32.352	0.119	0.009
31.038	34.958	0.123	0.009
33.267	38.692	0.128	0.009
35.932	43.313	0.134	0.009
38.985	48.344	0.140	0.010
42.386	53.707	0.146	0.010
46.173	59.855	0.152	0.011
50.783	67.588	0.159	0.012
56.929	77.933	0.166	0.012
65.646	92.012	0.174	0.013
76.445	110.770	0.182	0.014
87.602	134.898	0.190	0.016
96.985	164.646	0.199	0.017
104.561	199.126	0.208	0.019
111.592	235.301	0.218	0.020
118.987	267.994	0.229	0.022
126.681	291.828	0.240	0.023
134.287	303.595	0.252	0.024
141.336	303.114	0.264	0.025
147.515	292.390	0.276	0.025
153.454	273.553	0.288	0.026
158.885	248.027	0.301	0.025
163.458	216.508	0.312	0.024
167.982	180.034	0.324	0.023
174.388	141.390	0.334	0.022
183.255	105.071	0.344	0.020
195.051	75.802	0.353	0.018
206.403	56.769	0.362	0.017
216.050	48.307	0.370	0.015
225.575	48.018	0.377	0.014
236.355	51.777	0.383	0.012
246.951	56.803	0.389	0.012
253.064	63.763	0.394	0.011
250.787	77.546	0.398	0.012
241.511	103.170	0.402	0.013
231.750	140.806	0.406	0.014
228.329	184.541	0.408	0.016
231.797	225.740	0.409	0.018
235.849	257.557	0.409	0.020
235.233	276.737	0.408	0.022
227.843	282.918	0.405	0.023
215.577	278.171	0.402	0.024
200.277	264.021	0.399	0.024
183.757	241.025	0.399	0.024
164.353	209.971	0.401	0.024
143.270	173.170	0.406	0.023
122.678	134.501	0.415	0.021
106.224	98.852	0.428	0.020
94.917	70.623	0.445	0.018
87.331	51.832	0.463	0.016
80.641	41.684	0.480	0.014
74.093	38.235	0.494	0.013
68.210	40.301	0.503	0.012
63.901	47.151	0.509	0.011
61.026	57.620	0.514	0.011
58.706	69.803	0.515	0.012
57.023	82.201	0.515	0.012
56.537	93.757	0.511	0.013
58.295	104.643	0.506	0.014
62.714	115.524	0.499	0.015
68.502	125.968	0.492	0.016
73.987	135.057	0.485	0.016
77.303	142.179	0.477	0.017
77.641	146.980	0.468	0.018
76.081	148.442	0.459	0.018
75.931	144.859	0.451	0.018
78.159	135.977	0.443	0.018
82.291	123.630	0.435	0.018
84.837	110.375	0.427	0.017
83.353	97.737	0.420	0.017
79.308	86.431	0.414	0.016
75.397	77.967	0.408	0.016
73.033	75.140	0.403	0.015
71.297	80.200	0.400	0.015
68.684	92.025	0.398	0.015
64.524	105.688	0.397	0.015
59.788	115.793	0.399	0.015
55.326	118.571	0.403	0.015
50.993	111.592	0.409	0.015
46.586	93.914	0.417	0.015
42.557	68.059	0.427	0.014
39.291	41.211	0.439	0.013
36.310	21.819	0.453	0.012
32.946	13.423	0.469	0.011
29.367	12.095	0.486	0.009
26.513	11.074	0.503	0.008
25.496	7.414	0.518	0.006
26.918	3.688	0.532	0.005
30.056	3.752	0.541	0.005
33.635	8.360	0.548	0.004
36.475	15.566	0.552	0.005
38.559	24.040	0.553	0.005
40.749	34.085	0.551	0.007
43.363	45.407	0.546	0.008
46.104	55.872	0.539	0.009
48.020	63.350	0.530	0.010
48.995	68.552	0.519	0.011
49.691	74.609	0.506	0.012
50.739	83.162	0.493	0.013
51.765	91.719	0.478	0.013
51.750	95.785	0.463	0.014
51.051	93.195	0.447	0.014
49.769	86.209	0.431	0.014
48.638	78.592	0.413	0.014
47.919	71.757	0.396	0.014
47.615	64.409	0.377	0.013
47.483	55.499	0.359	0.013
47.371	46.370	0.339	0.012
47.431	39.467	0.319	0.012
47.183	35.790	0.297	0.011
46.991	34.092	0.276	0.010
46.623	32.625	0.254	0.010
46.112	31.210	0.232	0.009
45.796	31.105	0.210	0.009
45.650	33.183	0.188	0.009
45.758	36.955	0.167	0.009
46.141	41.308	0.147	0.009
46.635	45.841	0.130	0.010
46.787	51.217	0.116	0.010
46.578	58.315	0.107	0.011
46.980	67.501	0.105	0.012
48.811	78.762	0.110	0.012
52.111	91.903	0.122	0.013
56.438	106.345	0.139	0.014
61.196	120.832	0.159	0.015
65.871	133.485	0.181	0.016
69.944	142.721	0.204	0.017
73.655	148.136	0.227	0.017
76.859	151.097	0.249	0.018
80.022	153.109	0.269	0.018
84.461	153.807	0.288	0.019
91.119	150.694	0.306	0.019
99.623	141.094	0.322	0.018
108.439	124.944	0.335	0.018
115.681	105.799	0.347	0.018
119.505	88.141	0.356	0.017
118.853	74.708	0.363	0.016
112.669	65.052	0.368	0.015
101.749	56.654	0.371	0.014
87.427	47.237	0.371	0.013
72.537	36.739	0.369	0.011
59.704	26.486	0.367	0.010
49.691	18.107	0.364	0.009
42.102	11.922	0.361	0.008
36.424	8.038	0.359	0.007
32.367	7.061	0.357	0.006
30.110	9.707	0.356	0.006
28.674	15.260	0.355	0.006
27.274	21.327	0.356	0.006
25.114	25.098	0.359	0.006
22.610	25.495	0.362	0.006
20.093	23.474	0.365	0.007
18.068	20.593	0.369	0.007
17.019	17.631	0.374	0.007
16.420	14.666	0.379	0.007
15.582	11.945	0.384	0.006
14.436	10.130	0.389	0.006
13.145	9.587	0.396	0.006
11.693	9.778	0.403	0.005
10.276	9.747	0.410	0.005
9.001	9.117	0.418	0.005
7.909	8.363	0.427	0.005
6.965	8.068	0.436	0.005
6.145	8.157	0.447	0.005
5.338	8.038	0.458	0.004
4.601	7.351	0.470	0.004
4.038	6.296	0.482	0.004
3.666	5.274	0.494	0.004
3.370	4.366	0.506	0.004
3.050	3.320	0.516	0.003
3.058	2.034	0.525	0.003
3.182	0.831	0.534	0.003
3.180	0.154	0.543	0.002
3.011	0.073	0.552	0.002
3.248	0.242	0.562	0.001
4.164	0.288	0.572	0.001
5.734	0.153	0.579	0.001
11.716	0.027	0.585	0.001
18.533	0.110	0.588	0.001
22.563	0.646	0.589	0.001
23.325	2.317	0.585	0.002
23.741	6.445	0.579	0.003
27.377	14.450	0.569	0.004
35.223	26.908	0.557	0.005
44.641	43.208	0.544	0.007
55.257	62.335	0.529	0.009
66.247	84.305	0.512	0.011
75.985	110.618	0.495	0.013
83.615	142.800	0.478	0.015
89.382	180.440	0.463	0.017
94.808	220.816	0.449	0.019
101.279	260.862	0.438	0.021
108.787	299.682	0.428	0.023
116.091	338.535	0.421	0.025
122.807	378.386	0.416	0.027
128.723	417.448	0.413	0.028
132.660	451.566	0.411	0.030
133.512	477.416	0.412	0.031
132.183	494.097	0.415	0.032
131.142	501.293	0.419	0.033
130.928	497.222	0.426	0.033
131.711	479.617	0.434	0.033
134.347	448.186	0.442	0.033
141.944	405.361	0.451	0.033
157.424	354.068	0.461	0.031
177.854	296.440	0.473	0.030
192.045	236.564	0.487	0.028
191.359	182.491	0.502	0.026
178.087	144.018	0.517	0.024
162.642	127.598	0.530	0.022
154.194	130.476	0.542	0.021
157.167	143.977	0.552	0.020
168.010	160.155	0.560	0.019
181.605	176.598	0.566	0.020
194.955	198.023	0.571	0.020
208.722	231.126	0.575	0.021
222.482	274.164	0.577	0.023
232.400	317.648	0.578	0.024
233.138	349.281	0.578	0.025
222.997	361.328	0.576	0.026
205.923	356.919	0.574	0.027
189.713	347.098	0.571	0.028
178.967	328.322	0.568	0.028
172.563	287.717	0.565	0.027
165.291	228.178	0.562	0.026
157.139	177.520	0.560	0.026
152.032	170.512	0.558	0.025
152.318	227.739	0.558	0.025
155.103	323.102	0.558	0.026
155.947	401.829	0.559	0.033
152.604	1096.670	0.560	0.049
146.172	2133.971	0.562	0.072
139.855	2897.256	0.563	0.096
134.873	2934.829	0.565	0.114
131.509	2086.601	0.567	0.124
129.663	1189.033	0.569	0.127
129.296	1085.230	0.570	0.127
130.781	1413.356	0.571	0.129
134.533	1762.412	0.572	0.134
139.495	1804.436	0.573	0.140
143.935	1694.547	0.574	0.146
146.324	1551.594	0.575	0.150
144.909	1413.952	0.576	0.153
138.277	1005.798	0.578	0.153
126.001	371.172	0.580	0.146
109.062	-137.046	0.582	0.130
90.975	-235.998	0.585	0.104
74.959	-36.022	0.588	0.069
62.767	136.733	0.590	0.034
54.667	101.513	0.592	0.007
50.145	-34.005	0.594	-0.003
48.147	-75.625	0.594	0.000
48.525	8.624	0.593	0.007
50.114	89.169	0.591	0.009
51.482	70.495	0.588	0.008
51.400	0.133	0.584	0.006
49.835	-18.355	0.579	0.007
48.197	36.690	0.574	0.010
47.775	92.744	0.568	0.011
48.336	88.351	0.562	0.010
48.943	44.807	0.555	0.010
48.836	24.908	0.547	0.010
48.575	50.975	0.539	0.012
48.977	87.365	0.531	0.013
50.361	94.323	0.523	0.013
51.478	74.567	0.514	0.012
51.365	60.286	0.506	0.012
50.542	68.344	0.499	0.013
49.670	83.295	0.493	0.014
49.187	83.507	0.488	0.013
47.738	69.071	0.482	0.013
44.669	57.841	0.477	0.013
40.540	61.143	0.472	0.013
37.756	71.916	0.468	0.013
37.752	79.178	0.463	0.013
40.400	82.049	0.459	0.013
43.988	88.051	0.454	0.014
48.047	99.266	0.448	0.014
53.357	107.819	0.442	0.015
61.256	106.350	0.435	0.015
70.977	99.652	0.428	0.015
79.857	98.828	0.420	0.016
85.953	109.246	0.411	0.016
89.987	124.017	0.401	0.016
92.827	134.293	0.391	0.017
95.184	140.264	0.381	0.017
96.298	150.989	0.370	0.018
95.310	171.440	0.359	0.019
92.226	196.080	0.349	0.020
89.066	212.972	0.338	0.020
88.013	213.449	0.329	0.021
88.334	196.994	0.320	0.021
90.698	170.105	0.314	0.021
91.492	141.314	0.309	0.020
89.262	117.769	0.306	0.020
83.796	102.587	0.307	0.019
77.761	93.974	0.311	0.018
72.807	87.237	0.317	0.016
68.931	78.537	0.324	0.015
63.394	66.622	0.334	0.014
55.303	53.277	0.344	0.013
44.902	40.791	0.354	0.012
34.867	30.206	0.365	0.011
26.714	21.516	0.375	0.010
20.450	14.728	0.386	0.009
15.539	9.965	0.398	0.008
11.399	7.018	0.411	0.007
8.021	5.175	0.424	0.006
5.619	3.715	0.437	0.005
4.262	2.482	0.448	0.004
3.927	1.766	0.456	0.003
4.529	1.741	0.463	0.003
5.959	2.228	0.468	0.003
8.149	3.029	0.472	0.003
11.115	4.255	0.477	0.003
14.975	6.130	0.481	0.003
20.093	8.517	0.486	0.003
26.970	10.896	0.491	0.004
35.285	12.797	0.496	0.004
43.741	14.251	0.502	0.005
51.915	15.722	0.508	0.005
60.013	17.748	0.514	0.006
68.722	20.756	0.520	0.006
78.938	25.043	0.525	0.007
91.425	30.507	0.531	0.007
107.368	36.407	0.536	0.008
126.261	41.661	0.541	0.009
147.491	45.529	0.546	0.009
168.453	47.868	0.552	0.010
190.831	49.341	0.556	0.010
211.505	51.506	0.557	0.010
228.241	55.459	0.555	0.011
242.205	60.356	0.548	0.011
255.978	63.217	0.535	0.011
266.042	60.617	0.516	0.011
275.324	52.511	0.492	0.010
282.754	45.580	0.464	0.010
280.991	53.625	0.435	0.009
266.731	89.157	0.408	0.010
246.718	151.976	0.385	0.011
233.565	226.341	0.368	0.013
232.856	289.723	0.357	0.016
241.552	326.578	0.352	0.019
252.236	333.772	0.352	0.022
258.802	319.237	0.359	0.024
262.939	292.545	0.370	0.025
266.940	261.455	0.384	0.025
269.256	231.456	0.398	0.025
262.783	207.254	0.411	0.025
247.747	190.791	0.423	0.024
228.167	179.523	0.433	0.023
210.269	168.658	0.440	0.022
195.972	155.756	0.445	0.021
183.620	143.370	0.448	0.020
170.485	135.825	0.450	0.020
157.467	134.381	0.451	0.019
145.506	135.939	0.450	0.019
135.277	136.767	0.447	0.018
125.511	136.145	0.443	0.018
115.131	137.307	0.438	0.018
104.663	142.650	0.432	0.018
96.153	151.120	0.425	0.019
91.271	159.380	0.418	0.019
90.177	166.004	0.412	0.019
91.390	172.429	0.405	0.020
93.184	182.278	0.397	0.020
95.090	195.417	0.389	0.021
97.461	204.885	0.381	0.021
100.400	203.345	0.374	0.021
103.052	191.971	0.367	0.021
104.590	181.672	0.360	0.022
105.361	184.377	0.353	0.022
106.336	200.039	0.348	0.022
107.680	217.325	0.343	0.022
110.401	226.860	0.339	0.022
114.446	229.839	0.335	0.023
119.345	234.356	0.332	0.023
124.504	244.588	0.330	0.023
128.789	255.472	0.329	0.024
130.905	257.840	0.328	0.024
131.429	247.077	0.327	0.024
131.445	225.687	0.326	0.024
131.460	199.146	0.325	0.023
130.947	171.499	0.325	0.022
128.698	144.782	0.324	0.021
124.721	120.685	0.324	0.020
119.877	100.940	0.324	0.019
114.922	86.192	0.324	0.018
109.881	75.194	0.324	0.016
103.980	66.716	0.325	0.015
97.507	60.160	0.326	0.014
91.315	55.077	0.328	0.013
85.956	50.482	0.331	0.012
81.094	45.606	0.334	0.012
75.943	41.241	0.339	0.011
69.318	39.386	0.344	0.011
61.737	40.419	0.350	0.011
54.640	42.370	0.358	0.010
49.008	42.894	0.366	0.010
44.666	41.772	0.375	0.010
41.363	40.575	0.385	0.010
38.960	39.964	0.394	0.010
37.298	38.266	0.404	0.010
36.281	33.412	0.413	0.009
36.197	26.076	0.421	0.009
36.706	19.717	0.427	0.009
37.344	17.162	0.433	0.008
37.898	17.925	0.438	0.008
38.371	18.914	0.442	0.007
38.631	17.680	0.444	0.007
38.721	14.561	0.446	0.006
38.828	11.275	0.446	0.006
39.327	8.696	0.446	0.006
40.203	6.408	0.446	0.005
40.791	4.133	0.445	0.005
40.642	2.974	0.444	0.004
39.907	4.365	0.443	0.004
38.973	7.544	0.441	0.004
38.202	10.006	0.438	0.004
37.532	10.852	0.436	0.004
36.684	12.395	0.432	0.005
35.650	16.717	0.428	0.005
34.824	22.765	0.424	0.006
34.358	27.439	0.419	0.007
34.074	29.397	0.414	0.007
33.764	31.162	0.409	0.008
33.948	36.554	0.403	0.009
35.302	46.413	0.397	0.009
37.644	58.044	0.391	0.010
40.138	68.388	0.384	0.011
42.472	77.291	0.377	0.012
44.870	86.574	0.372	0.013
48.469	96.656	0.367	0.013
52.899	105.165	0.364	0.014
57.194	109.295	0.364	0.015
60.872	109.080	0.368	0.015
64.720	107.661	0.376	0.016
70.159	107.674	0.390	0.016
77.606	108.706	0.408	0.016
85.793	107.816	0.430	0.016
92.780	102.827	0.455	0.016
97.147	94.244	0.482	0.015
99.040	84.236	0.511	0.015
99.800	73.336	0.540	0.014
100.644	60.308	0.570	0.013
101.666	44.578	0.599	0.012
102.835	28.641	0.625	0.011
103.636	16.311	0.647	0.010
104.273	9.412	0.665	0.008
105.157	6.884	0.679	0.007
105.977	7.006	0.688	0.006
106.180	9.484	0.692	0.005
105.202	14.862	0.690	0.005
102.987	22.767	0.682	0.006
100.365	31.898	0.666	0.006
99.698	41.809	0.644	0.008
101.894	53.622	0.616	0.009
106.440	67.678	0.584	0.010
108.708	81.413	0.550	0.011
110.143	90.355	0.518	0.012
111.332	91.604	0.490	0.013
114.162	86.297	0.465	0.013
115.591	78.009	0.445	0.013
111.753	68.786	0.430	0.013
100.421	60.311	0.418	0.013
86.096	53.310	0.410	0.013
74.508	47.419	0.404	0.012
67.714	42.125	0.400	0.011
62.920	37.235	0.397	0.011
56.723	33.314	0.394	0.010
48.966	31.721	0.391	0.010
42.050	31.435	0.388	0.009
38.250	30.241	0.384	0.009
36.408	26.777	0.381	0.009
34.059	21.813	0.377	0.008
30.093	17.179	0.373	0.008
25.724	13.912	0.369	0.007
22.489	11.388	0.365	0.007
20.360	8.537	0.360	0.006
18.485	5.380	0.355	0.005
16.169	2.977	0.350	0.005
13.749	2.093	0.344	0.004
11.883	2.378	0.339	0.003
10.706	2.833	0.333	0.003
9.862	2.810	0.326	0.003
9.226	2.404	0.319	0.002
9.192	2.086	0.310	0.002
10.125	2.160	0.301	0.002
12.044	2.617	0.291	0.002
14.765	3.374	0.281	0.002
18.274	4.556	0.270	0.003
22.672	6.478	0.257	0.003
28.087	9.411	0.243	0.004
35.519	13.557	0.228	0.004
46.742	19.044	0.211	0.005
61.971	25.969	0.192	0.006
77.501	34.404	0.171	0.007
86.343	44.122	0.148	0.008
88.104	53.896	0.123	0.009
90.824	61.513	0.098	0.010
104.023	64.975	0.077	0.011
130.817	64.911	0.064	0.011
166.715	65.962	0.063	0.012
205.402	74.247	0.078	0.013
244.351	90.246	0.105	0.013
279.667	105.864	0.139	0.014
300.514	110.954	0.172	0.014
296.071	103.345	0.201	0.015
266.223	91.575	0.225	0.015
221.271	86.829	0.243	0.015
176.704	91.545	0.258	0.015
141.654	98.199	0.269	0.015
116.980	98.762	0.278	0.015
98.374	92.697	0.285	0.015
82.773	86.135	0.290	0.015
69.849	84.020	0.295	0.015
59.732	84.305	0.298	0.014
51.483	81.247	0.301	0.014
43.964	72.019	0.302	0.014
37.101	58.900	0.303	0.013
31.751	46.459	0.303	0.012
28.499	36.610	0.302	0.012
27.181	28.014	0.301	0.011
26.974	19.147	0.300	0.009
27.344	10.742	0.298	0.008
29.349	4.837	0.295	0.007
33.142	2.280	0.292	0.006
38.307	1.870	0.289	0.005
43.849	1.836	0.285	0.004
49.229	1.561	0.282	0.003
54.340	1.662	0.279	0.003
59.215	2.803	0.277	0.003
63.641	4.856	0.275	0.003
67.495	7.227	0.274	0.003
70.432	9.660	0.274	0.004
72.982	12.499	0.275	0.004
75.513	16.174	0.278	0.005
78.671	20.855	0.281	0.006
82.801	26.665	0.286	0.007
87.512	34.012	0.291	0.008
92.196	43.677	0.297	0.009
95.841	55.957	0.303	0.010
98.352	70.784	0.309	0.011
100.644	89.617	0.315	0.012
103.929	111.088	0.321	0.013
108.245	129.796	0.326	0.015
113.076	140.064	0.331	0.016
118.437	149.463	0.335	0.018
124.948	180.424	0.338	0.019
131.223	251.467	0.341	0.021
132.964	343.071	0.341	0.023
128.816	409.028	0.340	0.025
123.376	414.239	0.337	0.026
124.393	371.802	0.330	0.027
134.749	319.100	0.321	0.028
151.142	279.960	0.312	0.028
167.558	248.091	0.303	0.027
181.728	208.850	0.295	0.026
196.687	164.524	0.291	0.024
214.189	133.408	0.290	0.023
232.740	126.721	0.294	0.021
249.938	135.778	0.303	0.020
262.800	143.976	0.317	0.019
269.042	145.014	0.333	0.019
266.310	145.267	0.351	0.019
250.886	151.188	0.369	0.019
220.267	159.914	0.387	0.019
179.286	163.738	0.405	0.019
139.123	160.371	0.422	0.019
110.721	155.437	0.438	0.019
96.190	155.524	0.452	0.019
88.463	160.674	0.465	0.019
79.034	163.461	0.476	0.019
65.948	155.233	0.484	0.019
53.213	132.606	0.492	0.018
44.820	101.576	0.498	0.018
40.886	72.727	0.503	0.017
38.367	53.042	0.507	0.015
35.115	41.689	0.510	0.014
31.699	33.198	0.512	0.012
29.385	24.040	0.514	0.011
28.667	15.674	0.515	0.010
28.777	11.363	0.515	0.008
29.350	11.657	0.515	0.007
30.534	13.494	0.513	0.007
33.177	13.601	0.511	0.006
37.666	11.513	0.509	0.006
44.285	8.974	0.506	0.005
52.595	7.107	0.503	0.005
62.750	5.406	0.500	0.004
74.118	3.040	0.497	0.004
84.514	0.563	0.493	0.003
92.184	-0.206	0.490	0.002
96.984	2.322	0.486	0.002
99.909	8.284	0.481	0.003
104.005	16.691	0.473	0.003
112.784	26.212	0.461	0.005
126.531	34.595	0.446	0.006
140.372	39.803	0.427	0.007
148.464	42.837	0.404	0.008
148.559	49.722	0.378	0.010
142.864	68.213	0.349	0.011
134.765	98.326	0.319	0.012
126.900	127.415	0.289	0.013
120.410	138.784	0.262	0.014
114.409	125.659	0.242	0.015
108.699	97.479	0.232	0.015
102.687	71.339	0.235	0.015
96.241	58.458	0.253	0.015
90.643	58.408	0.281	0.014
87.895	64.147	0.313	0.014
87.653	70.341	0.346	0.013
86.641	76.097	0.375	0.013
82.516	81.905	0.401	0.013
76.165	86.564	0.425	0.013
71.293	87.777	0.445	0.014
69.337	84.522	0.461	0.014
68.699	78.501	0.474	0.014
67.538	71.917	0.483	0.014
66.365	65.384	0.489	0.013
66.628	57.997	0.491	0.013
69.068	49.640	0.491	0.012
72.125	42.139	0.487	0.012
74.190	37.892	0.482	0.011
75.303	37.711	0.475	0.011
76.980	40.491	0.467	0.011
79.637	44.807	0.458	0.010
83.548	50.134	0.449	0.011
87.930	56.680	0.440	0.011
92.080	64.578	0.431	0.011
95.443	73.325	0.423	0.012
96.665	81.651	0.416	0.013
94.934	88.877	0.412	0.013
90.493	96.461	0.408	0.014
85.284	107.670	0.406	0.015
81.199	124.378	0.406	0.016
79.246	146.032	0.407	0.017
78.345	169.717	0.410	0.018
77.882	190.978	0.415	0.019
78.478	203.499	0.421	0.019
80.427	199.712	0.430	0.020
81.482	177.193	0.440	0.020
81.169	142.111	0.452	0.020
80.420	105.607	0.466	0.019
79.849	76.247	0.481	0.018
79.197	55.268	0.497	0.016
77.299	39.070	0.514	0.014
74.148	24.998	0.532	0.012
70.994	14.062	0.551	0.011
68.645	8.350	0.571	0.009
66.742	7.317	0.590	0.007
64.373	7.927	0.607	0.006
61.460	7.772	0.621	0.005
58.766	7.102	0.632	0.005
56.461	7.592	0.642	0.005
54.318	9.881	0.651	0.005
51.340	12.896	0.659	0.005
47.719	15.515	0.665	0.005
43.947	17.857	0.669	0.006
40.568	20.867	0.671	0.006
37.890	24.915	0.672	0.007
35.693	28.815	0.672	0.007
33.659	31.063	0.672	0.008
31.860	31.694	0.672	0.008
30.773	32.292	0.671	0.008
30.297	34.436	0.670	0.009
30.069	38.034	0.670	0.009
29.987	41.409	0.670	0.009
30.312	43.452	0.670	0.010
30.592	44.781	0.670	0.010
30.387	46.738	0.669	0.010
29.489	49.837	0.668	0.010
28.296	53.169	0.666	0.011
27.346	55.554	0.665	0.011
26.979	56.931	0.664	0.011
27.077	58.311	0.665	0.011
27.020	60.413	0.667	0.012
26.621	62.783	0.670	0.012
25.846	64.168	0.675	0.012
24.794	64.123	0.681	0.012
23.324	63.162	0.688	0.012
21.437	62.132	0.696	0.012
19.275	61.295	0.703	0.012
17.055	60.266	0.710	0.012
14.911	58.522	0.716	0.012
12.999	55.790	0.722	0.012
11.444	52.070	0.728	0.012
10.225	47.524	0.734	0.011
9.252	42.286	0.739	0.011
8.349	36.691	0.744	0.010
7.394	31.333	0.749	0.010
6.340	26.761	0.752	0.009
5.228	23.079	0.755	0.009
4.122	19.881	0.757	0.008
3.148	16.748	0.759	0.008
2.438	13.680	0.760	0.007
2.009	11.050	0.760	0.006
1.799	9.163	0.760	0.006
1.616	7.935	0.760	0.005
1.347	7.011	0.758	0.005
1.031	6.137	0.754	0.005
0.774	5.319	0.750	0.004
0.612	4.622	0.744	0.004
0.513	3.953	0.738	0.004
0.426	3.130	0.733	0.003
0.393	2.130	0.728	0.003
0.544	1.174	0.723	0.003
1.054	0.528	0.718	0.002
2.101	0.250	0.714	0.002
3.944	0.179	0.711	0.002
6.792	0.129	0.708	0.001
10.549	0.054	0.706	0.001
14.708	0.032	0.704	0.001
18.629	0.118	0.702	0.001
21.550	0.270	0.701	0.001
22.965	0.407	0.699	0.001
23.038	0.502	0.698	0.001
22.280	0.589	0.697	0.001
21.020	0.696	0.697	0.001
19.033	0.823	0.696	0.001
16.345	0.947	0.696	0.001
13.349	1.050	0.696	0.001
10.562	1.121	0.697	0.001
8.212	1.148	0.698	0.002
6.226	1.115	0.699	0.002
4.403	1.022	0.699	0.002
2.811	0.907	0.699	0.002
1.615	0.817	0.698	0.002
0.897	0.775	0.696	0.001
0.578	0.769	0.695	0.001
0.424	0.770	0.692	0.001
0.297	0.759	0.689	0.001
0.201	0.745	0.684	0.001
0.170	0.740	0.679	0.001
0.183	0.750	0.673	0.001
0.189	0.756	0.667	0.001
0.163	0.736	0.661	0.001
0.128	0.679	0.654	0.001
0.110	0.597	0.648	0.001
0.109	0.516	0.643	0.001
0.106	0.451	0.639	0.001
0.091	0.402	0.636	0.001
0.072	0.359	0.633	0.001
0.061	0.316	0.631	0.001
0.057	0.270	0.629	0.001
0.051	0.220	0.627	0.001
0.051	0.167	0.625	0.001
0.053	0.119	0.622	0.001
0.051	0.083	0.619	0.001
0.039	0.061	0.616	0.001
0.023	0.048	0.614	0.000
0.012	0.036	0.613	0.000
0.013	0.022	0.612	0.000
0.019	0.011	0.612	0.000
0.020	0.006	0.612	0.000
0.015	0.005	0.614	0.000
0.010	0.005	0.616	0.000
0.011	0.003	0.618	0.000
0.015	0.001	0.619	0.000
0.016	0.000	0.620	0.000
0.013	0.002	0.622	0.000
0.009	0.004	0.623	0.000
0.006	0.004	0.624	0.000
0.006	0.005	0.623	0.000
0.006	0.006	0.622	0.000
0.004	0.010	0.620	0.000
0.003	0.014	0.617	0.000
0.003	0.016	0.613	0.000
0.004	0.016	0.609	0.000
0.007	0.016	0.602	0.000
0.008	0.017	0.594	0.000
0.009	0.021	0.585	0.000
0.011	0.025	0.574	0.000
0.013	0.029	0.562	0.000
0.016	0.032	0.547	0.000
0.019	0.035	0.531	0.000
0.021	0.038	0.512	0.000
0.021	0.039	0.491	0.000
0.020	0.039	0.469	0.000
0.020	0.037	0.444	0.000
0.021	0.037	0.418	0.000
0.022	0.039	0.392	0.000
0.022	0.042	0.365	0.000
0.021	0.044	0.340	0.000
0.020	0.045	0.317	0.000
0.020	0.044	0.300	0.000
0.021	0.043	0.289	0.000
0.021	0.043	0.287	0.000
0.020	0.044	0.293	0.000
0.018	0.045	0.308	0.000
0.015	0.046	0.329	0.000
0.014	0.045	0.355	0.000
0.014	0.044	0.384	0.000
0.014	0.041	0.416	0.000
0.014	0.035	0.450	0.000
0.013	0.029	0.485	0.000
0.012	0.025	0.521	0.000
0.011	0.023	0.558	0.000
0.011	0.022	0.593	0.000
0.010	0.019	0.628	0.000
0.009	0.016	0.661	0.000
0.007	0.014	0.693	0.000
0.007	0.014	0.723	0.000
0.007	0.013	0.750	0.000
0.006	0.011	0.771	0.000
0.006	0.008	0.786	0.000
0.006	0.005	0.795	0.000
0.007	0.006	0.799	0.000
0.008	0.007	0.800	0.000
0.009	0.008	0.797	0.000
0.008	0.010	0.792	0.000
0.008	0.013	0.784	0.000
0.008	0.016	0.774	0.000
0.009	0.016	0.763	0.000
0.010	0.013	0.750	0.000
0.010	0.009	0.736	0.000
0.010	0.008	0.720	0.000
0.012	0.009	0.703	0.000
0.013	0.011	0.685	0.000
0.015	0.012	0.667	0.000
0.015	0.013	0.649	0.000
0.016	0.014	0.631	0.000
0.017	0.016	0.613	0.000
0.018	0.018	0.595	0.000
0.018	0.018	0.577	0.000
0.019	0.014	0.559	0.000
0.021	0.010	0.540	0.000
0.026	0.007	0.519	0.000
0.031	0.005	0.495	0.000
0.032	0.005	0.467	0.000
0.029	0.005	0.438	0.000
0.024	0.006	0.408	0.000
0.022	0.007	0.380	0.000
0.019	0.007	0.355	0.000
0.016	0.006	0.332	0.000
0.012	0.005	0.310	0.000
0.007	0.005	0.291	0.000
0.005	0.005	0.274	0.000
0.005	0.005	0.261	0.000
0.005	0.004	0.251	0.000
0.004	0.004	0.245	0.000
0.004	0.004	0.243	0.000
0.004	0.004	0.244	0.000
0.005	0.006	0.245	0.000
0.006	0.007	0.244	0.000
0.006	0.008	0.242	0.000
0.009	0.008	0.241	0.000
0.013	0.007	0.241	0.000
0.018	0.006	0.243	0.000
0.021	0.004	0.244	0.000
0.020	0.003	0.245	0.000
0.017	0.002	0.245	0.000
0.018	0.002	0.247	0.000
0.021	0.002	0.252	0.000
0.027	0.002	0.261	0.000
0.029	0.002	0.272	0.000
0.027	0.002	0.282	0.000
0.025	0.002	0.291	0.000
0.026	0.004	0.299	0.000
0.032	0.004	0.306	0.000
0.036	0.004	0.312	0.000
0.031	0.004	0.315	0.000
