0.000	0.000	0.000	0.000
0.002	0.000	0.000	0.000
0.007	0.000	0.000	0.000
0.012	0.000	0.000	0.000
0.014	0.001	0.000	0.000
0.014	0.006	0.000	0.000
0.014	0.014	0.000	0.000
0.012	0.023	0.000	0.000
0.011	0.028	0.000	0.000
0.010	0.026	0.000	0.000
0.009	0.020	0.000	0.000
0.009	0.017	0.000	0.000
0.010	0.019	0.000	0.000
0.010	0.024	0.000	0.000
0.009	0.028	0.000	0.000
0.008	0.028	0.000	0.000
0.008	0.025	0.000	0.000
0.011	0.023	0.000	0.000
0.013	0.021	0.000	0.000
0.013	0.019	0.000	0.000
0.013	0.018	0.000	0.000
0.012	0.018	0.000	0.000
0.013	0.020	0.000	0.000
0.013	0.024	0.000	0.000
0.013	0.028	0.000	0.000
0.013	0.031	0.000	0.000
0.013	0.032	0.000	0.000
0.012	0.029	0.000	0.000
0.010	0.023	0.000	0.000
0.009	0.017	0.000	0.000
0.008	0.013	0.000	0.000
0.009	0.012	0.000	0.000
0.009	0.012	0.000	0.000
0.008	0.013	0.000	0.000
0.007	0.014	0.000	0.000
0.005	0.014	0.000	0.000
0.005	0.013	0.000	0.000
0.006	0.013	0.000	0.000
0.007	0.013	0.000	0.000
0.007	0.012	0.000	0.000
0.006	0.011	0.000	0.000
0.004	0.009	0.000	0.000
0.003	0.008	0.000	0.000
0.004	0.007	0.000	0.000
0.007	0.005	0.000	0.000
0.009	0.003	0.000	0.000
0.012	0.002	0.000	0.000
0.014	0.003	0.000	0.000
0.013	0.004	0.000	0.000
0.011	0.004	0.000	0.000
0.009	0.005	0.000	0.000
0.007	0.005	0.000	0.000
0.004	0.005	0.000	0.000
0.002	0.005	0.000	0.000
0.002	0.004	0.000	0.000
0.004	0.003	0.000	0.000
0.006	0.002	0.000	0.000
0.006	0.002	0.000	0.000
0.005	0.003	0.000	0.000
0.003	0.003	0.000	0.000
0.003	0.003	0.000	0.000
0.005	0.002	0.000	0.000
0.006	0.002	0.000	0.000
0.006	0.001	0.000	0.000
0.005	0.001	0.000	0.000
0.004	0.001	0.000	0.000
0.004	0.002	0.000	0.000
0.005	0.002	0.000	0.000
0.006	0.002	0.000	0.000
0.005	0.002	0.000	0.000
0.003	0.001	0.000	0.000
0.003	0.001	0.000	0.000
0.006	0.002	0.000	0.000
0.010	0.002	0.000	0.000
0.011	0.002	0.000	0.000
0.008	0.001	0.000	0.000
0.005	0.001	0.000	0.000
0.007	0.001	0.000	0.000
0.011	0.002	0.000	0.000
0.014	0.003	0.000	0.000
0.011	0.004	0.000	0.000
0.007	0.005	0.000	0.000
0.007	0.004	0.000	0.000
0.010	0.003	0.000	0.000
0.012	0.002	0.000	0.000
0.009	0.002	0.000	0.000
0.005	0.002	0.000	0.000
0.004	0.003	0.000	0.000
0.006	0.004	0.000	0.000
0.008	0.004	0.000	0.000
0.007	0.004	0.000	0.000
0.004	0.004	0.000	0.000
0.002	0.003	0.000	0.000
0.004	0.002	0.000	0.000
0.008	0.001	0.000	0.000
0.010	0.002	0.000	0.000
0.009	0.004	0.000	0.000
0.007	0.010	0.000	0.000
0.007	0.017	0.000	0.000
0.008	0.024	0.000	0.000
0.010	0.025	0.122	0.000
0.010	0.020	0.375	0.000
0.010	0.012	0.643	0.000
0.009	0.006	0.782	0.000
0.009	0.003	0.759	0.000
0.008	0.004	0.670	0.000
0.007	0.005	0.635	0.000
0.007	0.004	0.681	0.000
0.008	0.003	0.737	0.000
0.008	0.003	0.740	0.000
0.007	0.003	0.708	0.000
0.009	0.004	0.699	0.000
0.011	0.004	0.730	0.000
0.013	0.003	0.770	0.000
0.011	0.003	0.780	0.000
0.007	0.004	0.766	0.000
0.007	0.004	0.758	0.000
0.009	0.004	0.772	0.000
0.013	0.002	0.793	0.000
0.014	0.001	0.800	0.000
0.010	0.001	0.793	0.000
0.006	0.003	0.787	0.000
0.006	0.007	0.792	0.000
0.008	0.009	0.801	0.000
0.009	0.010	0.802	0.000
0.009	0.008	0.794	0.000
0.008	0.005	0.788	0.000
0.008	0.004	0.787	0.000
0.010	0.004	0.790	0.000
0.011	0.006	0.788	0.000
0.010	0.008	0.781	0.000
0.009	0.007	0.774	0.000
0.009	0.005	0.770	0.000
0.011	0.004	0.767	0.000
0.012	0.003	0.758	0.000
0.013	0.006	0.743	0.000
0.013	0.010	0.724	0.000
0.012	0.014	0.704	0.000
0.012	0.016	0.686	0.000
0.014	0.014	0.665	0.000
0.016	0.012	0.641	0.000
0.017	0.012	0.613	0.000
0.017	0.016	0.582	0.000
0.016	0.020	0.549	0.000
0.016	0.024	0.515	0.000
0.016	0.025	0.481	0.000
0.016	0.024	0.452	0.000
0.016	0.021	0.430	0.000
0.016	0.019	0.411	0.000
0.015	0.016	0.394	0.000
0.013	0.013	0.376	0.000
0.012	0.010	0.359	0.000
0.011	0.008	0.341	0.000
0.012	0.007	0.326	0.000
0.012	0.006	0.311	0.000
0.012	0.006	0.296	0.000
0.011	0.005	0.280	0.000
0.011	0.005	0.266	0.000
0.011	0.005	0.256	0.000
0.011	0.005	0.249	0.000
0.011	0.006	0.244	0.000
0.011	0.006	0.242	0.000
0.010	0.006	0.240	0.000
0.010	0.005	0.240	0.000
0.008	0.005	0.242	0.000
0.007	0.004	0.244	0.000
0.005	0.004	0.248	0.000
0.004	0.004	0.252	0.000
0.003	0.005	0.258	0.000
0.002	0.005	0.264	0.000
0.002	0.004	0.269	0.000
0.002	0.003	0.273	0.000
0.003	0.002	0.276	0.000
0.003	0.002	0.279	0.000
0.003	0.002	0.283	0.000
0.003	0.003	0.287	0.000
0.003	0.002	0.292	0.000
0.003	0.002	0.300	0.000
0.003	0.002	0.308	0.000
0.003	0.002	0.317	0.000
0.002	0.002	0.327	0.000
0.002	0.002	0.337	0.000
0.002	0.002	0.348	0.000
0.003	0.002	0.359	0.000
0.003	0.002	0.372	0.000
0.003	0.002	0.383	0.000
0.002	0.002	0.394	0.000
0.002	0.001	0.405	0.000
0.002	0.001	0.415	0.000
0.002	0.001	0.424	0.000
0.001	0.001	0.433	0.000
0.001	0.001	0.441	0.000
0.001	0.001	0.449	0.000
0.001	0.001	0.455	0.000
0.002	0.001	0.459	0.000
0.002	0.001	0.462	0.000
0.001	0.001	0.463	0.000
0.001	0.000	0.465	0.000
0.001	-0.000	0.466	0.000
0.002	-0.000	0.468	0.000
0.002	0.000	0.472	0.000
0.002	0.000	0.478	0.000
0.002	0.000	0.485	0.000
0.002	0.000	0.490	0.000
0.002	0.000	0.494	0.000
0.001	0.000	0.499	0.000
0.002	0.000	0.503	0.000
0.002	0.000	0.506	0.000
0.003	0.000	0.509	0.000
0.003	0.000	0.511	0.000
0.002	0.000	0.513	0.000
0.002	0.001	0.516	0.000
0.002	0.001	0.519	0.000
0.003	0.001	0.522	0.000
0.004	0.001	0.523	0.000
0.004	0.001	0.521	0.000
0.004	0.001	0.518	0.000
0.004	0.002	0.516	0.000
0.004	0.004	0.515	0.000
0.004	0.006	0.515	0.000
0.004	0.007	0.512	0.000
0.004	0.006	0.510	0.000
0.004	0.004	0.507	0.000
0.004	0.002	0.504	0.000
0.004	0.002	0.501	0.000
0.004	0.002	0.497	0.000
0.004	0.002	0.491	0.000
0.004	0.002	0.483	0.000
0.004	0.001	0.474	0.000
0.004	0.001	0.464	0.000
0.005	0.001	0.452	0.000
0.007	0.001	0.439	0.000
0.007	0.001	0.425	0.000
0.007	0.001	0.409	0.000
0.006	0.002	0.390	0.000
0.007	0.003	0.365	0.000
0.009	0.003	0.336	0.000
0.011	0.003	0.305	0.000
0.010	0.002	0.275	0.000
0.008	0.003	0.246	0.000
0.006	0.004	0.219	0.000
0.006	0.006	0.190	0.000
0.006	0.007	0.160	0.000
0.007	0.006	0.130	0.000
0.006	0.005	0.103	0.000
0.004	0.003	0.080	0.000
0.003	0.003	0.064	0.000
0.003	0.003	0.056	0.000
0.003	0.003	0.058	0.000
0.003	0.002	0.069	0.000
0.003	0.002	0.085	0.000
0.002	0.002	0.104	0.000
0.002	0.002	0.125	0.000
0.002	0.002	0.146	0.000
0.003	0.002	0.167	0.000
0.003	0.002	0.190	0.000
0.002	0.002	0.213	0.000
0.002	0.003	0.237	0.000
0.001	0.003	0.260	0.000
0.001	0.004	0.282	0.000
0.001	0.003	0.304	0.000
0.001	0.003	0.325	0.000
0.001	0.003	0.347	0.000
0.001	0.003	0.367	0.000
0.001	0.002	0.387	0.000
0.002	0.001	0.406	0.000
0.002	0.001	0.424	0.000
0.002	0.002	0.442	0.000
0.003	0.003	0.458	0.000
0.007	0.005	0.471	0.000
0.018	0.006	0.481	0.000
0.053	0.006	0.490	0.000
0.100	0.005	0.502	0.000
0.145	0.005	0.516	0.000
0.191	0.007	0.531	0.000
0.271	0.008	0.545	0.000
0.410	0.012	0.556	0.000
0.603	0.018	0.564	0.000
0.820	0.018	0.568	0.000
1.043	0.012	0.567	0.000
1.275	0.006	0.560	0.000
1.515	0.008	0.550	0.000
1.748	0.015	0.542	0.000
1.991	0.019	0.535	0.000
2.266	0.016	0.526	0.000
2.536	0.010	0.513	0.000
2.744	0.006	0.496	0.000
2.862	0.008	0.480	0.000
2.950	0.009	0.466	0.000
3.039	0.006	0.455	0.000
3.127	0.001	0.442	0.000
3.164	-0.001	0.429	0.000
3.125	0.002	0.417	0.000
3.034	0.006	0.408	0.000
2.954	0.008	0.400	0.000
2.902	0.006	0.394	0.000
2.837	0.005	0.389	0.000
2.798	0.005	0.383	0.000
2.816	0.006	0.378	0.000
2.867	0.008	0.372	0.000
2.740	0.010	0.364	0.000
2.371	0.011	0.354	0.000
1.933	0.012	0.341	0.000
1.633	0.011	0.326	0.000
1.524	0.009	0.308	0.000
1.485	0.007	0.290	0.000
1.368	0.006	0.273	0.000
1.160	0.009	0.257	0.000
0.972	0.012	0.243	0.000
0.871	0.013	0.233	0.000
0.812	0.012	0.226	0.000
0.718	0.010	0.221	0.000
0.571	0.007	0.216	0.000
0.431	0.006	0.209	0.000
0.351	0.005	0.200	0.000
0.317	0.006	0.189	0.000
0.283	0.005	0.180	0.000
0.225	0.004	0.172	0.000
0.162	0.003	0.165	0.000
0.121	0.005	0.159	0.000
0.101	0.009	0.154	0.000
0.081	0.012	0.151	0.000
0.051	0.012	0.148	0.000
0.020	0.010	0.146	0.000
0.006	0.007	0.144	0.000
0.008	0.005	0.143	0.000
0.012	0.004	0.144	0.000
0.009	0.003	0.145	0.000
0.002	0.002	0.148	0.000
0.001	0.001	0.152	0.000
0.007	0.001	0.158	0.000
0.013	0.001	0.166	0.000
0.014	0.002	0.177	0.000
0.013	0.005	0.191	0.000
0.012	0.008	0.209	0.000
0.015	0.010	0.231	0.000
0.016	0.009	0.256	0.000
0.016	0.007	0.282	0.000
0.014	0.007	0.307	0.000
0.011	0.010	0.329	0.000
0.010	0.014	0.348	0.000
0.009	0.014	0.366	0.000
0.008	0.010	0.383	0.000
0.007	0.005	0.401	0.000
0.006	0.004	0.419	0.000
0.006	0.006	0.435	0.000
0.005	0.009	0.451	0.000
0.005	0.012	0.462	0.000
0.004	0.013	0.467	0.000
0.004	0.016	0.466	0.000
0.004	0.018	0.460	0.000
0.004	0.017	0.453	0.000
0.005	0.012	0.445	0.000
0.005	0.006	0.437	0.000
0.005	0.003	0.431	0.000
0.005	0.004	0.425	0.000
0.005	0.007	0.420	0.000
0.004	0.010	0.414	0.000
0.004	0.011	0.406	0.000
0.005	0.012	0.398	0.000
0.006	0.013	0.392	0.000
0.008	0.014	0.391	0.000
0.010	0.012	0.393	0.000
0.011	0.008	0.397	0.000
0.012	0.003	0.402	0.000
0.011	-0.001	0.408	0.000
0.009	-0.001	0.412	0.000
0.008	0.000	0.416	0.000
0.007	0.002	0.418	0.000
0.007	0.004	0.419	0.000
0.007	0.006	0.420	0.000
0.007	0.009	0.423	0.000
0.008	0.012	0.429	0.000
0.009	0.013	0.435	0.000
0.010	0.014	0.442	0.000
0.011	0.015	0.447	0.000
0.011	0.019	0.451	0.000
0.010	0.026	0.453	0.000
0.009	0.032	0.454	0.000
0.012	0.034	0.454	0.000
0.021	0.030	0.454	0.000
0.036	0.022	0.454	0.000
0.058	0.014	0.454	0.000
0.089	0.008	0.454	0.000
0.127	0.007	0.453	0.000
0.171	0.007	0.448	0.000
0.219	0.007	0.440	0.000
0.272	0.008	0.429	0.000
0.366	0.013	0.417	0.000
0.467	0.020	0.405	0.000
0.564	0.024	0.393	0.000
0.646	0.022	0.382	0.000
0.715	0.015	0.374	0.000
0.792	0.010	0.370	0.000
0.884	0.012	0.371	0.000
0.977	0.017	0.377	0.000
1.055	0.021	0.386	0.000
1.132	0.019	0.396	0.000
1.215	0.013	0.406	0.000
1.292	0.010	0.413	0.000
1.378	0.017	0.420	0.000
1.486	0.030	0.425	0.000
1.579	0.036	0.428	0.000
1.603	0.026	0.430	0.000
1.575	0.010	0.431	0.000
1.547	0.001	0.430	0.000
1.535	0.007	0.429	0.000
1.520	0.020	0.429	0.000
1.494	0.024	0.430	0.000
1.451	0.016	0.434	0.000
1.388	0.004	0.438	0.000
1.306	-0.001	0.444	0.000
1.234	0.001	0.451	0.000
1.170	0.004	0.460	0.000
1.142	0.004	0.471	0.000
1.142	0.000	0.485	0.000
1.110	0.000	0.501	0.000
1.020	0.004	0.518	0.000
0.896	0.008	0.535	0.000
0.796	0.008	0.550	0.000
0.757	0.006	0.563	0.000
0.758	0.005	0.573	0.000
0.741	0.006	0.581	0.000
0.675	0.007	0.585	0.000
0.601	0.006	0.588	0.000
0.562	0.005	0.591	0.000
0.561	0.005	0.592	0.000
0.559	0.006	0.593	0.000
0.519	0.006	0.594	0.000
0.453	0.008	0.596	0.000
0.394	0.011	0.600	0.000
0.359	0.016	0.603	0.000
0.337	0.018	0.605	0.000
0.311	0.016	0.606	0.000
0.276	0.013	0.608	0.000
0.239	0.013	0.611	0.000
0.211	0.018	0.613	0.000
0.195	0.027	0.615	0.000
0.185	0.035	0.617	0.000
0.173	0.038	0.618	0.000
0.158	0.037	0.618	0.000
0.141	0.037	0.615	0.000
0.132	0.039	0.606	0.000
0.131	0.040	0.591	0.000
0.133	0.036	0.572	0.000
0.132	0.027	0.550	0.000
0.127	0.019	0.526	0.000
0.123	0.016	0.501	0.000
0.123	0.019	0.475	0.000
0.125	0.025	0.447	0.000
0.126	0.029	0.418	0.000
0.124	0.032	0.388	0.000
0.123	0.035	0.356	0.000
0.125	0.039	0.324	0.000
0.129	0.043	0.291	0.000
0.134	0.046	0.258	0.000
0.135	0.047	0.227	0.000
0.129	0.047	0.200	0.000
0.119	0.046	0.177	0.000
0.109	0.049	0.159	0.000
0.110	0.056	0.147	0.000
0.120	0.064	0.144	0.000
0.134	0.067	0.150	0.000
0.184	0.066	0.165	0.000
0.232	0.070	0.184	0.000
0.242	0.089	0.205	0.000
0.208	0.126	0.226	0.000
0.202	0.169	0.245	0.001
0.230	0.196	0.265	0.001
0.264	0.202	0.284	0.001
0.263	0.196	0.304	0.001
0.241	0.194	0.325	0.001
0.226	0.202	0.345	0.001
0.241	0.213	0.365	0.001
0.276	0.223	0.384	0.001
0.295	0.234	0.403	0.001
0.283	0.254	0.421	0.001
0.259	0.284	0.438	0.001
0.252	0.319	0.454	0.001
0.267	0.351	0.469	0.001
0.294	0.378	0.484	0.001
0.314	0.403	0.498	0.001
0.314	0.432	0.512	0.001
0.305	0.468	0.525	0.001
0.300	0.509	0.539	0.001
0.312	0.542	0.552	0.001
0.338	0.560	0.567	0.001
0.369	0.563	0.581	0.001
0.392	0.564	0.596	0.001
0.406	0.576	0.609	0.001
0.420	0.602	0.622	0.001
0.451	0.637	0.635	0.001
0.477	0.666	0.647	0.001
0.481	0.686	0.659	0.001
0.458	0.697	0.672	0.001
0.437	0.703	0.686	0.001
0.431	0.695	0.699	0.001
0.436	0.666	0.713	0.001
0.435	0.619	0.725	0.001
0.423	0.572	0.737	0.001
0.405	0.538	0.749	0.001
0.397	0.515	0.760	0.001
0.401	0.489	0.770	0.001
0.402	0.454	0.779	0.001
0.392	0.418	0.786	0.001
0.375	0.398	0.794	0.001
0.363	0.389	0.801	0.001
0.359	0.369	0.809	0.001
0.357	0.332	0.818	0.001
0.345	0.305	0.828	0.001
0.329	0.330	0.839	0.001
0.317	0.418	0.849	0.001
0.319	0.517	0.858	0.001
0.338	0.566	0.867	0.001
0.357	0.545	0.875	0.001
0.356	0.500	0.881	0.001
0.329	0.494	0.886	0.001
0.294	0.541	0.890	0.001
0.265	0.601	0.893	0.001
0.240	0.630	0.897	0.001
0.213	0.623	0.900	0.001
0.184	0.609	0.904	0.001
0.162	0.600	0.906	0.001
0.153	0.582	0.907	0.001
0.158	0.539	0.908	0.001
0.182	0.480	0.908	0.001
0.215	0.432	0.908	0.001
0.246	0.410	0.907	0.001
0.264	0.407	0.907	0.001
0.269	0.407	0.906	0.001
0.276	0.408	0.905	0.001
0.289	0.427	0.903	0.001
0.318	0.476	0.902	0.001
0.349	0.535	0.900	0.001
0.372	0.559	0.898	0.001
0.384	0.517	0.896	0.001
0.395	0.418	0.895	0.001
0.412	0.305	0.893	0.001
0.433	0.219	0.893	0.001
0.443	0.169	0.893	0.001
0.432	0.142	0.892	0.001
0.403	0.125	0.891	0.001
0.366	0.120	0.888	0.001
0.327	0.143	0.884	0.001
0.289	0.194	0.879	0.001
0.258	0.260	0.873	0.001
0.247	0.317	0.865	0.001
0.258	0.363	0.856	0.001
0.281	0.402	0.846	0.001
0.331	0.441	0.836	0.001
0.376	0.481	0.826	0.001
0.404	0.512	0.815	0.001
0.406	0.528	0.805	0.001
0.403	0.519	0.795	0.001
0.410	0.469	0.785	0.001
0.441	0.386	0.775	0.001
0.485	0.315	0.763	0.001
0.529	0.295	0.752	0.001
0.561	0.353	0.740	0.001
0.580	0.503	0.728	0.001
0.586	0.716	0.717	0.001
0.586	0.906	0.707	0.001
0.585	0.976	0.697	0.001
0.595	0.895	0.688	0.001
0.606	0.755	0.680	0.001
0.602	0.680	0.674	0.001
0.594	0.724	0.670	0.001
0.613	0.831	0.668	0.001
0.644	0.899	0.667	0.001
0.662	0.895	0.666	0.001
0.644	0.872	0.665	0.001
0.600	0.916	0.664	0.001
0.555	1.029	0.663	0.001
0.523	1.127	0.663	0.002
0.502	1.131	0.662	0.002
0.478	1.040	0.661	0.002
0.449	0.913	0.659	0.002
0.416	0.802	0.658	0.001
0.390	0.725	0.656	0.001
0.371	0.661	0.654	0.001
0.356	0.578	0.652	0.001
0.337	0.464	0.649	0.001
0.314	0.354	0.647	0.001
0.297	0.318	0.644	0.001
0.286	0.393	0.642	0.001
0.277	0.499	0.640	0.001
0.271	0.504	0.638	0.001
0.267	0.359	0.637	0.001
0.264	0.159	0.636	0.001
0.269	0.044	0.635	0.001
0.278	0.059	0.636	0.001
0.288	0.127	0.636	0.001
0.296	0.151	0.636	0.001
0.308	0.119	0.637	0.001
0.310	0.091	0.637	0.001
0.300	0.116	0.637	0.001
0.285	0.172	0.637	0.001
0.286	0.206	0.635	0.001
0.321	0.194	0.634	0.001
0.387	0.156	0.633	0.001
0.464	0.127	0.633	0.001
0.526	0.128	0.633	0.001
0.567	0.163	0.634	0.001
0.615	0.233	0.635	0.001
0.672	0.334	0.636	0.001
0.720	0.443	0.637	0.001
0.745	0.536	0.638	0.001
0.746	0.610	0.639	0.001
0.758	0.687	0.640	0.001
0.790	0.755	0.641	0.001
0.839	0.781	0.641	0.001
0.880	0.740	0.642	0.001
0.905	0.686	0.644	0.001
0.923	0.723	0.645	0.001
0.940	0.905	0.647	0.001
0.952	1.120	0.648	0.001
0.946	1.215	0.650	0.001
0.940	1.155	0.653	0.002
0.959	1.055	0.655	0.002
0.991	1.031	0.658	0.002
0.998	1.089	0.660	0.002
0.962	1.143	0.663	0.002
0.910	1.131	0.665	0.002
0.879	1.140	0.667	0.002
0.882	1.213	0.669	0.002
0.891	1.277	0.670	0.002
0.862	1.226	0.671	0.002
0.808	1.066	0.672	0.002
0.771	0.923	0.673	0.002
0.769	0.894	0.673	0.002
0.791	0.947	0.674	0.002
0.802	0.960	0.674	0.002
0.800	0.868	0.675	0.001
0.796	0.717	0.676	0.001
0.802	0.571	0.677	0.001
0.798	0.506	0.679	0.001
0.768	0.508	0.680	0.001
0.736	0.506	0.680	0.001
0.740	0.458	0.680	0.001
0.803	0.385	0.679	0.001
0.912	0.339	0.678	0.001
1.027	0.366	0.677	0.001
1.127	0.457	0.675	0.001
1.223	0.604	0.673	0.001
1.330	0.690	0.671	0.001
1.522	0.744	0.669	0.001
1.697	0.771	0.665	0.001
1.766	0.729	0.661	0.001
1.743	0.604	0.654	0.001
1.734	0.447	0.646	0.001
1.801	0.383	0.636	0.001
1.920	0.453	0.624	0.001
2.031	0.583	0.610	0.001
2.090	0.680	0.595	0.001
2.109	0.661	0.580	0.001
2.129	0.570	0.565	0.001
2.185	0.513	0.551	0.001
2.233	0.573	0.538	0.001
2.200	0.772	0.526	0.001
2.101	1.059	0.515	0.001
1.974	1.305	0.505	0.001
1.874	1.369	0.494	0.001
1.835	1.288	0.484	0.002
1.847	1.234	0.474	0.002
1.932	1.388	0.463	0.002
2.084	1.792	0.452	0.002
2.244	2.312	0.440	0.002
2.368	2.765	0.427	0.002
2.477	3.072	0.415	0.002
2.648	3.279	0.405	0.002
2.888	3.475	0.396	0.003
3.160	3.723	0.390	0.003
3.374	4.041	0.386	0.003
3.550	4.428	0.384	0.003
3.735	4.844	0.385	0.003
3.992	5.266	0.388	0.003
4.337	5.726	0.393	0.003
4.724	6.298	0.399	0.004
5.086	7.043	0.407	0.004
5.398	7.935	0.416	0.004
5.665	8.867	0.427	0.004
5.946	9.780	0.437	0.004
6.277	10.701	0.448	0.005
6.638	11.716	0.458	0.005
6.956	12.923	0.469	0.005
7.391	14.392	0.480	0.005
7.662	16.123	0.492	0.006
7.725	18.245	0.504	0.006
7.712	20.588	0.518	0.006
7.852	22.572	0.532	0.007
8.265	23.573	0.546	0.007
8.961	23.531	0.561	0.007
9.597	23.161	0.576	0.007
9.876	23.480	0.591	0.007
9.889	24.692	0.606	0.008
9.863	26.106	0.620	0.008
9.992	27.157	0.633	0.008
10.302	27.887	0.646	0.008
10.673	28.593	0.658	0.008
10.979	29.235	0.672	0.008
11.211	29.391	0.687	0.008
11.466	29.123	0.702	0.008
11.423	29.484	0.716	0.008
11.302	31.203	0.730	0.009
11.356	33.500	0.743	0.009
11.709	34.583	0.756	0.009
12.184	33.693	0.768	0.009
12.543	32.193	0.779	0.009
12.615	32.297	0.790	0.009
12.467	34.546	0.800	0.009
12.290	37.148	0.811	0.009
12.100	38.085	0.820	0.009
11.899	37.222	0.830	0.009
11.740	35.924	0.839	0.009
11.579	35.300	0.848	0.009
11.353	34.940	0.857	0.009
11.000	33.934	0.866	0.009
10.570	32.177	0.874	0.009
10.185	30.490	0.883	0.009
9.926	29.534	0.891	0.009
9.891	29.147	0.899	0.009
9.621	28.648	0.906	0.009
8.899	27.973	0.912	0.008
7.916	27.508	0.918	0.008
7.084	27.262	0.924	0.008
6.567	26.400	0.929	0.008
6.189	24.041	0.933	0.008
5.748	20.350	0.937	0.008
5.228	16.588	0.941	0.007
4.831	13.864	0.944	0.007
4.715	12.218	0.948	0.006
4.791	10.860	0.951	0.006
4.817	9.171	0.954	0.006
4.699	7.260	0.956	0.005
4.558	5.627	0.959	0.005
4.606	4.522	0.961	0.004
4.832	3.772	0.963	0.004
4.969	3.120	0.965	0.004
4.839	2.550	0.966	0.003
4.526	2.180	0.967	0.003
4.265	1.978	0.968	0.003
4.211	1.768	0.969	0.002
4.276	1.427	0.969	0.002
4.278	1.044	0.970	0.002
4.148	0.816	0.970	0.002
3.971	0.800	0.970	0.002
3.853	0.871	0.971	0.002
3.826	0.881	0.971	0.002
3.869	0.811	0.971	0.001
3.864	0.711	0.971	0.001
3.785	0.604	0.971	0.001
3.659	0.471	0.972	0.001
3.523	0.331	0.972	0.001
3.375	0.273	0.972	0.001
3.230	0.367	0.972	0.001
3.084	0.556	0.973	0.001
2.922	0.690	0.974	0.001
2.818	0.660	0.974	0.001
2.775	0.490	0.975	0.001
2.725	0.294	0.976	0.001
2.625	0.167	0.976	0.001
2.473	0.122	0.977	0.001
2.302	0.111	0.977	0.001
2.161	0.096	0.978	0.001
2.073	0.086	0.978	0.001
2.044	0.107	0.979	0.001
2.009	0.164	0.979	0.001
1.939	0.242	0.979	0.001
1.782	0.313	0.979	0.001
1.569	0.374	0.979	0.001
1.378	0.452	0.979	0.001
1.293	0.564	0.978	0.001
1.315	0.658	0.977	0.001
1.358	0.683	0.977	0.001
1.345	0.669	0.975	0.001
1.259	0.738	0.974	0.001
1.148	0.948	0.972	0.001
1.077	1.156	0.970	0.001
1.129	1.153	0.967	0.001
1.193	0.927	0.963	0.001
1.170	0.711	0.959	0.002
1.048	0.763	0.955	0.002
0.909	1.102	0.950	0.002
0.837	1.484	0.944	0.002
0.861	1.664	0.937	0.002
0.922	1.629	0.930	0.002
0.962	1.582	0.922	0.002
0.960	1.674	0.913	0.002
0.948	1.851	0.903	0.002
0.951	1.940	0.893	0.002
0.970	1.857	0.881	0.002
0.991	1.692	0.869	0.002
1.030	1.605	0.855	0.002
1.079	1.656	0.841	0.002
1.125	1.775	0.827	0.002
1.166	1.849	0.811	0.002
1.223	1.817	0.795	0.002
1.310	1.698	0.778	0.002
1.416	1.571	0.761	0.002
1.518	1.514	0.743	0.002
1.592	1.571	0.724	0.002
1.633	1.736	0.705	0.002
1.660	1.957	0.686	0.002
1.703	2.157	0.666	0.002
1.767	2.273	0.646	0.002
1.847	2.289	0.627	0.002
1.922	2.263	0.608	0.002
2.028	2.277	0.589	0.002
2.194	2.333	0.570	0.002
2.414	2.382	0.551	0.002
2.650	2.402	0.532	0.002
2.856	2.453	0.512	0.002
3.046	2.637	0.493	0.002
3.286	2.911	0.473	0.003
3.636	3.107	0.453	0.003
4.115	3.106	0.433	0.003
4.666	2.960	0.413	0.003
5.225	2.839	0.393	0.003
5.744	2.877	0.374	0.003
6.349	3.051	0.355	0.003
6.765	3.231	0.336	0.003
6.742	3.407	0.319	0.003
6.235	3.680	0.302	0.003
5.595	4.094	0.287	0.003
5.188	4.409	0.273	0.003
5.127	4.311	0.261	0.003
5.230	3.841	0.252	0.003
5.271	3.446	0.246	0.003
5.275	3.583	0.243	0.003
5.376	4.337	0.243	0.003
5.580	5.347	0.246	0.003
5.805	6.236	0.253	0.003
5.977	6.931	0.263	0.004
6.101	7.559	0.274	0.004
6.227	8.183	0.288	0.004
6.365	8.720	0.302	0.004
6.486	9.086	0.318	0.004
6.552	9.261	0.333	0.004
6.548	9.276	0.349	0.005
6.531	9.189	0.365	0.005
6.528	9.062	0.382	0.005
6.476	8.932	0.399	0.005
6.307	8.748	0.416	0.005
6.125	8.369	0.434	0.005
6.065	7.594	0.451	0.004
6.132	6.412	0.469	0.004
6.212	5.104	0.486	0.004
6.211	4.062	0.502	0.004
6.096	3.477	0.519	0.004
5.903	3.197	0.535	0.003
5.686	2.910	0.551	0.003
5.480	2.493	0.568	0.003
5.312	2.060	0.584	0.003
5.228	1.753	0.601	0.002
5.206	1.559	0.618	0.002
5.178	1.374	0.635	0.002
5.088	1.155	0.652	0.002
4.925	0.974	0.669	0.002
4.748	0.890	0.686	0.002
4.563	0.871	0.704	0.002
4.365	0.841	0.721	0.002
4.177	0.761	0.738	0.001
4.056	0.642	0.756	0.001
4.033	0.509	0.774	0.001
4.061	0.364	0.792	0.001
4.063	0.249	0.809	0.001
4.021	0.230	0.826	0.001
3.987	0.308	0.842	0.001
3.983	0.383	0.857	0.001
3.959	0.358	0.871	0.001
3.870	0.247	0.884	0.001
3.725	0.165	0.895	0.001
3.573	0.202	0.905	0.001
3.447	0.327	0.914	0.001
3.332	0.446	0.921	0.001
3.203	0.521	0.928	0.001
3.074	0.609	0.933	0.001
2.956	0.770	0.938	0.001
2.846	0.952	0.942	0.001
2.715	1.060	0.945	0.001
2.608	1.083	0.948	0.001
2.532	1.100	0.950	0.002
2.410	1.192	0.952	0.002
2.180	1.365	0.954	0.002
1.868	1.540	0.955	0.002
1.583	1.601	0.955	0.002
1.424	1.479	0.956	0.002
1.394	1.192	0.957	0.002
1.397	0.834	0.957	0.002
1.356	0.518	0.957	0.002
1.287	0.316	0.957	0.001
1.265	0.228	0.957	0.001
1.308	0.197	0.958	0.001
1.364	0.162	0.958	0.001
1.372	0.104	0.958	0.001
1.327	0.057	0.958	0.001
1.302	0.066	0.959	0.001
1.354	0.141	0.959	0.001
1.493	0.264	0.960	0.001
1.654	0.425	0.959	0.001
1.762	0.648	0.959	0.001
1.820	0.968	0.957	0.001
1.830	1.382	0.954	0.001
1.840	1.844	0.950	0.002
1.901	2.283	0.945	0.002
2.015	2.656	0.939	0.002
2.154	2.970	0.932	0.002
2.275	3.260	0.925	0.002
2.311	3.548	0.917	0.003
2.319	3.816	0.909	0.003
2.361	4.017	0.901	0.003
2.459	4.125	0.892	0.003
2.633	4.175	0.883	0.003
2.781	4.217	0.872	0.003
2.864	4.362	0.861	0.003
2.871	4.715	0.848	0.003
2.896	5.255	0.834	0.003
2.979	5.773	0.819	0.003
3.151	6.048	0.804	0.004
3.274	6.067	0.787	0.004
3.184	6.145	0.769	0.004
2.982	6.578	0.750	0.004
2.893	7.117	0.731	0.004
2.981	7.295	0.712	0.004
3.115	6.982	0.692	0.004
3.103	6.569	0.672	0.004
2.946	6.499	0.653	0.004
2.769	6.766	0.633	0.004
2.673	6.945	0.613	0.004
2.693	6.767	0.593	0.004
2.695	6.289	0.572	0.004
2.610	5.725	0.551	0.004
2.498	5.185	0.530	0.004
2.468	4.746	0.508	0.004
2.546	4.410	0.487	0.004
2.686	4.164	0.464	0.003
2.802	3.995	0.442	0.003
2.776	3.908	0.419	0.003
2.720	4.017	0.397	0.003
2.746	4.355	0.376	0.003
2.906	4.667	0.355	0.003
3.079	4.804	0.333	0.003
3.125	4.928	0.312	0.003
3.030	5.035	0.291	0.003
2.906	5.323	0.271	0.003
2.889	5.557	0.252	0.004
2.954	5.435	0.234	0.004
2.965	5.007	0.217	0.004
2.869	4.624	0.201	0.004
2.710	4.465	0.187	0.003
2.621	4.374	0.176	0.003
2.666	4.106	0.167	0.003
2.726	3.641	0.160	0.003
2.665	3.293	0.156	0.003
2.479	3.298	0.154	0.003
2.313	3.493	0.156	0.003
2.274	3.479	0.162	0.003
2.307	3.052	0.172	0.003
2.305	2.423	0.184	0.003
2.230	1.963	0.199	0.003
2.134	1.791	0.214	0.002
2.107	1.712	0.230	0.002
2.168	1.518	0.247	0.002
2.253	1.228	0.264	0.002
2.272	1.011	0.283	0.002
2.256	0.948	0.303	0.002
2.256	0.955	0.324	0.002
2.279	0.918	0.347	0.002
2.293	0.847	0.372	0.002
2.259	0.837	0.397	0.002
2.189	0.919	0.421	0.001
2.163	1.010	0.444	0.001
2.174	1.020	0.468	0.001
2.154	0.956	0.493	0.001
2.056	0.899	0.518	0.001
1.908	0.891	0.543	0.001
1.755	0.880	0.566	0.001
1.631	0.798	0.589	0.001
1.529	0.650	0.612	0.001
1.463	0.521	0.635	0.001
1.381	0.472	0.657	0.001
1.286	0.513	0.679	0.001
1.195	0.599	0.699	0.001
1.145	0.670	0.716	0.001
1.198	0.676	0.730	0.001
1.309	0.597	0.744	0.001
1.406	0.457	0.759	0.001
1.434	0.319	0.773	0.001
1.418	0.243	0.786	0.001
1.420	0.257	0.799	0.001
1.456	0.358	0.810	0.001
1.503	0.523	0.821	0.001
1.527	0.718	0.831	0.001
1.564	0.900	0.839	0.001
1.622	1.024	0.845	0.001
1.709	1.070	0.850	0.001
1.802	1.062	0.853	0.001
1.878	1.061	0.855	0.002
1.938	1.115	0.855	0.002
1.995	1.236	0.856	0.002
2.035	1.410	0.856	0.002
2.039	1.613	0.856	0.002
2.035	1.814	0.855	0.002
2.010	1.992	0.854	0.002
1.961	2.126	0.854	0.002
1.891	2.207	0.855	0.002
1.830	2.245	0.856	0.002
1.799	2.252	0.858	0.002
1.806	2.223	0.860	0.002
1.817	2.179	0.862	0.002
1.806	2.180	0.865	0.002
1.750	2.275	0.867	0.002
1.649	2.422	0.870	0.002
1.572	2.489	0.872	0.002
1.520	2.365	0.873	0.002
1.478	2.112	0.874	0.002
1.436	1.891	0.874	0.002
1.403	1.815	0.875	0.002
1.379	1.859	0.874	0.002
1.343	1.927	0.873	0.002
1.304	1.952	0.870	0.002
1.280	1.966	0.867	0.002
1.284	2.047	0.863	0.002
1.276	2.197	0.859	0.002
1.247	2.426	0.857	0.002
1.226	2.738	0.855	0.002
1.243	3.064	0.854	0.002
1.253	3.253	0.853	0.003
1.239	3.163	0.852	0.003
1.165	2.834	0.853	0.003
1.054	2.483	0.853	0.003
0.963	2.248	0.853	0.003
0.918	2.086	0.852	0.002
0.902	1.899	0.851	0.002
0.874	1.689	0.850	0.002
0.834	1.558	0.849	0.002
0.795	1.479	0.849	0.002
0.786	1.298	0.849	0.002
0.825	0.931	0.848	0.002
0.867	0.501	0.848	0.002
0.889	0.229	0.848	0.001
0.876	0.206	0.848	0.001
0.835	0.290	0.847	0.001
0.792	0.294	0.846	0.001
0.781	0.174	0.846	0.001
0.792	0.047	0.845	0.001
0.805	0.022	0.845	0.001
0.809	0.090	0.845	0.001
0.801	0.160	0.844	0.001
0.792	0.188	0.843	0.001
0.792	0.213	0.842	0.001
0.799	0.294	0.839	0.001
0.800	0.427	0.836	0.001
0.805	0.569	0.832	0.001
0.805	0.685	0.828	0.001
0.794	0.786	0.824	0.001
0.796	0.898	0.818	0.001
0.807	1.023	0.811	0.001
0.809	1.148	0.803	0.001
0.807	1.273	0.792	0.002
0.803	1.401	0.778	0.002
0.805	1.512	0.762	0.002
0.816	1.589	0.745	0.002
0.838	1.645	0.726	0.002
0.874	1.732	0.708	0.002
0.924	1.904	0.689	0.002
1.006	2.167	0.671	0.002
1.104	2.483	0.654	0.002
1.188	2.803	0.639	0.002
1.254	3.117	0.624	0.002
1.316	3.416	0.609	0.003
1.387	3.678	0.594	0.003
1.484	3.884	0.579	0.003
1.604	4.010	0.564	0.003
1.719	4.070	0.550	0.003
1.833	4.115	0.537	0.003
1.930	4.198	0.526	0.003
2.002	4.333	0.518	0.003
2.055	4.479	0.512	0.003
2.100	4.553	0.507	0.003
2.131	4.522	0.505	0.003
2.156	4.420	0.505	0.003
2.235	4.302	0.507	0.003
2.299	4.159	0.510	0.003
2.301	3.975	0.514	0.003
2.262	3.760	0.519	0.003
2.251	3.532	0.525	0.003
2.266	3.278	0.533	0.003
2.278	2.967	0.541	0.003
2.267	2.604	0.548	0.003
2.259	2.267	0.555	0.003
2.273	2.007	0.563	0.003
2.306	1.797	0.570	0.002
2.303	1.573	0.577	0.002
2.274	1.316	0.584	0.002
2.252	1.085	0.590	0.002
2.278	0.945	0.594	0.002
2.325	0.895	0.598	0.002
2.370	0.879	0.600	0.002
2.386	0.861	0.603	0.002
2.391	0.851	0.605	0.002
2.439	0.866	0.607	0.001
2.579	0.882	0.609	0.001
2.732	0.850	0.608	0.001
2.813	0.757	0.608	0.001
2.792	0.648	0.608	0.001
2.736	0.580	0.609	0.001
2.759	0.570	0.611	0.001
2.865	0.585	0.613	0.001
2.974	0.590	0.616	0.001
3.024	0.583	0.619	0.001
3.124	0.591	0.624	0.001
3.282	0.645	0.630	0.001
3.469	0.757	0.637	0.001
3.626	0.927	0.645	0.001
3.734	1.155	0.652	0.001
3.867	1.450	0.659	0.002
4.009	1.798	0.666	0.002
4.061	2.211	0.672	0.002
4.000	2.705	0.677	0.002
3.820	3.261	0.681	0.002
3.597	3.794	0.684	0.003
3.418	4.167	0.687	0.003
3.303	4.303	0.690	0.003
3.186	4.275	0.693	0.003
3.032	4.247	0.696	0.003
2.887	4.323	0.700	0.003
2.794	4.455	0.704	0.003
2.728	4.470	0.709	0.003
2.646	4.276	0.714	0.003
2.524	3.928	0.719	0.003
2.451	3.594	0.725	0.003
2.457	3.387	0.731	0.003
2.457	3.296	0.737	0.003
2.414	3.237	0.743	0.003
2.400	3.086	0.750	0.003
2.458	2.789	0.756	0.003
2.575	2.465	0.763	0.003
2.696	2.353	0.769	0.003
2.809	2.640	0.775	0.003
2.893	3.273	0.782	0.003
2.947	3.974	0.789	0.003
3.004	4.534	0.795	0.003
3.031	4.929	0.801	0.003
3.011	5.208	0.805	0.003
2.962	5.281	0.811	0.003
2.925	5.172	0.817	0.003
2.931	5.124	0.824	0.003
2.907	5.350	0.830	0.004
2.808	5.648	0.835	0.004
2.632	5.499	0.840	0.003
2.489	4.624	0.844	0.003
2.465	3.374	0.848	0.003
2.562	2.365	0.850	0.003
2.685	1.895	0.852	0.003
2.761	1.775	0.852	0.003
2.786	1.659	0.850	0.002
2.836	1.427	0.849	0.002
2.886	1.190	0.847	0.002
2.875	1.077	0.844	0.002
2.805	1.073	0.841	0.002
2.747	1.136	0.837	0.002
2.837	1.085	0.834	0.002
3.012	0.884	0.830	0.001
3.102	0.851	0.826	0.001
3.038	1.213	0.821	0.001
2.940	1.676	0.816	0.001
2.941	1.783	0.813	0.001
3.039	1.581	0.810	0.002
3.108	1.516	0.807	0.002
3.092	1.948	0.805	0.002
3.007	2.752	0.802	0.002
2.973	3.357	0.799	0.002
3.028	3.337	0.797	0.002
3.084	2.861	0.794	0.003
3.077	2.524	0.793	0.003
3.023	2.835	0.791	0.003
2.962	3.750	0.791	0.003
2.980	4.670	0.791	0.003
3.069	5.036	0.792	0.003
3.159	4.838	0.793	0.003
3.161	4.675	0.795	0.003
3.072	4.879	0.798	0.003
2.974	5.131	0.801	0.003
2.950	4.954	0.804	0.003
3.015	4.407	0.807	0.003
3.090	4.206	0.809	0.003
3.108	5.024	0.811	0.003
3.061	6.354	0.812	0.004
3.026	7.066	0.811	0.004
3.046	6.627	0.810	0.004
3.090	5.711	0.809	0.004
3.065	5.442	0.808	0.004
2.967	6.205	0.807	0.004
2.830	7.260	0.806	0.004
2.731	7.693	0.803	0.004
2.702	7.348	0.800	0.004
2.692	6.801	0.795	0.004
2.669	6.699	0.791	0.004
2.579	7.173	0.787	0.004
2.464	8.047	0.783	0.004
2.332	9.159	0.778	0.004
2.218	10.180	0.772	0.004
2.102	10.465	0.766	0.005
1.983	9.549	0.760	0.005
1.887	7.639	0.754	0.004
1.886	5.763	0.748	0.004
1.942	4.832	0.742	0.004
1.948	4.884	0.736	0.004
1.850	5.207	0.731	0.004
1.653	5.165	0.725	0.004
1.482	4.724	0.720	0.004
1.423	4.245	0.715	0.003
1.425	3.884	0.711	0.003
1.392	3.462	0.708	0.003
1.349	2.823	0.706	0.003
1.283	2.113	0.705	0.003
1.226	1.663	0.703	0.003
1.143	1.601	0.702	0.002
1.041	1.728	0.702	0.002
0.944	1.763	0.701	0.002
0.899	1.611	0.702	0.002
0.905	1.369	0.704	0.002
0.918	1.157	0.708	0.002
0.906	0.978	0.713	0.002
0.886	0.807	0.719	0.002
0.893	0.640	0.727	0.002
0.921	0.510	0.735	0.001
0.952	0.429	0.744	0.001
0.981	0.399	0.754	0.001
1.015	0.431	0.764	0.001
1.036	0.628	0.773	0.001
1.044	1.026	0.781	0.001
1.054	1.502	0.789	0.001
1.072	1.798	0.795	0.002
1.104	1.781	0.800	0.002
1.142	1.618	0.805	0.002
1.189	1.664	0.810	0.002
1.265	1.994	0.815	0.002
1.368	2.280	0.820	0.002
1.472	2.208	0.826	0.002
1.504	1.928	0.832	0.002
1.532	1.903	0.838	0.002
1.673	2.284	0.846	0.002
1.899	2.743	0.854	0.002
2.081	2.896	0.862	0.002
2.120	2.815	0.868	0.003
2.039	2.927	0.872	0.003
1.970	3.465	0.875	0.003
2.030	4.105	0.878	0.003
2.168	4.349	0.880	0.003
2.254	4.062	0.883	0.003
2.238	3.552	0.884	0.003
2.154	3.177	0.886	0.003
2.156	3.012	0.887	0.003
2.234	2.853	0.889	0.003
2.387	2.540	0.892	0.003
2.586	2.152	0.894	0.003
2.910	1.900	0.897	0.002
3.311	1.863	0.899	0.002
3.634	1.966	0.901	0.002
3.769	2.061	0.903	0.002
3.625	2.063	0.905	0.002
3.398	1.996	0.907	0.002
3.344	1.906	0.909	0.002
3.454	1.806	0.910	0.002
3.491	1.680	0.912	0.002
3.357	1.519	0.913	0.002
3.230	1.375	0.913	0.002
3.371	1.303	0.912	0.002
3.723	1.307	0.911	0.002
4.054	1.340	0.910	0.002
4.181	1.337	0.909	0.002
4.196	1.318	0.908	0.002
4.281	1.370	0.907	0.002
4.494	1.529	0.906	0.002
4.817	1.722	0.905	0.002
5.035	1.822	0.903	0.002
5.069	1.786	0.902	0.002
5.009	1.708	0.900	0.002
4.920	1.667	0.898	0.002
4.964	1.642	0.896	0.002
5.222	1.569	0.894	0.002
5.571	1.444	0.892	0.002
5.791	1.357	0.890	0.002
5.663	1.372	0.887	0.002
5.210	1.483	0.885	0.002
4.737	1.649	0.883	0.002
4.359	1.868	0.880	0.002
4.062	2.161	0.878	0.002
3.762	2.489	0.876	0.002
3.509	2.758	0.874	0.002
3.406	2.933	0.871	0.002
3.508	3.129	0.867	0.003
3.734	3.492	0.863	0.003
3.938	4.034	0.860	0.003
4.099	4.603	0.858	0.003
4.301	5.070	0.856	0.003
4.597	5.535	0.854	0.003
4.930	6.269	0.852	0.004
5.219	7.401	0.852	0.004
5.364	8.705	0.851	0.004
5.390	9.720	0.852	0.004
5.444	10.162	0.853	0.004
5.574	10.165	0.854	0.005
5.782	10.134	0.856	0.005
5.973	10.385	0.859	0.005
6.166	10.866	0.862	0.005
6.375	11.258	0.866	0.005
6.574	11.335	0.870	0.005
6.669	11.246	0.874	0.005
6.613	11.395	0.878	0.005
6.511	12.060	0.881	0.005
6.513	13.058	0.885	0.005
6.654	13.925	0.888	0.005
6.832	14.347	0.891	0.006
6.898	14.401	0.894	0.006
6.825	14.381	0.898	0.006
6.775	14.478	0.901	0.006
6.780	14.640	0.905	0.006
6.722	14.725	0.908	0.006
6.551	14.693	0.910	0.006
6.301	14.602	0.913	0.006
6.173	14.462	0.915	0.006
6.340	14.182	0.918	0.006
6.662	13.698	0.919	0.006
6.827	13.130	0.921	0.006
6.634	12.652	0.923	0.006
6.225	12.248	0.924	0.006
5.884	11.621	0.925	0.005
5.791	10.465	0.927	0.005
5.835	8.829	0.928	0.005
5.857	7.143	0.929	0.005
5.712	5.818	0.930	0.005
5.499	4.935	0.931	0.004
5.325	4.309	0.931	0.004
5.284	3.859	0.932	0.004
5.415	3.688	0.932	0.003
5.753	3.806	0.931	0.003
6.240	3.954	0.931	0.003
6.810	3.831	0.930	0.003
7.345	3.472	0.929	0.003
7.793	3.267	0.928	0.003
8.188	3.510	0.927	0.003
8.583	4.104	0.926	0.003
8.942	4.710	0.924	0.003
9.155	5.151	0.922	0.003
9.229	5.601	0.918	0.003
9.269	6.401	0.914	0.004
9.413	7.713	0.908	0.004
9.754	9.403	0.902	0.004
10.262	11.196	0.895	0.004
10.859	12.938	0.888	0.005
11.512	14.639	0.879	0.005
12.272	16.298	0.870	0.006
13.223	17.818	0.861	0.006
14.198	19.150	0.851	0.006
14.933	20.422	0.842	0.006
15.330	21.823	0.832	0.007
15.651	23.291	0.822	0.007
16.237	24.612	0.812	0.007
16.986	25.825	0.802	0.007
17.351	27.293	0.791	0.008
17.072	29.255	0.781	0.008
16.568	31.252	0.771	0.008
16.376	32.420	0.762	0.008
16.582	32.449	0.753	0.008
16.788	31.894	0.743	0.009
16.739	31.484	0.734	0.009
16.634	31.253	0.724	0.009
16.794	30.629	0.714	0.009
17.256	29.438	0.704	0.009
17.856	28.283	0.693	0.009
18.515	27.867	0.681	0.008
19.354	28.216	0.669	0.008
20.453	28.858	0.656	0.008
21.653	29.683	0.642	0.008
22.772	31.239	0.627	0.009
23.846	34.037	0.612	0.009
24.968	37.906	0.596	0.009
26.313	42.355	0.580	0.009
27.972	47.351	0.564	0.010
29.845	53.387	0.548	0.010
31.895	60.603	0.533	0.011
33.942	68.063	0.518	0.011
35.784	74.376	0.504	0.012
37.271	78.991	0.491	0.013
38.408	82.669	0.479	0.013
39.164	86.596	0.469	0.014
39.563	91.131	0.459	0.014
39.630	95.497	0.451	0.014
39.459	98.659	0.443	0.015
39.223	100.233	0.438	0.015
39.191	100.504	0.434	0.015
39.233	99.920	0.431	0.015
39.072	98.504	0.429	0.015
38.616	95.917	0.428	0.015
37.879	92.138	0.429	0.015
36.885	87.902	0.431	0.015
35.801	84.251	0.434	0.015
34.712	81.529	0.438	0.015
33.598	79.038	0.443	0.014
32.442	75.744	0.448	0.014
31.176	71.500	0.454	0.014
29.877	67.282	0.460	0.013
28.790	64.028	0.466	0.013
27.964	61.648	0.473	0.013
27.298	59.135	0.480	0.012
26.518	55.615	0.488	0.012
25.482	51.448	0.495	0.012
24.286	47.926	0.503	0.012
23.157	45.879	0.511	0.011
22.354	45.017	0.520	0.011
21.829	44.209	0.528	0.011
21.365	42.798	0.537	0.011
20.846	41.192	0.547	0.010
20.334	40.192	0.556	0.010
19.779	40.090	0.566	0.010
19.178	40.592	0.576	0.010
18.506	41.202	0.585	0.010
17.892	41.595	0.595	0.010
17.258	41.486	0.605	0.010
16.698	40.715	0.615	0.010
16.242	39.234	0.626	0.010
15.928	37.284	0.636	0.010
15.486	35.418	0.646	0.010
15.129	34.278	0.657	0.010
14.748	33.937	0.667	0.009
14.405	34.107	0.678	0.009
14.011	34.322	0.689	0.009
13.547	34.472	0.700	0.009
13.025	34.718	0.711	0.009
12.570	34.952	0.721	0.009
12.201	34.549	0.731	0.009
11.883	33.136	0.741	0.009
11.515	30.917	0.750	0.009
11.014	28.596	0.758	0.009
10.421	26.637	0.766	0.009
9.850	24.855	0.773	0.008
9.353	22.726	0.779	0.008
8.936	20.081	0.785	0.008
8.533	17.253	0.790	0.007
8.110	14.672	0.794	0.007
7.716	12.492	0.798	0.006
7.455	10.651	0.801	0.006
7.373	9.094	0.803	0.006
7.518	7.889	0.804	0.005
7.895	7.094	0.805	0.005
8.444	6.699	0.805	0.005
9.015	6.666	0.804	0.004
9.499	6.895	0.802	0.004
9.839	7.243	0.800	0.004
10.207	7.501	0.797	0.004
10.718	7.435	0.793	0.004
11.200	7.033	0.788	0.004
11.426	6.482	0.784	0.004
11.382	6.156	0.778	0.004
11.235	6.191	0.772	0.004
11.109	6.426	0.766	0.004
11.044	6.581	0.759	0.004
11.001	6.565	0.752	0.004
10.902	6.473	0.745	0.004
10.806	6.440	0.737	0.004
10.674	6.485	0.728	0.004
10.445	6.582	0.720	0.004
10.136	6.720	0.711	0.004
9.835	6.913	0.702	0.004
9.594	7.155	0.692	0.004
9.435	7.375	0.682	0.004
9.294	7.472	0.671	0.004
9.127	7.399	0.660	0.004
8.986	7.212	0.648	0.004
8.906	7.030	0.636	0.004
8.882	7.010	0.624	0.004
8.837	7.277	0.612	0.004
8.772	7.836	0.599	0.004
8.662	8.536	0.586	0.004
8.545	9.169	0.573	0.004
8.486	9.635	0.561	0.005
8.450	9.981	0.548	0.005
8.461	10.299	0.535	0.005
8.382	10.619	0.523	0.005
8.243	10.922	0.511	0.005
8.134	11.205	0.499	0.005
8.143	11.549	0.488	0.005
8.254	12.052	0.477	0.005
8.370	12.734	0.467	0.005
8.390	13.487	0.457	0.005
8.316	14.125	0.448	0.006
8.264	14.534	0.439	0.006
8.281	14.742	0.430	0.006
8.323	15.014	0.422	0.006
8.295	15.543	0.415	0.006
8.188	16.180	0.408	0.006
8.049	16.612	0.402	0.006
7.912	16.757	0.396	0.006
7.751	16.911	0.391	0.006
7.559	17.486	0.387	0.006
7.317	18.310	0.382	0.006
6.992	18.835	0.378	0.006
6.565	18.688	0.375	0.007
6.089	17.961	0.371	0.007
5.679	16.956	0.368	0.006
5.401	15.849	0.365	0.006
5.201	14.665	0.362	0.006
4.960	13.468	0.359	0.006
4.629	12.444	0.357	0.006
4.297	11.742	0.354	0.006
4.064	11.304	0.352	0.006
3.937	10.924	0.350	0.005
3.832	10.436	0.349	0.005
3.684	9.807	0.347	0.005
3.559	9.097	0.346	0.005
3.492	8.391	0.346	0.005
3.446	7.800	0.345	0.005
3.387	7.438	0.345	0.005
3.344	7.340	0.345	0.004
3.340	7.390	0.346	0.004
3.307	7.398	0.347	0.004
3.190	7.258	0.349	0.004
3.039	7.009	0.351	0.004
2.926	6.738	0.354	0.004
2.879	6.475	0.357	0.004
2.833	6.209	0.361	0.004
2.705	5.959	0.365	0.004
2.523	5.753	0.370	0.004
2.392	5.533	0.375	0.004
2.367	5.147	0.381	0.004
2.393	4.515	0.388	0.004
2.386	3.756	0.396	0.003
2.329	3.126	0.405	0.003
2.298	2.784	0.414	0.003
2.321	2.656	0.424	0.003
2.362	2.527	0.435	0.003
2.350	2.272	0.446	0.003
2.287	1.949	0.457	0.002
2.224	1.686	0.468	0.002
2.205	1.515	0.478	0.002
2.202	1.360	0.489	0.002
2.189	1.160	0.499	0.002
2.142	0.951	0.509	0.002
2.074	0.818	0.518	0.002
2.015	0.780	0.526	0.002
1.982	0.772	0.534	0.002
1.976	0.730	0.540	0.001
1.966	0.655	0.546	0.001
1.933	0.599	0.550	0.001
1.882	0.598	0.553	0.001
1.826	0.637	0.555	0.001
1.783	0.681	0.556	0.001
1.752	0.726	0.557	0.001
1.734	0.806	0.558	0.001
1.713	0.959	0.558	0.001
1.690	1.181	0.558	0.001
1.659	1.431	0.558	0.002
1.633	1.663	0.559	0.002
1.639	1.873	0.559	0.002
1.688	2.111	0.559	0.002
1.747	2.439	0.559	0.002
1.769	2.852	0.559	0.002
1.761	3.259	0.560	0.002
1.762	3.553	0.561	0.003
1.816	3.689	0.561	0.003
1.861	3.684	0.562	0.003
1.787	3.588	0.562	0.003
1.620	3.435	0.562	0.003
1.474	3.206	0.563	0.003
1.442	2.881	0.564	0.003
1.499	2.493	0.565	0.003
1.547	2.130	0.566	0.003
1.534	1.889	0.567	0.002
1.486	1.786	0.568	0.002
1.474	1.731	0.569	0.002
1.547	1.638	0.568	0.002
1.624	1.583	0.567	0.002
1.639	1.605	0.566	0.002
1.607	1.729	0.565	0.002
1.605	1.895	0.563	0.002
1.692	1.997	0.560	0.002
1.871	1.984	0.555	0.002
2.069	1.913	0.550	0.002
2.227	1.900	0.544	0.002
2.349	2.014	0.536	0.002
2.485	2.227	0.527	0.002
2.660	2.452	0.516	0.002
2.859	2.621	0.503	0.002
3.049	2.743	0.488	0.002
3.197	2.892	0.473	0.003
3.330	3.133	0.457	0.003
3.497	3.442	0.439	0.003
3.691	3.698	0.421	0.003
3.859	3.795	0.403	0.003
3.963	3.745	0.383	0.003
4.026	3.663	0.363	0.003
4.090	3.631	0.342	0.003
4.142	3.633	0.321	0.003
4.175	3.579	0.300	0.003
4.191	3.420	0.280	0.003
4.235	3.198	0.261	0.003
4.331	2.984	0.244	0.003
4.543	2.813	0.228	0.003
4.774	2.695	0.213	0.003
4.950	2.651	0.201	0.003
5.080	2.727	0.193	0.003
5.263	2.938	0.192	0.003
5.579	3.244	0.197	0.003
5.928	3.537	0.209	0.003
6.187	3.741	0.227	0.003
6.164	3.866	0.250	0.003
5.923	3.981	0.277	0.003
5.690	4.158	0.306	0.003
5.667	4.421	0.338	0.003
5.867	4.724	0.370	0.003
6.132	5.012	0.403	0.003
6.332	5.292	0.435	0.003
6.500	5.615	0.467	0.003
6.763	6.035	0.499	0.004
7.196	6.563	0.531	0.004
7.734	7.165	0.562	0.004
8.303	7.809	0.592	0.004
8.929	8.512	0.621	0.004
9.546	9.277	0.648	0.004
10.042	10.093	0.673	0.005
10.340	10.929	0.696	0.005
10.513	11.753	0.715	0.005
10.687	12.514	0.732	0.005
10.957	13.134	0.747	0.005
11.331	13.564	0.760	0.005
11.727	13.936	0.772	0.006
12.041	14.516	0.784	0.006
12.310	15.458	0.794	0.006
12.648	16.513	0.804	0.006
13.143	17.200	0.812	0.006
13.635	17.332	0.819	0.006
13.917	17.368	0.826	0.006
13.884	17.941	0.833	0.006
13.922	19.043	0.839	0.007
14.201	20.090	0.845	0.007
14.704	20.475	0.850	0.007
14.892	20.270	0.855	0.007
14.839	20.381	0.859	0.007
14.669	21.388	0.862	0.007
14.666	23.296	0.865	0.007
14.878	25.724	0.867	0.007
14.974	27.837	0.868	0.008
14.759	28.994	0.868	0.008
14.288	28.742	0.868	0.008
13.521	27.127	0.868	0.008
12.673	25.139	0.868	0.008
11.997	23.307	0.868	0.008
11.692	21.331	0.868	0.008
11.736	18.750	0.868	0.007
11.924	15.968	0.868	0.007
12.028	14.183	0.868	0.007
11.953	13.876	0.868	0.006
11.861	13.907	0.866	0.006
11.878	12.812	0.864	0.006
11.945	10.393	0.861	0.009
11.899	255.213	0.856	0.024
11.748	759.880	0.851	0.054
11.585	1288.247	0.845	0.093
11.483	1549.781	0.837	0.128
11.598	1487.059	0.830	0.149
11.793	1128.092	0.823	0.157
11.918	707.069	0.816	0.158
11.845	348.962	0.809	0.153
11.572	102.538	0.803	0.142
11.181	-38.023	0.798	0.121
10.559	-74.621	0.794	0.089
9.530	-39.162	0.790	0.049
8.119	10.534	0.788	0.014
6.665	25.671	0.786	-0.007
5.594	5.221	0.784	-0.009
5.043	-15.359	0.784	-0.003
4.864	-11.473	0.783	0.003
4.855	6.083	0.782	0.002
4.920	12.713	0.782	-0.001
4.968	2.565	0.782	-0.002
4.920	-8.623	0.782	-0.000
4.761	-7.149	0.782	0.002
4.505	2.582	0.782	0.001
4.200	7.165	0.783	-0.001
3.893	2.193	0.783	-0.001
3.576	-4.354	0.784	-0.000
3.185	-4.293	0.784	0.001
2.718	0.902	0.785	0.001
2.283	3.915	0.785	-0.000
2.007	1.595	0.784	-0.001
1.941	-2.147	0.783	-0.000
2.085	-2.522	0.782	0.005
2.365	224.773	0.779	0.023
2.591	685.999	0.776	0.056
2.640	1164.536	0.771	0.097
2.552	1399.382	0.767	0.133
2.492	1341.957	0.762	0.154
2.604	1020.029	0.757	0.162
2.881	643.714	0.750	0.162
3.188	322.519	0.741	0.157
3.491	99.151	0.730	0.145
3.708	-30.172	0.719	0.123
3.811	-64.885	0.707	0.091
3.789	-32.940	0.695	0.051
3.695	12.541	0.683	0.015
3.585	26.178	0.672	-0.004
3.484	6.813	0.661	-0.006
3.366	-12.723	0.651	-0.000
3.193	-9.531	0.642	0.005
2.978	6.467	0.633	0.004
2.800	12.476	0.624	0.001
2.628	3.046	0.613	-0.000
2.423	-7.219	0.602	0.002
2.186	-5.645	0.590	0.003
1.992	3.589	0.578	0.003
1.896	7.976	0.567	0.001
1.874	3.456	0.555	0.000
1.845	-2.446	0.544	0.002
1.780	-2.100	0.532	0.003
1.714	3.029	0.521	0.003
1.713	6.067	0.510	0.002
1.770	4.120	0.500	0.002
1.842	0.886	0.489	0.002
1.921	0.794	0.479	0.003
2.015	3.487	0.468	0.003
2.137	5.296	0.458	0.003
2.259	4.405	0.448	0.002
2.341	2.684	0.439	0.003
2.384	2.639	0.431	0.003
2.444	4.179	0.423	0.003
2.547	5.185	0.416	0.003
2.676	4.469	0.409	0.003
2.792	3.039	0.402	0.003
2.884	2.512	0.396	0.003
2.924	3.138	0.390	0.003
2.911	3.848	0.386	0.003
2.843	3.846	0.384	0.003
2.725	3.436	0.383	0.003
2.592	3.334	0.384	0.003
2.449	3.618	0.387	0.003
2.351	3.716	0.393	0.003
2.282	3.249	0.400	0.003
2.225	2.527	0.410	0.003
2.193	2.107	0.421	0.003
2.179	2.131	0.434	0.003
2.152	2.265	0.449	0.002
2.021	2.182	0.463	0.002
1.775	1.937	0.478	0.002
1.529	1.792	0.492	0.002
1.391	1.850	0.506	0.002
1.367	1.954	0.517	0.002
1.375	1.923	0.527	0.002
1.339	1.761	0.534	0.002
1.274	1.601	0.540	0.002
1.248	1.510	0.543	0.002
1.293	1.429	0.544	0.002
1.376	1.279	0.543	0.002
1.440	1.081	0.542	0.002
1.488	0.930	0.540	0.002
1.570	0.882	0.539	0.002
1.697	0.901	0.538	0.002
1.852	0.907	0.537	0.002
2.020	0.871	0.538	0.001
2.227	0.826	0.539	0.001
2.465	0.810	0.541	0.001
2.710	0.814	0.544	0.001
2.892	0.793	0.548	0.001
2.973	0.727	0.555	0.001
2.964	0.637	0.564	0.001
2.927	0.572	0.575	0.001
2.899	0.550	0.588	0.001
2.870	0.559	0.603	0.001
2.799	0.578	0.619	0.001
2.678	0.604	0.636	0.001
2.556	0.646	0.655	0.001
2.464	0.701	0.674	0.001
2.394	0.756	0.693	0.001
2.328	0.807	0.712	0.001
2.254	0.852	0.731	0.001
2.182	0.896	0.750	0.001
2.138	0.926	0.768	0.001
2.139	0.929	0.786	0.001
2.172	0.908	0.803	0.001
2.215	0.873	0.817	0.001
2.257	0.829	0.828	0.001
2.313	0.773	0.836	0.001
2.390	0.707	0.840	0.001
2.464	0.645	0.842	0.001
2.474	0.600	0.842	0.001
2.386	0.567	0.841	0.001
2.243	0.530	0.840	0.001
2.121	0.485	0.837	0.001
2.053	0.446	0.835	0.001
1.995	0.433	0.832	0.001
1.899	0.442	0.829	0.001
1.798	0.451	0.827	0.001
1.749	0.444	0.825	0.001
1.743	0.423	0.824	0.001
1.720	0.399	0.822	0.001
1.645	0.372	0.821	0.001
1.541	0.333	0.819	0.001
1.452	0.279	0.817	0.001
1.392	0.225	0.816	0.001
1.346	0.188	0.814	0.001
1.309	0.174	0.813	0.001
1.272	0.174	0.811	0.001
1.257	0.179	0.810	0.001
1.246	0.190	0.809	0.001
1.212	0.205	0.807	0.001
1.147	0.213	0.805	0.001
1.080	0.199	0.803	0.001
1.028	0.155	0.800	0.001
0.987	0.097	0.798	0.001
0.955	0.049	0.796	0.001
0.932	0.029	0.794	0.000
0.922	0.045	0.792	0.000
0.926	0.092	0.790	0.000
0.935	0.156	0.789	0.000
0.936	0.221	0.787	0.001
0.937	0.272	0.786	0.001
0.952	0.302	0.785	0.001
0.970	0.321	0.784	0.001
0.967	0.352	0.783	0.001
0.939	0.420	0.783	0.001
0.918	0.538	0.783	0.001
0.929	0.665	0.782	0.001
0.987	0.749	0.782	0.001
1.042	0.797	0.781	0.001
1.062	0.880	0.781	0.001
1.047	1.061	0.780	0.001
1.041	1.315	0.778	0.002
1.106	1.533	0.776	0.002
1.199	1.635	0.773	0.002
1.286	1.648	0.769	0.002
1.325	1.671	0.764	0.002
1.347	1.767	0.758	0.002
1.404	1.926	0.751	0.002
1.500	2.114	0.742	0.002
1.603	2.325	0.732	0.002
1.718	2.545	0.721	0.002
1.858	2.704	0.710	0.002
2.044	2.751	0.698	0.002
2.259	2.751	0.686	0.002
2.470	2.861	0.672	0.003
2.640	3.188	0.658	0.003
2.797	3.642	0.642	0.003
2.994	4.016	0.627	0.003
3.249	4.212	0.611	0.003
3.497	4.341	0.595	0.003
3.697	4.604	0.580	0.003
3.861	5.045	0.565	0.003
4.008	5.512	0.550	0.003
4.162	5.890	0.535	0.004
4.304	6.244	0.520	0.004
4.356	6.699	0.505	0.004
4.329	7.201	0.490	0.004
4.329	7.539	0.475	0.004
4.398	7.621	0.460	0.004
4.519	7.579	0.446	0.004
4.576	7.568	0.433	0.004
4.528	7.622	0.420	0.004
4.548	7.674	0.409	0.004
4.675	7.690	0.398	0.004
4.806	7.712	0.387	0.004
4.820	7.764	0.378	0.004
4.726	7.798	0.369	0.004
4.638	7.776	0.363	0.004
4.631	7.675	0.357	0.004
4.701	7.403	0.354	0.004
4.770	6.937	0.352	0.004
4.856	6.468	0.353	0.004
4.935	6.251	0.356	0.004
5.013	6.345	0.361	0.004
5.035	6.460	0.367	0.004
5.028	6.207	0.375	0.004
5.045	5.591	0.385	0.004
5.143	5.032	0.396	0.004
5.271	4.941	0.408	0.004
5.339	5.330	0.420	0.004
5.289	5.840	0.432	0.004
5.156	6.098	0.446	0.004
4.984	6.032	0.460	0.004
4.777	5.818	0.475	0.004
4.533	5.625	0.489	0.004
4.243	5.481	0.504	0.004
3.947	5.332	0.518	0.004
3.757	5.160	0.533	0.004
3.743	4.997	0.548	0.004
3.851	4.849	0.563	0.004
3.963	4.678	0.577	0.003
4.027	4.424	0.591	0.003
4.049	4.064	0.604	0.003
4.094	3.660	0.618	0.003
4.162	3.314	0.630	0.003
4.218	3.125	0.643	0.003
4.316	3.043	0.656	0.003
4.485	2.907	0.669	0.003
4.723	2.657	0.680	0.003
4.917	2.443	0.692	0.003
4.952	2.480	0.703	0.003
4.863	2.745	0.713	0.003
4.778	2.891	0.723	0.003
4.795	2.655	0.732	0.002
4.873	2.131	0.741	0.002
4.936	1.689	0.749	0.002
5.029	1.593	0.757	0.002
5.132	1.776	0.764	0.002
5.206	1.979	0.771	0.002
5.212	2.044	0.776	0.002
5.158	2.003	0.781	0.002
5.102	1.953	0.784	0.002
5.077	1.890	0.786	0.002
5.067	1.741	0.788	0.002
5.069	1.592	0.789	0.002
5.081	1.578	0.790	0.002
5.049	1.639	0.790	0.002
4.990	1.611	0.789	0.002
4.876	1.435	0.788	0.002
4.699	1.289	0.787	0.002
4.418	1.435	0.785	0.002
4.126	1.784	0.781	0.002
3.948	1.982	0.776	0.002
3.865	1.872	0.770	0.002
3.846	1.582	0.763	0.002
3.813	1.357	0.755	0.002
3.741	1.279	0.746	0.002
3.693	1.250	0.735	0.002
3.781	1.161	0.724	0.002
3.870	1.192	0.712	0.002
3.832	1.397	0.700	0.002
3.712	1.623	0.688	0.002
3.678	1.688	0.675	0.002
3.739	1.850	0.663	0.002
3.764	2.557	0.650	0.002
3.649	3.743	0.638	0.002
3.446	4.571	0.626	0.003
3.263	4.419	0.614	0.003
3.188	3.518	0.602	0.003
3.237	2.774	0.590	0.003
3.370	2.683	0.577	0.003
3.481	3.005	0.565	0.003
3.549	3.225	0.552	0.003
3.580	3.249	0.539	0.003
3.602	3.414	0.527	0.003
3.624	3.955	0.514	0.003
3.648	4.717	0.502	0.003
3.688	5.318	0.489	0.003
3.743	5.584	0.477	0.003
3.796	5.700	0.464	0.003
3.850	5.882	0.452	0.004
4.034	6.244	0.440	0.004
4.305	6.773	0.428	0.004
4.548	7.311	0.416	0.004
4.663	7.651	0.405	0.004
4.621	7.780	0.394	0.004
4.526	7.956	0.383	0.004
4.474	8.349	0.373	0.004
4.520	8.890	0.364	0.004
4.572	9.415	0.356	0.005
4.523	9.841	0.349	0.005
4.319	10.206	0.343	0.005
4.041	10.542	0.337	0.005
3.791	10.531	0.332	0.005
3.738	9.947	0.328	0.005
3.700	8.892	0.324	0.005
3.535	7.917	0.321	0.005
3.221	7.523	0.318	0.005
2.874	7.703	0.316	0.005
2.629	7.839	0.314	0.004
2.510	7.369	0.312	0.004
2.447	6.337	0.311	0.004
2.372	5.322	0.311	0.004
2.296	4.837	0.312	0.004
2.212	4.933	0.314	0.004
2.109	5.273	0.317	0.004
1.959	5.460	0.322	0.004
1.807	5.316	0.328	0.004
1.678	4.901	0.335	0.003
1.582	4.398	0.344	0.003
1.499	3.945	0.354	0.003
1.413	3.592	0.366	0.003
1.339	3.309	0.380	0.003
1.303	3.048	0.394	0.003
1.303	2.802	0.408	0.003
1.260	2.621	0.422	0.003
1.157	2.564	0.436	0.003
1.044	2.622	0.451	0.003
0.975	2.608	0.465	0.002
0.950	2.309	0.480	0.002
0.931	1.745	0.494	0.002
0.996	1.206	0.509	0.002
1.186	1.024	0.524	0.002
1.314	1.276	0.538	0.002
1.213	1.719	0.551	0.002
0.907	2.041	0.564	0.002
0.733	2.123	0.577	0.002
0.771	2.036	0.589	0.002
0.900	1.932	0.602	0.002
0.989	1.890	0.614	0.002
0.962	1.891	0.627	0.002
0.927	1.891	0.639	0.002
0.968	1.883	0.650	0.002
1.058	1.858	0.661	0.002
1.139	1.842	0.671	0.002
1.154	1.840	0.680	0.002
1.091	1.875	0.689	0.002
0.997	1.969	0.697	0.002
0.956	2.053	0.705	0.002
0.983	2.015	0.712	0.002
1.070	1.802	0.718	0.002
1.182	1.503	0.723	0.002
1.299	1.287	0.727	0.002
1.403	1.268	0.729	0.002
1.527	1.425	0.730	0.002
1.729	1.670	0.730	0.002
2.014	1.940	0.728	0.002
2.331	2.234	0.724	0.002
2.565	2.593	0.719	0.002
2.728	3.069	0.714	0.002
2.914	3.654	0.707	0.003
3.232	4.233	0.699	0.003
3.669	4.704	0.690	0.003
4.163	5.122	0.679	0.003
4.655	5.694	0.667	0.003
5.178	6.611	0.655	0.004
5.811	7.867	0.643	0.004
6.579	9.330	0.631	0.004
7.715	10.982	0.618	0.005
8.883	12.988	0.606	0.005
9.764	15.808	0.594	0.005
10.288	19.753	0.583	0.006
10.859	24.415	0.573	0.006
11.782	28.755	0.563	0.007
13.090	32.039	0.553	0.008
14.490	34.482	0.545	0.008
15.520	37.056	0.539	0.009
16.274	40.244	0.533	0.009
17.189	43.577	0.529	0.009
18.477	46.305	0.525	0.010
19.860	48.425	0.522	0.010
20.879	50.626	0.520	0.010
21.362	53.533	0.520	0.011
21.513	57.008	0.520	0.011
21.636	60.294	0.522	0.011
21.696	62.589	0.525	0.012
20.997	63.649	0.529	0.012
20.401	62.874	0.534	0.012
20.485	59.924	0.540	0.012
20.977	56.130	0.547	0.012
21.206	54.158	0.555	0.012
20.690	55.163	0.563	0.012
19.549	57.195	0.572	0.012
18.373	56.534	0.582	0.012
17.627	51.724	0.591	0.011
17.243	44.744	0.602	0.011
16.864	38.542	0.612	0.011
16.578	33.954	0.624	0.010
16.601	29.948	0.636	0.010
17.407	25.574	0.648	0.009
17.964	21.496	0.662	0.009
17.344	19.679	0.676	0.008
15.479	20.759	0.690	0.008
13.515	22.738	0.704	0.007
12.419	22.319	0.718	0.007
12.450	18.234	0.732	0.007
12.886	12.513	0.746	0.007
13.005	8.617	0.760	0.006
12.675	8.074	0.774	0.006
12.097	9.563	0.788	0.006
11.451	10.568	0.801	0.005
10.797	10.024	0.814	0.005
10.236	8.713	0.827	0.005
9.895	7.790	0.838	0.005
9.697	7.420	0.849	0.005
9.478	6.952	0.859	0.004
9.190	6.018	0.868	0.004
8.904	5.037	0.877	0.004
8.807	4.625	0.885	0.004
8.765	4.804	0.893	0.004
8.556	5.015	0.900	0.004
8.028	4.746	0.907	0.003
7.455	4.027	0.913	0.003
7.015	3.235	0.919	0.003
6.708	2.639	0.924	0.003
6.358	2.215	0.929	0.003
5.878	1.858	0.933	0.003
5.467	1.568	0.936	0.002
5.272	1.412	0.939	0.002
5.268	1.358	0.941	0.002
5.248	1.285	0.944	0.002
5.048	1.134	0.946	0.002
4.743	0.953	0.947	0.002
4.535	0.823	0.949	0.002
4.505	0.766	0.950	0.002
4.571	0.769	0.951	0.001
4.616	0.864	0.952	0.001
4.609	1.139	0.953	0.002
4.660	1.661	0.953	0.002
4.879	2.420	0.954	0.002
5.268	3.378	0.955	0.002
5.787	4.551	0.955	0.003
6.359	5.947	0.956	0.003
7.001	7.478	0.956	0.003
7.740	9.017	0.957	0.004
8.577	10.617	0.957	0.004
9.485	12.597	0.957	0.005
10.466	15.345	0.958	0.005
11.576	18.808	0.958	0.006
12.894	22.441	0.958	0.006
14.443	25.679	0.959	0.007
16.162	28.413	0.959	0.007
17.838	31.048	0.960	0.008
19.573	34.181	0.960	0.008
21.370	37.915	0.961	0.009
23.061	42.004	0.961	0.009
24.408	46.352	0.961	0.010
25.525	51.044	0.962	0.010
26.611	55.847	0.962	0.011
27.874	59.989	0.962	0.011
29.126	62.658	0.962	0.011
30.197	63.793	0.962	0.012
30.942	63.992	0.962	0.012
31.194	63.596	0.962	0.012
30.985	62.434	0.962	0.012
30.443	60.546	0.962	0.012
29.953	58.416	0.962	0.012
29.730	56.631	0.962	0.012
29.764	55.289	0.962	0.012
29.611	53.883	0.961	0.012
29.224	51.845	0.961	0.011
28.741	48.999	0.960	0.011
28.002	45.950	0.960	0.011
27.072	43.651	0.959	0.011
26.032	42.272	0.959	0.011
25.048	40.542	0.958	0.010
24.271	36.945	0.958	0.010
23.912	31.354	0.958	0.009
23.930	25.302	0.958	0.009
23.871	20.560	0.957	0.009
23.472	17.720	0.957	0.008
22.959	16.013	0.957	0.007
22.589	14.418	0.957	0.007
22.292	12.548	0.957	0.006
21.696	10.660	0.957	0.006
20.662	9.121	0.957	0.006
19.300	8.026	0.957	0.005
17.920	7.183	0.957	0.005
16.800	6.385	0.957	0.005
15.999	5.574	0.957	0.004
15.206	4.846	0.957	0.004
14.273	4.316	0.957	0.004
13.198	3.946	0.957	0.003
12.180	3.630	0.957	0.003
11.434	3.342	0.956	0.003
10.872	3.110	0.955	0.003
10.312	2.944	0.953	0.003
9.635	2.782	0.951	0.003
8.997	2.579	0.948	0.003
8.472	2.435	0.945	0.003
7.994	2.494	0.941	0.003
7.432	2.760	0.937	0.003
6.760	3.067	0.933	0.003
6.083	3.244	0.929	0.003
5.552	3.254	0.924	0.003
5.171	3.192	0.920	0.003
4.863	3.135	0.915	0.003
4.544	3.118	0.911	0.003
4.199	3.239	0.906	0.003
3.929	3.558	0.902	0.003
3.835	4.002	0.899	0.003
3.823	4.347	0.895	0.003
3.762	4.421	0.891	0.003
3.775	4.292	0.888	0.003
4.028	4.194	0.884	0.003
4.355	4.320	0.881	0.003
4.605	4.692	0.877	0.003
4.647	5.152	0.874	0.003
4.529	5.513	0.871	0.003
4.436	5.671	0.868	0.003
4.415	5.633	0.865	0.004
4.459	5.498	0.863	0.004
4.554	5.349	0.861	0.004
4.811	5.146	0.860	0.004
5.070	4.766	0.858	0.003
5.220	4.304	0.857	0.003
5.409	3.947	0.855	0.003
5.604	3.697	0.853	0.003
5.829	3.627	0.851	0.003
6.021	3.704	0.848	0.003
6.236	3.839	0.845	0.003
6.583	3.963	0.842	0.003
6.991	3.940	0.838	0.003
7.298	3.834	0.833	0.003
7.362	3.868	0.828	0.003
7.254	4.260	0.822	0.003
7.177	4.900	0.816	0.003
7.285	5.358	0.809	0.003
7.500	5.368	0.802	0.003
7.611	5.090	0.794	0.003
7.555	4.968	0.785	0.003
7.477	5.287	0.777	0.004
7.475	5.848	0.768	0.004
7.501	6.272	0.759	0.004
7.474	6.420	0.749	0.004
7.399	6.395	0.740	0.004
7.415	6.233	0.730	0.004
7.450	5.794	0.720	0.004
7.368	5.082	0.711	0.004
7.085	4.392	0.701	0.004
6.730	4.043	0.692	0.003
6.516	4.005	0.684	0.003
6.548	3.948	0.676	0.003
6.739	3.648	0.668	0.003
7.002	3.225	0.660	0.003
7.278	3.010	0.653	0.003
7.655	3.282	0.644	0.003
8.239	4.073	0.635	0.003
8.925	5.146	0.626	0.003
9.613	6.249	0.616	0.003
10.281	7.352	0.606	0.004
10.872	8.665	0.596	0.004
11.418	10.346	0.586	0.004
12.072	12.112	0.576	0.005
12.729	13.377	0.567	0.005
13.401	13.849	0.557	0.005
14.263	13.767	0.549	0.005
15.465	13.525	0.540	0.005
16.940	13.240	0.532	0.006
18.395	12.809	0.525	0.006
19.561	12.250	0.518	0.006
20.747	11.686	0.512	0.005
22.242	11.073	0.507	0.005
23.956	10.212	0.503	0.005
25.423	9.061	0.499	0.005
26.365	7.918	0.495	0.005
26.873	7.180	0.493	0.005
27.342	6.994	0.490	0.005
28.013	7.170	0.488	0.004
28.746	7.420	0.486	0.004
29.224	7.680	0.485	0.004
29.322	8.097	0.484	0.004
29.218	8.796	0.483	0.004
29.134	9.723	0.482	0.005
28.867	10.729	0.481	0.005
28.220	11.725	0.481	0.005
27.317	12.761	0.481	0.005
26.354	13.803	0.481	0.005
25.359	14.715	0.481	0.006
24.192	15.463	0.482	0.006
22.810	16.189	0.482	0.006
21.363	17.080	0.484	0.006
20.023	18.202	0.486	0.006
18.841	19.366	0.488	0.006
17.777	20.263	0.491	0.007
16.833	20.791	0.494	0.007
16.169	21.211	0.496	0.007
15.990	21.885	0.497	0.007
16.249	23.031	0.497	0.007
16.851	24.380	0.497	0.007
17.607	25.654	0.496	0.008
18.898	27.144	0.494	0.008
20.955	29.221	0.491	0.008
23.443	31.770	0.487	0.008
25.834	34.336	0.482	0.008
27.756	36.616	0.476	0.009
29.452	39.100	0.471	0.009
31.350	42.586	0.465	0.010
33.739	47.258	0.461	0.010
36.314	52.580	0.458	0.010
38.576	57.650	0.455	0.011
40.227	62.148	0.454	0.011
41.436	66.698	0.454	0.012
42.683	71.905	0.456	0.012
44.031	77.323	0.459	0.013
45.441	81.589	0.465	0.013
46.679	83.928	0.472	0.013
48.007	85.252	0.479	0.014
49.233	86.621	0.487	0.014
50.308	88.139	0.495	0.014
51.116	89.049	0.503	0.014
51.838	88.990	0.510	0.014
52.727	88.724	0.517	0.015
54.128	89.242	0.523	0.015
55.902	90.951	0.529	0.015
57.584	93.809	0.535	0.015
58.923	97.683	0.541	0.015
60.071	102.647	0.547	0.015
61.273	108.396	0.552	0.016
62.491	113.829	0.557	0.016
63.660	117.679	0.562	0.016
64.881	119.506	0.566	0.016
66.177	120.108	0.571	0.017
67.554	120.793	0.575	0.017
68.246	122.470	0.578	0.017
68.045	125.476	0.581	0.017
67.168	129.256	0.584	0.017
65.903	132.858	0.587	0.017
64.266	135.519	0.590	0.018
62.052	136.524	0.593	0.018
59.315	135.121	0.596	0.018
56.477	130.919	0.599	0.018
53.991	124.610	0.602	0.018
51.912	117.777	0.605	0.017
49.570	111.231	0.608	0.017
46.703	104.482	0.611	0.017
43.549	96.581	0.614	0.016
40.895	87.525	0.617	0.016
39.009	78.244	0.620	0.015
37.532	69.382	0.623	0.014
36.229	60.905	0.625	0.014
34.998	52.834	0.628	0.013
34.013	45.939	0.631	0.012
33.171	41.329	0.634	0.012
32.189	39.104	0.637	0.011
30.759	37.851	0.640	0.010
29.035	35.860	0.642	0.010
27.517	32.664	0.645	0.010
26.173	29.238	0.647	0.009
24.752	26.908	0.650	0.009
22.988	25.756	0.652	0.009
21.013	24.733	0.655	0.008
18.749	23.034	0.659	0.008
16.501	21.031	0.663	0.008
14.397	19.287	0.667	0.007
12.520	17.732	0.672	0.007
10.928	15.734	0.677	0.007
9.604	13.194	0.682	0.006
8.542	10.850	0.687	0.006
7.628	9.389	0.692	0.006
6.818	8.505	0.698	0.005
6.229	7.404	0.704	0.005
5.724	5.786	0.710	0.005
5.182	4.192	0.717	0.004
4.594	3.306	0.723	0.004
4.128	3.167	0.730	0.003
3.930	3.186	0.736	0.003
4.077	2.891	0.743	0.003
4.497	2.403	0.750	0.003
5.142	2.112	0.757	0.003
6.000	2.113	0.764	0.002
6.902	2.112	0.771	0.002
7.614	1.849	0.779	0.002
7.994	1.436	0.786	0.002
8.129	1.201	0.793	0.002
8.255	1.323	0.800	0.002
8.568	1.721	0.806	0.002
9.057	2.289	0.813	0.002
9.549	3.070	0.818	0.002
9.759	4.188	0.824	0.003
9.699	5.577	0.829	0.003
9.543	6.984	0.834	0.003
9.553	8.237	0.838	0.004
9.625	9.361	0.842	0.004
9.563	10.474	0.845	0.004
9.379	11.552	0.848	0.005
9.255	12.441	0.849	0.005
9.283	13.130	0.850	0.005
9.327	13.794	0.850	0.005
9.181	14.559	0.849	0.006
8.832	15.296	0.847	0.006
8.527	15.633	0.845	0.006
8.470	15.329	0.842	0.006
8.586	14.584	0.839	0.006
8.694	13.960	0.835	0.006
8.660	13.859	0.831	0.006
8.576	14.213	0.826	0.006
8.659	14.620	0.821	0.006
8.826	14.770	0.815	0.006
8.970	14.772	0.810	0.006
9.041	14.951	0.804	0.006
9.059	15.436	0.798	0.006
9.045	16.054	0.792	0.006
9.085	16.502	0.787	0.006
9.089	16.633	0.782	0.006
8.991	16.590	0.777	0.006
8.831	16.585	0.771	0.006
8.694	16.690	0.764	0.006
8.614	16.795	0.757	0.006
8.553	16.727	0.749	0.006
8.495	16.447	0.740	0.006
8.459	16.140	0.731	0.006
8.493	16.032	0.720	0.006
8.656	16.173	0.709	0.006
8.871	16.443	0.697	0.006
9.015	16.750	0.684	0.006
9.060	17.096	0.670	0.006
9.140	17.553	0.656	0.006
9.404	18.088	0.641	0.006
9.800	18.548	0.624	0.007
10.216	18.860	0.607	0.007
10.509	19.122	0.588	0.007
10.694	19.540	0.569	0.007
10.873	20.228	0.548	0.007
11.092	21.057	0.527	0.007
11.348	21.835	0.506	0.007
11.604	22.409	0.484	0.007
11.890	22.693	0.463	0.007
12.173	22.723	0.442	0.007
12.464	22.664	0.422	0.007
12.778	22.790	0.403	0.007
13.155	23.287	0.385	0.007
13.641	23.997	0.369	0.007
14.101	24.453	0.356	0.007
14.657	24.253	0.346	0.007
15.385	23.383	0.339	0.007
16.456	22.219	0.336	0.007
17.887	21.199	0.336	0.007
19.315	20.456	0.338	0.007
20.396	19.825	0.343	0.007
20.869	19.174	0.351	0.007
20.775	18.593	0.360	0.007
20.612	18.225	0.372	0.007
21.120	18.005	0.387	0.007
22.563	17.674	0.405	0.007
24.401	17.136	0.427	0.007
25.596	16.620	0.451	0.007
26.130	16.364	0.476	0.006
26.537	16.257	0.503	0.006
27.412	15.894	0.531	0.006
28.950	15.038	0.559	0.006
30.440	13.944	0.587	0.006
31.125	13.142	0.615	0.006
30.927	12.918	0.643	0.006
30.384	13.066	0.669	0.006
29.963	13.209	0.696	0.006
29.660	13.279	0.722	0.006
29.238	13.573	0.747	0.006
28.577	14.459	0.772	0.006
27.824	16.036	0.795	0.006
27.191	18.091	0.817	0.006
26.824	20.316	0.836	0.006
26.959	22.499	0.854	0.007
27.681	24.482	0.871	0.007
28.793	26.473	0.885	0.007
29.936	29.126	0.898	0.008
30.859	33.051	0.909	0.008
31.894	38.280	0.919	0.009
33.496	44.216	0.928	0.009
35.500	50.349	0.934	0.010
37.343	57.011	0.939	0.010
38.697	64.872	0.943	0.011
39.914	73.795	0.944	0.012
41.760	82.558	0.945	0.013
44.504	89.660	0.945	0.013
47.575	94.333	0.945	0.014
49.818	96.512	0.945	0.014
50.557	96.067	0.945	0.014
49.958	92.641	0.946	0.015
48.814	86.450	0.946	0.015
48.564	78.799	0.946	0.014
49.722	71.408	0.947	0.014
51.730	65.365	0.947	0.014
54.139	60.728	0.948	0.013
56.712	57.109	0.948	0.013
59.188	54.740	0.949	0.012
61.213	54.193	0.950	0.012
62.597	55.225	0.951	0.012
63.286	56.613	0.952	0.012
63.622	56.879	0.953	0.012
63.944	55.542	0.954	0.012
64.410	53.323	0.956	0.011
64.308	51.098	0.957	0.011
62.942	48.962	0.958	0.011
60.226	46.468	0.960	0.011
56.399	43.596	0.961	0.011
51.849	41.129	0.962	0.011
47.346	39.647	0.963	0.010
43.239	38.576	0.964	0.010
39.844	36.472	0.964	0.010
37.559	32.641	0.965	0.009
36.313	28.121	0.965	0.009
35.930	24.753	0.965	0.009
36.065	23.124	0.964	0.008
35.951	21.964	0.963	0.008
35.191	19.700	0.962	0.008
34.165	16.282	0.961	0.007
33.215	13.112	0.959	0.007
32.574	11.421	0.958	0.006
32.088	11.047	0.956	0.006
31.477	10.979	0.954	0.006
30.703	10.684	0.953	0.005
29.638	10.398	0.951	0.005
28.313	10.454	0.949	0.005
26.903	10.722	0.948	0.005
25.774	10.808	0.946	0.005
25.200	10.549	0.944	0.005
24.827	10.146	0.942	0.005
23.970	9.771	0.940	0.005
22.487	9.203	0.937	0.005
20.814	7.996	0.935	0.005
19.567	6.057	0.932	0.004
18.959	3.897	0.930	0.004
18.757	2.268	0.928	0.004
18.770	1.553	0.926	0.003
18.756	1.495	0.924	0.003
18.646	1.526	0.922	0.002
18.509	1.311	0.921	0.002
18.286	0.925	0.919	0.002
18.360	0.637	0.918	0.002
18.461	0.583	0.918	0.001
18.292	0.693	0.917	0.001
17.706	0.837	0.917	0.001
17.008	1.023	0.917	0.001
16.768	1.390	0.917	0.002
16.978	2.043	0.917	0.002
17.315	2.913	0.917	0.002
17.586	3.801	0.917	0.002
18.057	4.572	0.917	0.003
18.842	5.336	0.917	0.003
19.976	6.398	0.916	0.003
21.003	8.011	0.916	0.004
21.624	10.194	0.915	0.004
21.696	12.738	0.914	0.005
21.531	15.749	0.912	0.005
21.401	19.679	0.909	0.006
21.632	24.718	0.906	0.006
22.224	30.129	0.902	0.007
23.149	34.489	0.896	0.008
24.226	36.765	0.890	0.008
25.238	37.528	0.882	0.009
26.150	38.349	0.873	0.009
26.881	40.465	0.864	0.009
27.515	43.706	0.853	0.010
28.096	46.632	0.842	0.010
28.858	48.028	0.830	0.010
29.933	47.881	0.817	0.010
31.411	46.909	0.803	0.010
33.193	45.656	0.788	0.010
35.012	44.018	0.772	0.010
36.977	41.508	0.755	0.010
38.905	37.470	0.736	0.010
41.007	31.681	0.717	0.010
43.456	24.934	0.698	0.009
45.951	18.724	0.678	0.008
47.913	14.167	0.658	0.008
49.235	11.248	0.637	0.007
49.955	9.068	0.617	0.006
50.231	6.975	0.596	0.006
49.931	5.029	0.576	0.005
48.616	3.661	0.556	0.004
46.093	3.063	0.535	0.004
42.639	2.920	0.515	0.003
38.971	2.749	0.494	0.003
35.947	2.321	0.474	0.003
34.057	1.703	0.453	0.002
33.129	1.097	0.433	0.002
32.280	0.674	0.412	0.002
30.763	0.504	0.392	0.002
28.644	0.522	0.373	0.002
26.458	0.576	0.354	0.001
24.684	0.568	0.335	0.001
23.206	0.566	0.318	0.001
21.492	0.785	0.300	0.001
19.363	1.454	0.284	0.002
17.238	2.546	0.268	0.002
15.721	3.888	0.253	0.002
15.105	5.462	0.239	0.003
15.264	7.426	0.226	0.003
16.193	10.047	0.214	0.004
17.392	13.420	0.203	0.004
18.490	17.284	0.193	0.005
19.225	21.413	0.184	0.006
19.941	25.631	0.176	0.006
20.954	29.678	0.169	0.007
22.530	33.365	0.164	0.008
25.093	36.814	0.161	0.008
27.489	40.826	0.159	0.009
28.908	46.798	0.158	0.010
29.742	55.221	0.160	0.010
30.593	64.608	0.163	0.011
31.904	72.086	0.168	0.012
33.163	75.573	0.174	0.012
34.280	75.725	0.182	0.013
34.915	75.173	0.191	0.013
35.409	76.060	0.202	0.013
35.902	78.195	0.213	0.013
36.808	79.959	0.226	0.014
37.408	80.010	0.239	0.014
36.798	78.073	0.252	0.014
35.447	76.656	0.266	0.014
34.596	78.580	0.280	0.014
34.992	83.315	0.295	0.014
36.088	86.561	0.311	0.014
36.226	84.244	0.326	0.014
34.621	77.045	0.342	0.014
32.292	70.342	0.358	0.014
30.903	66.931	0.375	0.013
30.742	64.441	0.392	0.013
30.581	58.124	0.410	0.012
29.316	47.040	0.427	0.012
27.177	35.094	0.445	0.011
25.286	26.729	0.462	0.010
24.241	22.592	0.480	0.010
23.422	20.142	0.498	0.009
22.193	17.439	0.516	0.008
20.593	15.015	0.534	0.007
19.014	14.059	0.553	0.007
17.573	14.152	0.573	0.006
16.123	13.568	0.593	0.006
14.507	11.431	0.614	0.006
12.911	8.768	0.635	0.005
11.608	7.138	0.656	0.005
10.697	6.872	0.676	0.005
9.900	6.978	0.697	0.005
8.894	6.543	0.717	0.004
7.720	5.720	0.737	0.004
6.750	5.275	0.756	0.004
6.316	5.512	0.774	0.004
6.523	5.883	0.791	0.004
7.377	5.732	0.808	0.004
8.259	5.265	0.823	0.004
8.685	5.200	0.838	0.004
8.615	5.707	0.850	0.004
8.441	6.135	0.862	0.004
8.485	5.779	0.871	0.004
8.833	4.885	0.880	0.004
9.181	4.210	0.888	0.004
9.305	4.247	0.894	0.003
9.224	4.687	0.899	0.003
9.184	4.914	0.903	0.003
9.249	4.706	0.906	0.003
9.358	4.328	0.908	0.003
9.427	4.079	0.910	0.003
9.448	3.965	0.911	0.003
9.514	3.784	0.911	0.003
9.662	3.579	0.911	0.003
9.756	3.588	0.910	0.003
9.678	3.866	0.909	0.003
9.542	4.121	0.908	0.003
9.545	3.989	0.907	0.003
9.640	3.424	0.904	0.003
9.657	2.789	0.901	0.003
9.499	2.500	0.897	0.003
9.280	2.734	0.893	0.003
9.063	3.306	0.887	0.003
8.898	3.834	0.880	0.003
8.728	4.085	0.874	0.003
8.475	4.193	0.866	0.003
7.980	4.397	0.859	0.003
7.244	4.710	0.851	0.003
6.413	4.956	0.844	0.003
5.670	5.022	0.837	0.003
5.202	5.076	0.831	0.003
4.894	5.263	0.825	0.003
4.555	5.555	0.819	0.004
4.217	5.874	0.813	0.004
3.816	6.274	0.806	0.004
3.683	7.151	0.799	0.004
3.702	8.740	0.793	0.004
3.646	10.849	0.787	0.004
3.331	12.673	0.781	0.005
3.006	13.420	0.775	0.005
2.968	12.745	0.770	0.005
3.279	10.880	0.765	0.005
3.632	8.265	0.761	0.005
3.814	5.506	0.758	0.005
3.899	3.158	0.755	0.004
4.135	1.656	0.753	0.004
4.655	1.031	0.751	0.003
5.279	0.895	0.750	0.003
5.759	0.773	0.748	0.002
6.031	0.516	0.747	0.002
6.229	0.327	0.744	0.001
6.434	0.425	0.741	0.001
6.550	0.744	0.737	0.001
6.465	1.021	0.733	0.001
6.245	1.116	0.729	0.001
6.167	1.160	0.725	0.001
6.182	1.409	0.721	0.002
6.121	2.065	0.718	0.002
5.906	3.067	0.715	0.002
5.695	4.137	0.712	0.002
5.623	4.959	0.709	0.003
5.655	5.455	0.707	0.003
5.631	5.955	0.704	0.003
5.565	6.979	0.700	0.004
5.541	8.622	0.694	0.004
5.570	10.425	0.687	0.004
5.529	11.820	0.679	0.005
5.423	12.671	0.671	0.005
5.490	13.195	0.662	0.005
5.712	13.670	0.653	0.005
5.999	14.328	0.644	0.006
6.238	15.189	0.634	0.006
6.569	16.009	0.624	0.006
6.967	16.399	0.615	0.006
7.308	16.244	0.606	0.006
7.371	15.935	0.598	0.006
7.090	15.898	0.589	0.006
6.730	15.798	0.580	0.006
6.634	14.789	0.571	0.006
6.960	12.524	0.563	0.006
7.558	9.777	0.555	0.006
7.982	7.849	0.546	0.005
8.051	7.503	0.538	0.005
7.904	8.199	0.529	0.005
7.758	8.655	0.521	0.005
7.645	8.006	0.513	0.004
7.481	6.423	0.506	0.004
7.172	4.646	0.500	0.004
6.788	3.178	0.494	0.004
6.467	2.016	0.489	0.003
6.245	1.024	0.485	0.003
6.093	0.252	0.482	0.002
5.991	-0.101	0.480	0.002
5.957	0.078	0.480	0.001
5.978	0.771	0.482	0.001
5.938	1.968	0.484	0.001
5.761	3.718	0.487	0.002
5.406	6.015	0.491	0.002
4.918	8.697	0.496	0.003
4.449	11.421	0.501	0.004
4.006	13.752	0.507	0.004
3.515	15.367	0.513	0.005
2.985	16.133	0.520	0.005
2.541	16.035	0.527	0.006
2.327	15.121	0.533	0.006
2.347	13.495	0.539	0.006
2.587	11.459	0.546	0.006
2.811	9.507	0.552	0.005
2.893	8.222	0.558	0.005
2.876	7.917	0.564	0.005
2.913	8.364	0.570	0.005
3.069	8.887	0.577	0.005
3.263	8.890	0.584	0.005
3.389	8.278	0.592	0.004
3.441	7.382	0.600	0.004
3.486	6.474	0.608	0.004
3.549	5.537	0.615	0.004
3.573	4.430	0.623	0.004
3.484	3.174	0.631	0.003
3.272	1.981	0.639	0.003
3.002	1.068	0.647	0.003
2.777	0.491	0.653	0.002
2.611	0.183	0.660	0.002
2.452	0.065	0.666	0.001
2.277	0.081	0.673	0.001
2.091	0.162	0.678	0.001
1.894	0.216	0.683	0.001
1.730	0.197	0.686	0.001
1.656	0.135	0.689	0.001
1.687	0.098	0.691	0.001
1.767	0.109	0.691	0.001
1.836	0.133	0.690	0.001
1.868	0.142	0.686	0.001
1.900	0.166	0.680	0.001
2.001	0.285	0.672	0.001
2.166	0.578	0.663	0.001
2.329	1.078	0.650	0.001
2.407	1.768	0.634	0.001
2.380	2.590	0.615	0.002
2.338	3.442	0.595	0.002
2.358	4.182	0.576	0.002
2.456	4.680	0.556	0.003
2.603	4.903	0.536	0.003
2.763	4.977	0.516	0.003
2.913	5.125	0.497	0.003
3.049	5.498	0.480	0.003
3.144	6.041	0.463	0.004
3.120	6.553	0.446	0.004
3.005	6.884	0.429	0.004
2.868	7.043	0.412	0.004
2.792	7.072	0.394	0.004
2.767	6.856	0.376	0.004
2.778	6.161	0.362	0.004
2.792	4.950	0.351	0.004
2.796	3.595	0.346	0.004
2.857	2.663	0.344	0.003
2.882	2.443	0.347	0.003
2.823	2.703	0.352	0.003
2.671	2.955	0.359	0.003
2.544	2.896	0.367	0.003
2.527	2.601	0.376	0.003
2.615	2.310	0.384	0.002
2.681	2.158	0.394	0.002
2.648	2.131	0.406	0.002
2.542	2.194	0.419	0.002
2.463	2.361	0.435	0.002
2.480	2.633	0.452	0.002
2.500	2.944	0.470	0.002
2.448	3.219	0.489	0.003
2.336	3.440	0.510	0.003
2.238	3.652	0.534	0.003
2.200	3.882	0.558	0.003
2.261	4.117	0.581	0.003
2.309	4.385	0.602	0.003
2.291	4.751	0.621	0.003
2.182	5.238	0.639	0.003
2.013	5.855	0.655	0.003
1.827	6.613	0.666	0.004
1.666	7.531	0.674	0.004
1.554	8.507	0.679	0.004
1.483	9.223	0.682	0.004
1.432	9.309	0.682	0.004
1.401	8.643	0.681	0.004
1.448	7.413	0.680	0.004
1.594	5.983	0.680	0.004
1.829	4.700	0.678	0.004
2.109	3.764	0.673	0.004
2.390	3.217	0.665	0.004
2.665	3.018	0.655	0.003
2.955	3.081	0.645	0.003
3.255	3.284	0.634	0.003
3.574	3.469	0.621	0.003
3.877	3.490	0.605	0.003
4.206	3.297	0.586	0.003
4.575	2.968	0.566	0.003
4.948	2.643	0.545	0.003
5.307	2.454	0.521	0.003
5.656	2.485	0.496	0.003
6.088	2.748	0.468	0.003
6.584	3.184	0.439	0.003
7.055	3.692	0.411	0.003
7.437	4.234	0.384	0.003
7.670	4.831	0.358	0.003
7.730	5.537	0.333	0.003
7.771	6.357	0.310	0.003
8.018	7.224	0.287	0.004
8.497	7.867	0.266	0.004
8.969	8.043	0.247	0.004
9.233	7.885	0.230	0.004
9.386	7.918	0.215	0.004
9.812	8.507	0.201	0.004
10.769	9.413	0.185	0.005
12.011	10.038	0.169	0.005
13.095	10.264	0.154	0.005
13.969	10.704	0.142	0.005
14.897	11.995	0.135	0.005
16.108	14.019	0.132	0.005
17.513	16.005	0.132	0.006
18.885	17.286	0.133	0.006
20.126	17.781	0.138	0.006
21.163	17.918	0.146	0.006
22.074	18.164	0.156	0.006
22.720	18.705	0.167	0.007
23.259	19.467	0.178	0.007
23.781	20.284	0.191	0.007
24.032	21.286	0.205	0.007
23.868	22.792	0.219	0.007
23.450	24.732	0.234	0.007
23.198	26.546	0.248	0.008
23.427	27.900	0.261	0.008
24.032	29.222	0.275	0.008
25.071	31.696	0.288	0.008
26.575	35.961	0.302	0.009
28.481	41.477	0.317	0.009
30.604	47.244	0.332	0.010
32.663	52.723	0.348	0.010
34.693	57.913	0.365	0.011
36.685	63.017	0.382	0.011
38.630	67.941	0.402	0.012
40.498	72.770	0.422	0.012
42.573	78.080	0.442	0.013
45.206	84.508	0.462	0.013
48.249	92.105	0.482	0.014
51.181	100.248	0.502	0.014
53.333	108.548	0.522	0.015
54.359	117.437	0.542	0.016
55.192	127.642	0.562	0.016
56.082	138.668	0.580	0.017
56.998	148.715	0.598	0.017
57.119	155.833	0.614	0.018
56.092	159.776	0.630	0.019
54.714	161.848	0.645	0.019
53.591	162.647	0.659	0.019
52.729	161.042	0.672	0.019
51.644	155.614	0.683	0.019
49.627	146.973	0.693	0.019
46.725	137.821	0.703	0.019
43.488	129.759	0.712	0.018
40.168	121.029	0.720	0.018
36.619	107.961	0.728	0.017
32.422	88.856	0.735	0.016
27.932	66.621	0.741	0.015
23.662	46.423	0.747	0.014
20.119	31.918	0.753	0.013
17.375	23.171	0.758	0.011
15.276	18.022	0.762	0.010
13.697	14.669	0.766	0.009
12.652	12.556	0.770	0.008
11.998	11.453	0.773	0.007
11.546	10.478	0.776	0.006
11.204	8.791	0.779	0.005
10.905	6.602	0.781	0.005
10.615	4.857	0.784	0.004
10.419	3.994	0.787	0.004
10.296	3.449	0.790	0.004
10.283	2.422	0.793	0.003
10.424	1.036	0.795	0.003
10.685	0.150	0.796	0.002
10.884	0.265	0.797	0.002
11.042	0.938	0.798	0.002
11.116	1.401	0.800	0.002
11.191	1.555	0.802	0.002
11.317	1.940	0.803	0.002
11.551	3.025	0.806	0.002
11.777	4.583	0.808	0.002
12.043	5.880	0.810	0.003
12.353	6.382	0.812	0.003
12.663	6.262	0.814	0.003
12.989	6.167	0.815	0.004
13.222	6.522	0.817	0.004
13.248	7.172	0.819	0.004
13.071	7.687	0.822	0.004
12.766	7.849	0.824	0.004
12.395	7.721	0.827	0.004
12.036	7.488	0.829	0.004
11.586	7.216	0.832	0.004
10.984	6.909	0.835	0.004
10.303	6.643	0.838	0.004
9.587	6.537	0.840	0.004
8.947	6.632	0.843	0.004
8.346	6.789	0.845	0.004
7.756	6.799	0.847	0.004
7.180	6.594	0.847	0.004
6.678	6.279	0.847	0.004
6.260	5.966	0.845	0.004
5.869	5.683	0.842	0.004
5.441	5.414	0.839	0.004
4.997	5.171	0.834	0.004
4.545	4.988	0.829	0.004
4.184	4.824	0.823	0.004
3.909	4.551	0.816	0.003
3.691	4.089	0.810	0.003
3.518	3.539	0.803	0.003
3.463	3.111	0.796	0.003
3.515	2.922	0.789	0.003
3.557	2.876	0.780	0.003
3.498	2.772	0.772	0.003
3.379	2.527	0.764	0.003
3.302	2.261	0.756	0.003
3.288	2.151	0.748	0.003
3.325	2.296	0.739	0.002
3.382	2.577	0.730	0.002
3.426	2.749	0.721	0.002
3.476	2.667	0.711	0.002
3.529	2.461	0.702	0.002
3.540	2.406	0.692	0.002
3.505	2.629	0.682	0.003
3.517	2.929	0.672	0.003
3.608	2.993	0.662	0.003
3.718	2.718	0.652	0.003
3.781	2.294	0.642	0.002
3.798	1.988	0.631	0.002
3.882	1.910	0.621	0.002
4.039	1.975	0.611	0.002
4.338	2.062	0.601	0.002
4.764	2.184	0.591	0.002
5.110	2.462	0.582	0.002
5.376	2.993	0.573	0.002
5.614	3.759	0.564	0.003
5.942	4.641	0.556	0.003
6.334	5.480	0.548	0.003
6.752	6.123	0.540	0.003
7.184	6.475	0.532	0.003
7.684	6.569	0.525	0.004
8.314	6.545	0.518	0.004
8.890	6.555	0.512	0.004
9.205	6.633	0.506	0.004
9.264	6.678	0.500	0.004
9.436	6.515	0.494	0.004
9.994	6.041	0.488	0.004
10.935	5.353	0.482	0.004
11.874	4.829	0.476	0.004
12.432	4.985	0.471	0.004
12.618	6.156	0.466	0.004
12.749	8.080	0.461	0.004
13.200	9.833	0.457	0.004
13.989	10.495	0.454	0.004
14.985	9.914	0.451	0.004
15.749	8.880	0.447	0.005
16.229	8.428	0.444	0.005
16.535	8.906	0.442	0.005
16.892	9.796	0.440	0.005
17.342	10.396	0.439	0.005
17.767	10.526	0.439	0.005
17.990	10.563	0.440	0.005
18.160	10.888	0.441	0.005
18.469	11.521	0.443	0.005
18.864	12.354	0.446	0.005
19.215	13.445	0.449	0.005
19.441	14.809	0.451	0.006
19.590	16.111	0.453	0.006
19.926	17.005	0.454	0.006
20.571	17.673	0.454	0.006
21.422	18.719	0.454	0.006
22.208	20.400	0.453	0.007
22.574	22.223	0.452	0.007
22.170	23.354	0.450	0.007
21.461	23.442	0.449	0.007
20.968	22.479	0.447	0.007
20.998	20.452	0.445	0.007
21.333	17.420	0.443	0.007
21.154	13.832	0.440	0.007
20.343	10.561	0.437	0.006
19.393	8.382	0.434	0.006
18.771	7.316	0.431	0.005
18.401	6.754	0.428	0.005
17.975	6.062	0.424	0.004
17.214	5.078	0.419	0.004
16.300	4.065	0.414	0.004
15.420	3.275	0.409	0.003
14.668	2.706	0.403	0.003
14.004	2.271	0.396	0.003
13.418	1.984	0.388	0.003
12.954	1.947	0.379	0.003
12.839	2.172	0.369	0.002
12.945	2.537	0.359	0.002
13.187	2.942	0.348	0.002
13.580	3.468	0.337	0.003
14.245	4.315	0.326	0.003
15.339	5.610	0.316	0.003
16.427	7.361	0.306	0.003
17.152	9.458	0.296	0.004
17.498	11.759	0.286	0.004
17.935	14.133	0.277	0.005
18.845	16.509	0.268	0.005
20.110	19.001	0.259	0.006
21.233	21.824	0.249	0.006
22.269	24.995	0.240	0.007
23.618	28.185	0.231	0.007
25.552	31.064	0.223	0.008
27.711	33.853	0.216	0.008
29.738	37.491	0.210	0.009
31.754	42.731	0.205	0.009
34.030	49.311	0.203	0.010
36.451	56.191	0.202	0.010
38.264	62.744	0.202	0.011
39.094	69.073	0.203	0.012
39.778	75.327	0.205	0.012
41.020	81.001	0.210	0.013
42.817	85.867	0.216	0.013
44.211	91.090	0.223	0.014
44.375	98.436	0.231	0.014
43.043	107.468	0.239	0.015
41.504	114.859	0.246	0.015
40.887	116.811	0.254	0.016
41.377	113.463	0.262	0.016
42.268	109.566	0.270	0.016
42.684	110.151	0.278	0.016
42.398	116.111	0.287	0.017
41.139	123.851	0.295	0.017
39.780	129.356	0.303	0.017
38.738	131.500	0.311	0.017
37.942	131.164	0.319	0.017
37.204	128.374	0.327	0.017
36.164	122.117	0.335	0.017
34.739	112.491	0.343	0.017
33.252	102.237	0.351	0.017
32.058	94.229	0.358	0.016
30.934	88.660	0.366	0.016
29.547	83.396	0.375	0.015
27.654	76.840	0.383	0.015
25.574	69.744	0.392	0.014
23.647	63.653	0.400	0.014
21.952	58.379	0.409	0.013
20.201	52.376	0.418	0.012
18.346	44.734	0.428	0.012
16.504	36.332	0.437	0.011
14.856	28.936	0.445	0.010
13.482	23.448	0.453	0.009
12.227	19.557	0.461	0.009
10.958	16.662	0.467	0.008
9.685	14.479	0.474	0.007
8.572	12.822	0.479	0.007
7.647	11.230	0.485	0.006
6.931	9.238	0.490	0.006
6.230	6.954	0.495	0.005
5.461	4.949	0.499	0.005
4.685	3.576	0.503	0.004
4.117	2.617	0.508	0.004
3.842	1.680	0.513	0.003
3.823	0.752	0.519	0.003
3.871	0.202	0.524	0.002
3.896	0.296	0.530	0.002
3.956	0.904	0.536	0.002
4.151	1.711	0.542	0.002
4.468	2.592	0.549	0.002
4.843	3.708	0.556	0.002
5.164	5.264	0.563	0.003
5.369	7.289	0.570	0.003
5.469	9.609	0.577	0.004
5.578	11.833	0.583	0.004
5.786	13.561	0.588	0.005
6.103	14.648	0.594	0.005
6.486	15.331	0.599	0.005
6.968	16.135	0.603	0.006
7.592	17.447	0.607	0.006
8.360	19.275	0.610	0.006
9.117	21.444	0.612	0.007
9.790	23.898	0.613	0.007
10.425	26.621	0.614	0.007
11.105	29.506	0.614	0.008
11.991	32.403	0.613	0.008
13.113	35.409	0.612	0.008
14.289	38.921	0.610	0.009
15.590	43.232	0.608	0.009
16.936	47.947	0.605	0.010
17.980	52.397	0.602	0.010
18.728	56.266	0.598	0.011
19.456	59.406	0.594	0.011
20.314	61.638	0.590	0.011
21.291	62.772	0.585	0.012
22.002	63.152	0.579	0.012
22.110	63.782	0.574	0.012
21.821	65.093	0.569	0.012
21.636	65.825	0.563	0.012
21.780	64.463	0.558	0.012
21.932	61.265	0.554	0.012
21.608	58.397	0.549	0.012
20.671	57.570	0.544	0.012
19.502	58.062	0.539	0.012
18.710	57.266	0.534	0.012
18.270	53.601	0.527	0.012
17.756	48.049	0.521	0.011
16.897	42.877	0.513	0.011
15.963	39.164	0.505	0.011
15.372	36.100	0.495	0.010
15.051	32.536	0.485	0.010
14.650	28.708	0.473	0.009
14.016	25.965	0.460	0.009
13.360	24.905	0.446	0.009
12.806	24.682	0.432	0.008
12.389	23.967	0.417	0.008
11.992	22.232	0.402	0.008
11.498	20.053	0.385	0.007
10.964	18.178	0.368	0.007
10.468	16.590	0.351	0.007
9.995	14.714	0.332	0.007
9.512	12.139	0.314	0.006
9.195	9.212	0.295	0.006
8.996	6.765	0.276	0.005
8.731	5.255	0.258	0.005
8.330	4.426	0.242	0.004
7.798	3.772	0.229	0.004
7.321	3.098	0.220	0.004
6.971	2.597	0.216	0.003
6.508	2.448	0.217	0.003
5.777	2.526	0.223	0.003
5.070	2.545	0.236	0.003
4.645	2.401	0.253	0.003
4.474	2.272	0.275	0.002
4.274	2.372	0.299	0.002
3.842	2.702	0.325	0.002
3.285	3.079	0.353	0.003
2.811	3.336	0.381	0.003
2.574	3.488	0.410	0.003
2.551	3.616	0.438	0.003
2.766	3.708	0.463	0.003
3.124	3.690	0.486	0.003
3.584	3.664	0.507	0.003
4.138	4.018	0.525	0.003
4.833	5.172	0.541	0.003
5.701	7.051	0.553	0.004
6.703	9.070	0.563	0.004
7.772	10.607	0.572	0.004
9.063	11.564	0.581	0.005
10.588	12.371	0.588	0.005
12.391	13.542	0.593	0.005
14.411	15.307	0.594	0.006
16.468	17.614	0.591	0.006
18.405	20.429	0.584	0.006
20.146	23.856	0.574	0.007
21.768	27.950	0.561	0.007
23.398	32.584	0.546	0.008
25.123	37.516	0.529	0.008
27.108	42.561	0.510	0.009
28.915	47.533	0.489	0.010
30.595	52.431	0.466	0.010
32.293	57.225	0.442	0.011
34.151	61.704	0.416	0.011
35.959	65.516	0.391	0.012
37.494	68.487	0.367	0.012
38.782	71.015	0.344	0.012
39.971	73.893	0.324	0.013
41.373	77.549	0.308	0.013
43.058	82.004	0.296	0.013
44.922	87.144	0.287	0.014
46.748	93.204	0.283	0.014
48.423	100.381	0.283	0.015
49.758	108.209	0.288	0.015
50.821	115.797	0.297	0.016
51.346	122.447	0.310	0.016
51.438	128.116	0.325	0.017
50.937	132.876	0.342	0.017
49.946	136.159	0.361	0.017
48.317	136.901	0.380	0.018
46.128	134.337	0.399	0.018
43.796	129.191	0.417	0.018
41.741	123.370	0.436	0.018
40.187	118.097	0.453	0.017
38.849	113.031	0.469	0.017
37.048	107.039	0.485	0.017
34.512	99.953	0.499	0.016
31.956	92.460	0.512	0.016
29.509	85.031	0.523	0.015
27.115	77.825	0.534	0.015
25.003	70.762	0.543	0.014
23.525	63.728	0.552	0.014
22.745	56.857	0.561	0.013
22.279	50.313	0.569	0.012
21.569	44.817	0.576	0.012
20.408	41.131	0.583	0.011
19.132	39.184	0.590	0.011
18.098	37.759	0.596	0.010
17.185	35.511	0.601	0.010
15.960	32.115	0.606	0.009
14.232	28.476	0.610	0.009
12.487	25.703	0.613	0.009
11.315	23.905	0.616	0.008
10.653	22.181	0.618	0.008
9.928	19.750	0.620	0.008
8.798	16.759	0.622	0.007
7.516	13.986	0.624	0.007
6.502	11.974	0.627	0.006
5.965	10.616	0.629	0.006
5.642	9.437	0.632	0.006
5.158	8.225	0.635	0.005
4.386	7.112	0.639	0.005
3.524	6.280	0.643	0.005
2.799	5.721	0.648	0.004
2.328	5.257	0.652	0.004
2.128	4.754	0.656	0.004
2.134	4.214	0.661	0.004
2.187	3.676	0.666	0.003
2.133	3.136	0.671	0.003
1.935	2.600	0.676	0.003
1.739	2.157	0.681	0.003
1.574	1.810	0.686	0.003
1.438	1.499	0.691	0.002
1.216	1.133	0.696	0.002
0.901	0.752	0.702	0.002
0.605	0.493	0.708	0.002
0.466	0.423	0.715	0.002
0.495	0.445	0.721	0.001
0.581	0.425	0.727	0.001
0.641	0.343	0.734	0.001
0.635	0.317	0.741	0.001
0.588	0.435	0.748	0.001
0.528	0.649	0.754	0.001
0.457	0.813	0.760	0.001
0.391	0.823	0.766	0.001
0.354	0.688	0.771	0.001
0.359	0.501	0.775	0.001
0.387	0.344	0.779	0.001
0.407	0.243	0.783	0.001
0.403	0.191	0.786	0.001
0.391	0.187	0.789	0.001
0.393	0.242	0.792	0.001
0.419	0.356	0.796	0.001
0.449	0.501	0.799	0.001
0.456	0.635	0.802	0.001
0.456	0.738	0.804	0.001
0.463	0.822	0.805	0.001
0.476	0.912	0.806	0.001
0.486	1.022	0.807	0.001
0.483	1.132	0.807	0.001
0.476	1.205	0.807	0.002
0.473	1.226	0.807	0.002
0.480	1.213	0.806	0.002
0.491	1.213	0.806	0.002
0.494	1.261	0.806	0.002
0.492	1.341	0.805	0.002
0.487	1.396	0.804	0.002
0.473	1.367	0.803	0.002
0.444	1.252	0.803	0.002
0.409	1.104	0.801	0.002
0.381	0.982	0.800	0.002
0.361	0.895	0.800	0.002
0.340	0.818	0.800	0.002
0.314	0.731	0.800	0.001
0.293	0.644	0.799	0.001
0.286	0.573	0.799	0.001
0.290	0.524	0.797	0.001
0.293	0.501	0.795	0.001
0.282	0.520	0.792	0.001
0.256	0.586	0.789	0.001
0.219	0.662	0.786	0.001
0.189	0.688	0.782	0.001
0.176	0.628	0.778	0.001
0.177	0.518	0.773	0.001
0.178	0.434	0.767	0.001
0.170	0.429	0.762	0.001
0.153	0.483	0.756	0.001
0.135	0.534	0.750	0.001
0.122	0.532	0.744	0.001
0.114	0.480	0.737	0.001
0.104	0.417	0.731	0.001
0.088	0.370	0.724	0.001
0.072	0.340	0.718	0.001
0.063	0.306	0.712	0.001
0.062	0.256	0.705	0.001
0.060	0.203	0.698	0.001
0.054	0.170	0.691	0.001
0.046	0.166	0.683	0.001
0.041	0.176	0.676	0.001
0.040	0.176	0.668	0.001
0.042	0.155	0.660	0.001
0.044	0.129	0.651	0.001
0.046	0.119	0.643	0.001
0.047	0.121	0.634	0.001
0.048	0.116	0.626	0.001
0.046	0.099	0.617	0.001
0.044	0.083	0.608	0.001
0.042	0.081	0.600	0.000
0.042	0.089	0.593	0.000
0.044	0.090	0.587	0.000
0.043	0.079	0.582	0.000
0.042	0.070	0.578	0.000
0.043	0.071	0.575	0.000
0.047	0.082	0.573	0.000
0.053	0.095	0.571	0.000
0.054	0.105	0.571	0.000
0.050	0.117	0.572	0.000
0.048	0.136	0.573	0.000
0.050	0.157	0.575	0.001
0.057	0.162	0.577	0.001
0.063	0.156	0.579	0.001
0.065	0.154	0.582	0.001
0.061	0.153	0.585	0.001
0.057	0.153	0.589	0.001
0.054	0.163	0.594	0.001
0.060	0.173	0.601	0.001
0.066	0.166	0.609	0.001
0.065	0.141	0.618	0.001
0.056	0.112	0.627	0.001
0.047	0.091	0.635	0.001
0.046	0.082	0.641	0.001
0.052	0.073	0.645	0.000
0.056	0.056	0.647	0.000
0.051	0.038	0.648	0.000
0.042	0.032	0.647	0.000
0.037	0.037	0.645	0.000
0.040	0.043	0.640	0.000
0.045	0.038	0.635	0.000
0.041	0.028	0.631	0.000
0.029	0.028	0.627	0.000
0.017	0.042	0.624	0.000
0.013	0.068	0.620	0.000
0.017	0.090	0.616	0.000
0.020	0.095	0.610	0.000
0.020	0.083	0.604	0.000
0.017	0.069	0.599	0.000
0.016	0.068	0.592	0.000
0.017	0.081	0.583	0.000
0.022	0.093	0.572	0.000
0.027	0.092	0.559	0.000
0.030	0.084	0.543	0.000
0.031	0.075	0.525	0.000
0.032	0.062	0.507	0.000
0.030	0.041	0.489	0.000
0.027	0.015	0.472	0.000
0.024	0.000	0.456	0.000
0.023	0.009	0.440	0.000
0.023	0.038	0.426	0.000
0.022	0.059	0.412	0.000
0.023	0.054	0.398	0.000
0.026	0.038	0.384	0.000
0.030	0.025	0.369	0.000
0.031	0.019	0.353	0.000
0.028	0.016	0.337	0.000
0.024	0.014	0.319	0.000
0.023	0.021	0.300	0.000
0.028	0.037	0.280	0.000
0.035	0.053	0.259	0.000
