0.000	0.000	0.000	0.000
0.001	0.000	0.000	0.000
0.004	0.000	0.000	0.000
0.010	0.000	0.000	0.000
0.015	0.001	0.000	0.000
0.014	0.002	0.000	0.000
0.011	0.006	0.000	0.000
0.008	0.011	0.000	0.000
0.007	0.017	0.000	0.000
0.008	0.020	0.000	0.000
0.008	0.022	0.000	0.000
0.007	0.023	0.000	0.000
0.006	0.026	0.000	0.000
0.006	0.032	0.000	0.000
0.007	0.039	0.000	0.000
0.008	0.043	0.000	0.000
0.011	0.042	0.000	0.000
0.014	0.037	0.000	0.000
0.016	0.031	0.000	0.000
0.015	0.027	0.000	0.000
0.015	0.026	0.000	0.000
0.014	0.025	0.000	0.000
0.015	0.023	0.000	0.000
0.016	0.019	0.000	0.000
0.015	0.017	0.000	0.000
0.014	0.016	0.000	0.000
0.013	0.016	0.000	0.000
0.013	0.015	0.000	0.000
0.013	0.014	0.000	0.000
0.013	0.014	0.000	0.000
0.012	0.016	0.000	0.000
0.012	0.018	0.000	0.000
0.012	0.019	0.000	0.000
0.011	0.020	0.000	0.000
0.010	0.021	0.000	0.000
0.008	0.022	0.000	0.000
0.009	0.024	0.000	0.000
0.010	0.024	0.000	0.000
0.011	0.023	0.000	0.000
0.011	0.021	0.000	0.000
0.008	0.019	0.000	0.000
0.006	0.020	0.000	0.000
0.005	0.020	0.000	0.000
0.004	0.020	0.000	0.000
0.004	0.018	0.000	0.000
0.003	0.015	0.000	0.000
0.003	0.013	0.000	0.000
0.002	0.011	0.000	0.000
0.001	0.011	0.000	0.000
0.001	0.010	0.000	0.000
0.001	0.009	0.000	0.000
0.001	0.008	0.000	0.000
0.001	0.006	0.000	0.000
0.001	0.004	0.000	0.000
0.001	0.003	0.000	0.000
0.001	0.002	0.000	0.000
0.001	0.002	0.000	0.000
0.001	0.001	0.000	0.000
0.001	0.001	0.000	0.000
0.001	0.000	0.000	0.000
0.001	0.000	0.000	0.000
0.001	0.000	0.000	0.000
0.002	0.001	0.000	0.000
0.002	0.001	0.000	0.000
0.002	0.002	0.000	0.000
0.001	0.003	0.000	0.000
0.002	0.003	0.000	0.000
0.002	0.003	0.000	0.000
0.002	0.002	0.000	0.000
0.002	0.002	0.000	0.000
0.002	0.002	0.000	0.000
0.002	0.002	0.000	0.000
0.002	0.002	0.000	0.000
0.003	0.002	0.000	0.000
0.004	0.002	0.000	0.000
0.004	0.002	0.000	0.000
0.004	0.003	0.000	0.000
0.004	0.004	0.000	0.000
0.003	0.004	0.000	0.000
0.003	0.004	0.000	0.000
0.003	0.004	0.000	0.000
0.003	0.005	0.000	0.000
0.003	0.006	0.000	0.000
0.002	0.007	0.000	0.000
0.003	0.007	0.000	0.000
0.003	0.008	0.000	0.000
0.004	0.009	0.000	0.000
0.004	0.009	0.000	0.000
0.004	0.009	0.000	0.000
0.003	0.010	0.000	0.000
0.003	0.010	0.000	0.000
0.003	0.010	0.000	0.000
0.003	0.009	0.000	0.000
0.003	0.008	0.000	0.000
0.003	0.005	0.000	0.000
0.003	0.004	0.000	0.000
0.003	0.004	0.000	0.000
0.002	0.005	0.000	0.000
0.002	0.005	0.000	0.000
0.002	0.004	0.000	0.000
0.002	0.003	0.063	0.000
0.002	0.002	0.192	0.000
0.002	0.002	0.328	0.000
0.001	0.002	0.396	0.000
0.001	0.002	0.379	0.000
0.002	0.001	0.329	0.000
0.002	0.001	0.309	0.000
0.002	0.001	0.333	0.000
0.002	0.001	0.362	0.000
0.002	0.002	0.365	0.000
0.002	0.002	0.349	0.000
0.002	0.003	0.342	0.000
0.002	0.003	0.356	0.000
0.002	0.004	0.371	0.000
0.003	0.005	0.371	0.000
0.003	0.006	0.357	0.000
0.003	0.005	0.345	0.000
0.003	0.004	0.343	0.000
0.003	0.003	0.341	0.000
0.003	0.003	0.330	0.000
0.003	0.003	0.310	0.000
0.003	0.003	0.291	0.000
0.002	0.003	0.275	0.000
0.002	0.003	0.262	0.000
0.003	0.003	0.244	0.000
0.003	0.004	0.224	0.000
0.004	0.004	0.208	0.000
0.006	0.003	0.197	0.000
0.007	0.003	0.189	0.000
0.007	0.003	0.180	0.000
0.005	0.002	0.173	0.000
0.004	0.002	0.169	0.000
0.004	0.002	0.169	0.000
0.006	0.002	0.170	0.000
0.005	0.002	0.167	0.000
0.003	0.002	0.160	0.000
0.000	0.002	0.151	0.000
-0.000	0.001	0.143	0.000
0.001	0.001	0.137	0.000
0.002	0.001	0.132	0.000
0.002	0.001	0.128	0.000
0.001	0.001	0.123	0.000
0.001	0.001	0.119	0.000
0.001	0.000	0.116	0.000
0.002	0.000	0.115	0.000
0.001	0.000	0.116	0.000
0.001	0.001	0.118	0.000
0.001	0.001	0.120	0.000
0.001	0.001	0.120	0.000
0.001	0.001	0.117	0.000
0.001	0.001	0.110	0.000
0.001	0.002	0.100	0.000
0.001	0.002	0.089	0.000
0.001	0.002	0.079	0.000
0.002	0.002	0.070	0.000
0.002	0.002	0.064	0.000
0.001	0.002	0.061	0.000
0.002	0.002	0.061	0.000
0.002	0.002	0.061	0.000
0.003	0.002	0.062	0.000
0.005	0.002	0.062	0.000
0.005	0.002	0.063	0.000
0.007	0.002	0.064	0.000
0.013	0.003	0.065	0.000
0.034	0.003	0.067	0.000
0.096	0.004	0.069	0.000
0.232	0.007	0.073	0.000
0.480	0.011	0.079	0.000
0.861	0.021	0.091	0.000
1.383	0.036	0.111	0.000
2.036	0.054	0.137	0.000
2.764	0.070	0.166	0.000
3.565	0.079	0.195	0.000
4.362	0.081	0.223	0.000
5.231	0.074	0.251	0.000
6.009	0.061	0.279	0.000
6.572	0.046	0.306	0.000
6.854	0.034	0.331	0.000
7.006	0.028	0.354	0.000
6.938	0.028	0.377	0.000
6.707	0.033	0.399	0.000
6.322	0.039	0.418	0.000
5.938	0.045	0.434	0.000
5.672	0.047	0.449	0.000
5.540	0.042	0.465	0.000
5.385	0.033	0.485	0.000
5.088	0.030	0.507	0.000
4.656	0.036	0.529	0.000
4.179	0.043	0.549	0.000
3.695	0.044	0.567	0.000
3.210	0.034	0.586	0.000
2.754	0.022	0.604	0.000
2.336	0.015	0.623	0.000
1.933	0.015	0.640	0.000
1.555	0.016	0.657	0.000
1.233	0.014	0.674	0.000
0.994	0.009	0.690	0.000
0.841	0.005	0.705	0.000
0.723	0.004	0.718	0.000
0.591	0.003	0.730	0.000
0.451	0.003	0.740	0.000
0.367	0.004	0.748	0.000
0.331	0.007	0.754	0.000
0.293	0.013	0.758	0.000
0.220	0.021	0.760	0.000
0.136	0.026	0.763	0.000
0.093	0.025	0.765	0.000
0.100	0.021	0.764	0.000
0.115	0.015	0.756	0.000
0.105	0.011	0.739	0.000
0.076	0.010	0.713	0.000
0.064	0.011	0.682	0.000
0.082	0.013	0.648	0.000
0.110	0.016	0.612	0.000
0.118	0.019	0.573	0.000
0.105	0.023	0.532	0.000
0.090	0.025	0.492	0.000
0.119	0.024	0.455	0.000
0.150	0.021	0.426	0.000
0.141	0.018	0.405	0.000
0.089	0.016	0.390	0.000
0.035	0.017	0.380	0.000
0.014	0.021	0.374	0.000
0.028	0.026	0.371	0.000
0.043	0.028	0.369	0.000
0.036	0.027	0.367	0.000
0.017	0.026	0.364	0.000
0.009	0.026	0.358	0.000
0.018	0.032	0.353	0.000
0.028	0.039	0.348	0.000
0.025	0.045	0.344	0.000
0.015	0.047	0.341	0.000
0.008	0.045	0.339	0.000
0.011	0.045	0.338	0.000
0.015	0.046	0.338	0.000
0.012	0.047	0.338	0.000
0.007	0.046	0.337	0.000
0.004	0.043	0.336	0.000
0.007	0.039	0.336	0.000
0.011	0.037	0.339	0.000
0.014	0.038	0.344	0.000
0.015	0.036	0.350	0.000
0.016	0.030	0.357	0.000
0.018	0.022	0.365	0.000
0.020	0.015	0.373	0.000
0.020	0.012	0.379	0.000
0.019	0.013	0.385	0.000
0.017	0.013	0.390	0.000
0.015	0.011	0.394	0.000
0.012	0.008	0.397	0.000
0.010	0.005	0.399	0.000
0.008	0.005	0.398	0.000
0.010	0.007	0.394	0.000
0.017	0.010	0.386	0.000
0.027	0.012	0.373	0.000
0.037	0.015	0.358	0.000
0.040	0.020	0.344	0.000
0.035	0.030	0.334	0.000
0.027	0.044	0.331	0.000
0.021	0.055	0.331	0.000
0.019	0.057	0.330	0.000
0.021	0.048	0.325	0.000
0.025	0.036	0.315	0.000
0.031	0.027	0.301	0.000
0.040	0.021	0.283	0.000
0.050	0.017	0.264	0.000
0.056	0.010	0.243	0.000
0.055	0.003	0.222	0.000
0.049	0.000	0.203	0.000
0.043	0.002	0.186	0.000
0.037	0.005	0.172	0.000
0.030	0.008	0.159	0.000
0.021	0.011	0.147	0.000
0.013	0.012	0.137	0.000
0.010	0.013	0.128	0.000
0.011	0.013	0.121	0.000
0.012	0.012	0.115	0.000
0.012	0.013	0.110	0.000
0.010	0.013	0.108	0.000
0.010	0.014	0.108	0.000
0.010	0.012	0.111	0.000
0.012	0.010	0.117	0.000
0.012	0.008	0.126	0.000
0.012	0.008	0.138	0.000
0.013	0.008	0.153	0.000
0.016	0.008	0.172	0.000
0.019	0.007	0.194	0.000
0.020	0.006	0.219	0.000
0.020	0.005	0.245	0.000
0.018	0.005	0.273	0.000
0.015	0.006	0.302	0.000
0.014	0.006	0.332	0.000
0.013	0.006	0.364	0.000
0.011	0.007	0.398	0.000
0.008	0.006	0.433	0.000
0.005	0.005	0.468	0.000
0.004	0.005	0.503	0.000
0.003	0.005	0.536	0.000
0.003	0.005	0.566	0.000
0.003	0.005	0.591	0.000
0.002	0.004	0.611	0.000
0.002	0.003	0.627	0.000
0.001	0.003	0.638	0.000
0.002	0.002	0.647	0.000
0.002	0.002	0.653	0.000
0.002	0.003	0.657	0.000
0.002	0.003	0.659	0.000
0.002	0.003	0.658	0.000
0.003	0.003	0.653	0.000
0.003	0.003	0.645	0.000
0.004	0.004	0.634	0.000
0.004	0.005	0.622	0.000
0.004	0.007	0.609	0.000
0.005	0.009	0.594	0.000
0.006	0.011	0.578	0.000
0.007	0.015	0.561	0.000
0.007	0.020	0.543	0.000
0.008	0.026	0.526	0.000
0.009	0.032	0.510	0.000
0.011	0.036	0.498	0.000
0.013	0.040	0.489	0.000
0.015	0.044	0.485	0.000
0.017	0.047	0.483	0.000
0.018	0.050	0.483	0.000
0.019	0.050	0.481	0.000
0.019	0.049	0.480	0.000
0.019	0.047	0.479	0.000
0.020	0.047	0.479	0.000
0.020	0.047	0.480	0.000
0.018	0.048	0.480	0.000
0.017	0.049	0.480	0.000
0.015	0.048	0.480	0.000
0.014	0.047	0.480	0.000
0.014	0.046	0.482	0.000
0.014	0.046	0.483	0.000
0.012	0.047	0.484	0.000
0.011	0.049	0.485	0.000
0.010	0.051	0.489	0.000
0.011	0.049	0.495	0.000
0.012	0.044	0.505	0.000
0.011	0.040	0.519	0.000
0.009	0.039	0.535	0.000
0.009	0.042	0.551	0.000
0.010	0.043	0.566	0.000
0.011	0.040	0.581	0.000
0.009	0.034	0.595	0.000
0.006	0.030	0.610	0.000
0.004	0.030	0.624	0.000
0.005	0.032	0.633	0.000
0.007	0.034	0.637	0.000
0.008	0.032	0.636	0.000
0.007	0.027	0.632	0.000
0.005	0.022	0.626	0.000
0.005	0.019	0.622	0.000
0.006	0.017	0.620	0.000
0.007	0.016	0.620	0.000
0.007	0.015	0.623	0.000
0.006	0.013	0.629	0.000
0.006	0.012	0.633	0.000
0.007	0.010	0.634	0.000
0.007	0.009	0.630	0.000
0.006	0.008	0.625	0.000
0.006	0.007	0.618	0.000
0.007	0.007	0.613	0.000
0.008	0.007	0.610	0.000
0.007	0.007	0.608	0.000
0.005	0.008	0.609	0.000
0.003	0.009	0.611	0.000
0.016	0.008	0.615	0.000
0.046	0.007	0.620	0.000
0.063	0.006	0.626	0.000
0.049	0.005	0.632	0.000
0.027	0.005	0.637	0.000
0.025	0.005	0.642	0.000
0.037	0.004	0.644	0.000
0.040	0.003	0.646	0.000
0.022	0.003	0.648	0.000
-0.004	0.003	0.649	0.000
-0.013	0.004	0.651	0.000
-0.002	0.004	0.653	0.000
0.012	0.004	0.657	0.000
0.012	0.003	0.662	0.000
0.001	0.003	0.668	0.000
-0.005	0.003	0.675	0.000
0.001	0.002	0.683	0.000
0.009	0.001	0.692	0.000
0.011	0.001	0.702	0.000
0.006	0.002	0.713	0.000
0.002	0.003	0.725	0.000
0.004	0.005	0.736	0.000
0.008	0.007	0.747	0.000
0.010	0.009	0.756	0.000
0.010	0.013	0.765	0.000
0.009	0.016	0.771	0.000
0.011	0.018	0.775	0.000
0.014	0.021	0.776	0.000
0.016	0.025	0.774	0.000
0.018	0.032	0.772	0.000
0.021	0.038	0.769	0.000
0.023	0.042	0.766	0.000
0.037	0.043	0.762	0.000
0.070	0.046	0.758	0.000
0.098	0.053	0.754	0.000
0.109	0.061	0.749	0.000
0.131	0.066	0.745	0.000
0.150	0.067	0.739	0.000
0.152	0.064	0.730	0.000
0.117	0.062	0.720	0.000
0.059	0.064	0.710	0.000
0.014	0.069	0.703	0.000
0.007	0.076	0.696	0.000
0.028	0.080	0.690	0.000
0.045	0.082	0.685	0.000
0.042	0.085	0.682	0.000
0.030	0.088	0.681	0.000
0.027	0.090	0.681	0.000
0.035	0.088	0.680	0.000
0.042	0.084	0.680	0.000
0.038	0.078	0.680	0.000
0.028	0.074	0.681	0.000
0.022	0.072	0.682	0.000
0.025	0.071	0.684	0.000
0.028	0.072	0.686	0.000
0.028	0.073	0.689	0.000
0.024	0.073	0.692	0.000
0.020	0.072	0.697	0.000
0.020	0.072	0.703	0.000
0.023	0.074	0.711	0.000
0.025	0.077	0.721	0.000
0.025	0.076	0.731	0.000
0.024	0.071	0.742	0.000
0.024	0.066	0.752	0.000
0.024	0.066	0.763	0.000
0.025	0.070	0.773	0.000
0.024	0.072	0.783	0.000
0.022	0.070	0.794	0.000
0.023	0.064	0.805	0.000
0.025	0.059	0.815	0.000
0.028	0.060	0.824	0.000
0.036	0.064	0.833	0.000
0.065	0.068	0.842	0.000
0.161	0.069	0.850	0.000
0.399	0.068	0.856	0.000
0.899	0.070	0.859	0.000
1.693	0.080	0.862	0.000
2.894	0.112	0.865	0.001
4.950	0.225	0.870	0.001
8.803	0.692	0.876	0.001
15.989	1.901	0.876	0.001
28.302	3.735	0.865	0.002
44.590	5.280	0.846	0.002
59.646	5.539	0.831	0.002
66.539	4.551	0.830	0.003
62.225	3.350	0.843	0.003
50.609	2.874	0.862	0.003
38.185	3.109	0.877	0.003
28.981	3.326	0.885	0.003
22.939	3.180	0.891	0.003
18.463	3.305	0.897	0.003
14.615	4.658	0.905	0.003
11.929	7.551	0.910	0.004
10.887	11.500	0.913	0.004
10.848	15.876	0.915	0.005
10.662	20.319	0.917	0.005
9.889	24.379	0.921	0.006
8.924	27.063	0.924	0.007
8.208	27.293	0.925	0.007
7.629	24.985	0.926	0.007
6.884	21.405	0.927	0.007
5.919	18.190	0.929	0.007
4.999	16.097	0.931	0.007
4.375	14.719	0.931	0.007
4.036	13.333	0.931	0.006
3.802	11.757	0.931	0.006
3.546	10.374	0.931	0.006
3.349	9.490	0.931	0.005
3.316	8.966	0.930	0.005
3.409	8.458	0.929	0.005
3.474	7.850	0.928	0.005
3.407	7.304	0.927	0.005
3.244	6.952	0.926	0.004
3.084	6.706	0.925	0.004
2.975	6.390	0.923	0.004
2.876	5.972	0.922	0.004
2.749	5.590	0.920	0.004
2.611	5.368	0.918	0.004
2.525	5.276	0.915	0.004
2.523	5.207	0.913	0.004
2.543	5.114	0.910	0.004
2.535	5.033	0.907	0.004
2.513	4.999	0.904	0.004
2.535	4.968	0.900	0.003
2.656	4.881	0.896	0.003
2.854	4.738	0.892	0.003
3.045	4.613	0.888	0.003
3.235	4.629	0.883	0.003
3.586	4.831	0.878	0.003
4.119	5.153	0.874	0.003
4.697	5.488	0.869	0.004
5.218	5.788	0.863	0.004
5.769	6.133	0.858	0.004
6.578	6.673	0.852	0.004
7.797	7.496	0.846	0.004
9.168	8.647	0.840	0.004
10.292	10.179	0.834	0.004
11.076	12.156	0.828	0.005
11.655	14.567	0.822	0.005
12.159	17.278	0.815	0.006
12.632	20.203	0.810	0.006
13.014	23.463	0.804	0.007
13.197	27.212	0.800	0.007
13.148	31.176	0.797	0.008
13.046	34.558	0.795	0.008
13.141	36.711	0.794	0.008
13.790	37.913	0.794	0.009
15.250	39.175	0.794	0.009
17.530	41.145	0.795	0.009
20.535	43.218	0.796	0.010
24.140	43.924	0.797	0.010
28.007	42.371	0.798	0.010
31.847	39.145	0.800	0.010
35.677	35.782	0.801	0.010
39.388	33.299	0.801	0.009
43.175	31.133	0.801	0.009
46.870	27.902	0.799	0.009
49.789	22.998	0.793	0.008
51.337	17.235	0.782	0.008
52.432	12.004	0.764	0.007
54.423	8.069	0.741	0.006
58.728	5.291	0.713	0.006
65.320	3.421	0.679	0.005
73.293	2.871	0.641	0.004
81.266	4.790	0.598	0.004
88.228	10.277	0.553	0.004
93.709	19.569	0.505	0.005
98.623	32.011	0.456	0.006
102.486	46.308	0.407	0.007
105.205	61.211	0.360	0.009
106.593	76.068	0.316	0.010
107.460	90.809	0.279	0.012
108.480	105.361	0.248	0.013
109.178	120.075	0.225	0.015
108.653	135.172	0.210	0.016
106.015	149.553	0.204	0.017
101.526	162.964	0.204	0.018
96.357	175.025	0.209	0.019
90.615	183.767	0.217	0.019
84.321	187.140	0.225	0.020
77.560	184.688	0.234	0.020
71.435	178.521	0.241	0.020
66.774	171.426	0.246	0.020
63.214	164.373	0.249	0.020
59.662	156.483	0.251	0.020
55.747	146.372	0.254	0.020
51.833	134.291	0.258	0.019
48.947	122.213	0.263	0.019
47.465	112.010	0.268	0.018
46.356	103.838	0.274	0.017
44.677	95.817	0.280	0.017
42.173	86.060	0.288	0.016
39.613	74.750	0.296	0.015
37.553	63.952	0.304	0.014
36.247	55.144	0.313	0.013
35.299	48.396	0.321	0.013
34.307	42.936	0.329	0.012
33.252	38.353	0.337	0.011
32.329	34.480	0.345	0.010
31.566	30.922	0.353	0.010
30.766	27.046	0.361	0.009
29.685	23.360	0.368	0.009
28.434	21.203	0.376	0.008
27.489	21.547	0.383	0.008
27.052	23.575	0.391	0.008
26.822	25.292	0.398	0.008
26.476	25.210	0.405	0.008
25.721	23.589	0.413	0.007
24.495	21.847	0.420	0.007
23.058	20.913	0.427	0.007
21.390	20.481	0.434	0.007
19.427	19.722	0.440	0.007
17.224	18.404	0.447	0.007
14.893	17.152	0.452	0.007
12.474	16.534	0.458	0.007
10.079	16.234	0.463	0.006
7.830	15.315	0.468	0.006
5.847	13.205	0.472	0.006
4.191	10.303	0.477	0.006
2.852	7.557	0.481	0.005
1.776	5.550	0.484	0.005
0.978	4.126	0.487	0.004
0.520	2.845	0.490	0.004
0.441	1.642	0.493	0.003
0.721	0.794	0.496	0.003
1.612	0.500	0.499	0.002
3.697	0.641	0.501	0.002
7.633	0.967	0.503	0.001
14.009	1.372	0.505	0.001
22.617	1.850	0.508	0.002
31.877	2.609	0.512	0.002
39.808	4.476	0.515	0.003
43.862	8.726	0.518	0.003
42.211	15.909	0.521	0.004
35.683	24.284	0.524	0.005
27.032	30.693	0.527	0.006
18.970	33.269	0.531	0.007
13.069	32.821	0.535	0.007
9.600	31.464	0.538	0.008
7.804	30.123	0.541	0.008
6.702	27.604	0.545	0.008
5.606	22.743	0.549	0.008
4.326	16.256	0.554	0.007
3.084	10.297	0.560	0.007
2.246	6.526	0.565	0.006
1.944	4.941	0.571	0.006
1.929	4.425	0.576	0.005
1.894	4.038	0.581	0.004
1.912	3.572	0.586	0.004
2.538	3.140	0.592	0.003
3.993	2.686	0.597	0.003
5.968	2.028	0.603	0.003
7.347	1.226	0.608	0.002
7.524	0.661	0.610	0.002
6.870	0.665	0.609	0.002
6.220	1.150	0.604	0.002
5.938	1.745	0.596	0.002
5.813	2.266	0.586	0.002
5.678	2.815	0.577	0.002
5.563	3.492	0.566	0.002
5.575	4.073	0.555	0.002
5.625	4.291	0.544	0.003
5.433	4.311	0.531	0.003
4.791	4.576	0.519	0.003
3.806	5.130	0.507	0.003
2.796	5.380	0.496	0.003
1.995	4.701	0.485	0.003
1.435	3.238	0.474	0.003
1.032	1.843	0.463	0.003
0.725	1.209	0.451	0.003
0.506	1.228	0.437	0.002
0.368	1.225	0.423	0.002
0.277	0.791	0.407	0.002
0.203	0.178	0.391	0.001
0.149	-0.117	0.375	0.001
0.136	0.022	0.359	0.001
0.169	0.261	0.344	0.001
0.217	0.281	0.330	0.001
0.247	0.112	0.318	0.001
0.247	0.010	0.309	0.001
0.230	0.099	0.300	0.001
0.222	0.258	0.293	0.001
0.233	0.324	0.287	0.001
0.247	0.292	0.281	0.001
0.248	0.278	0.276	0.001
0.230	0.344	0.272	0.001
0.215	0.424	0.267	0.001
0.229	0.431	0.263	0.001
0.296	0.369	0.259	0.001
0.490	0.311	0.257	0.001
0.954	0.299	0.256	0.001
1.782	0.318	0.256	0.001
2.782	0.317	0.256	0.001
3.614	0.276	0.256	0.001
4.125	0.228	0.255	0.001
4.289	0.226	0.254	0.001
4.225	0.306	0.253	0.001
4.026	0.474	0.252	0.001
3.726	0.662	0.251	0.001
3.321	0.786	0.250	0.001
2.919	0.790	0.249	0.001
2.630	0.726	0.248	0.001
2.476	0.705	0.248	0.001
2.379	0.796	0.248	0.001
2.253	0.995	0.249	0.001
2.123	1.252	0.251	0.002
2.083	1.513	0.255	0.002
2.144	1.847	0.259	0.002
2.249	2.352	0.265	0.002
2.328	3.059	0.272	0.002
2.383	3.848	0.279	0.002
2.484	4.583	0.287	0.003
2.700	5.254	0.294	0.003
3.017	6.014	0.301	0.003
3.368	7.009	0.306	0.004
3.729	8.222	0.311	0.004
4.124	9.536	0.316	0.004
4.608	10.982	0.320	0.005
5.184	12.884	0.323	0.005
5.778	15.611	0.325	0.005
6.320	19.114	0.326	0.006
6.880	22.749	0.327	0.006
7.600	25.676	0.327	0.007
8.522	27.477	0.328	0.007
9.658	28.406	0.330	0.008
11.053	29.095	0.333	0.008
12.811	29.938	0.337	0.008
15.017	30.722	0.343	0.008
17.773	30.804	0.351	0.008
20.757	29.680	0.359	0.008
23.605	27.476	0.366	0.008
26.277	25.165	0.371	0.008
29.029	23.750	0.376	0.008
31.871	23.160	0.379	0.008
34.718	22.667	0.383	0.008
36.992	22.471	0.385	0.008
38.815	23.929	0.387	0.008
40.884	28.146	0.390	0.008
43.648	34.276	0.398	0.008
46.789	40.542	0.411	0.009
49.439	45.978	0.427	0.009
51.432	51.082	0.442	0.010
52.729	56.914	0.454	0.010
53.591	63.810	0.463	0.011
53.385	71.031	0.471	0.012
52.125	77.355	0.479	0.012
50.465	81.700	0.486	0.013
49.035	83.409	0.492	0.013
47.883	82.261	0.497	0.013
46.540	78.577	0.502	0.014
45.027	73.209	0.505	0.014
43.987	67.381	0.509	0.013
44.242	62.337	0.512	0.013
45.824	58.909	0.517	0.013
47.289	57.308	0.523	0.013
47.449	57.014	0.530	0.012
47.309	57.066	0.534	0.012
48.347	56.462	0.537	0.012
51.227	54.671	0.538	0.012
53.334	51.608	0.538	0.011
53.006	47.477	0.536	0.011
49.933	42.838	0.533	0.011
46.425	38.162	0.529	0.010
44.625	33.909	0.523	0.010
43.743	30.409	0.518	0.010
42.079	27.898	0.512	0.009
39.314	26.505	0.506	0.009
35.766	26.161	0.500	0.009
32.099	26.393	0.494	0.008
28.788	26.564	0.489	0.008
25.778	26.208	0.485	0.008
22.912	25.342	0.481	0.008
20.133	24.296	0.479	0.008
17.271	23.328	0.477	0.008
14.228	22.342	0.476	0.008
11.195	21.028	0.476	0.007
8.609	19.223	0.477	0.007
6.939	17.123	0.478	0.007
6.500	14.897	0.480	0.007
7.571	12.708	0.481	0.006
11.067	10.735	0.482	0.006
17.885	8.883	0.483	0.005
26.917	6.671	0.483	0.005
34.287	3.856	0.481	0.004
35.781	1.262	0.477	0.003
29.227	0.216	0.473	0.003
17.822	0.950	0.469	0.002
7.999	2.220	0.468	0.002
4.753	2.761	0.469	0.001
8.645	2.629	0.472	0.001
17.048	2.952	0.473	0.001
26.304	4.318	0.473	0.002
32.355	5.716	0.472	0.002
32.096	5.446	0.471	0.002
25.004	3.999	0.471	0.002
14.505	3.102	0.473	0.002
5.670	3.777	0.476	0.002
1.882	5.320	0.482	0.002
2.662	6.070	0.487	0.002
5.312	5.526	0.492	0.003
8.051	4.752	0.496	0.003
10.847	4.669	0.498	0.003
13.820	4.767	0.499	0.003
16.818	3.988	0.494	0.003
19.588	2.365	0.485	0.003
21.802	1.269	0.471	0.003
22.347	2.069	0.454	0.003
20.151	4.679	0.439	0.003
15.466	7.317	0.428	0.003
10.304	7.997	0.420	0.003
6.597	6.338	0.415	0.003
4.879	3.740	0.410	0.003
4.113	1.814	0.408	0.003
3.172	1.016	0.407	0.003
2.058	0.753	0.407	0.002
1.511	0.413	0.408	0.002
1.826	0.046	0.409	0.002
2.464	0.058	0.411	0.001
2.694	0.526	0.412	0.001
2.488	1.041	0.415	0.001
2.403	1.196	0.417	0.001
2.758	1.012	0.420	0.001
3.340	0.839	0.422	0.001
3.782	0.934	0.425	0.001
3.917	1.242	0.428	0.002
3.764	1.539	0.431	0.002
3.644	1.699	0.435	0.002
3.595	1.750	0.438	0.002
3.534	1.766	0.442	0.002
3.383	1.749	0.446	0.002
3.226	1.661	0.449	0.002
3.124	1.515	0.452	0.002
3.096	1.398	0.454	0.002
3.053	1.388	0.457	0.002
2.975	1.461	0.458	0.002
2.916	1.514	0.459	0.002
2.916	1.461	0.460	0.002
2.924	1.317	0.461	0.002
2.895	1.182	0.462	0.002
2.839	1.132	0.464	0.002
2.813	1.169	0.466	0.002
2.880	1.236	0.468	0.002
3.057	1.297	0.469	0.002
3.271	1.386	0.470	0.002
3.702	1.593	0.470	0.002
4.114	1.987	0.471	0.002
4.346	2.511	0.471	0.002
4.371	2.992	0.470	0.002
4.435	3.295	0.468	0.002
4.699	3.459	0.464	0.003
5.138	3.699	0.459	0.003
5.545	4.228	0.454	0.003
5.845	5.028	0.448	0.003
6.127	5.778	0.441	0.003
6.515	6.103	0.433	0.003
7.081	5.876	0.424	0.003
7.632	5.299	0.415	0.003
7.921	4.645	0.406	0.003
7.942	4.015	0.396	0.003
7.874	3.349	0.386	0.003
7.892	2.613	0.376	0.003
8.062	1.904	0.366	0.003
8.378	1.353	0.356	0.003
8.784	0.986	0.346	0.002
9.332	0.717	0.338	0.002
10.036	0.461	0.330	0.002
10.919	0.221	0.323	0.001
11.878	0.057	0.317	0.001
12.846	0.013	0.312	0.001
13.877	0.108	0.309	0.001
14.941	0.338	0.308	0.001
16.054	0.707	0.309	0.001
17.153	1.204	0.313	0.001
18.080	1.763	0.318	0.001
18.594	2.294	0.324	0.002
18.739	2.785	0.331	0.002
18.312	3.280	0.339	0.002
17.277	3.842	0.346	0.003
15.838	4.500	0.352	0.003
14.352	5.035	0.358	0.003
13.154	5.344	0.362	0.003
12.048	5.654	0.366	0.003
10.851	6.247	0.370	0.004
9.755	7.056	0.375	0.004
8.987	7.664	0.385	0.004
8.641	7.656	0.396	0.004
8.616	7.280	0.408	0.004
8.725	7.102	0.417	0.004
8.980	7.425	0.422	0.004
9.582	8.083	0.425	0.004
10.718	8.727	0.427	0.004
12.391	9.281	0.429	0.004
14.702	9.857	0.432	0.005
17.636	10.356	0.434	0.005
19.917	10.265	0.437	0.005
20.257	9.147	0.440	0.005
19.467	7.211	0.442	0.004
19.495	5.310	0.443	0.004
21.892	4.263	0.442	0.004
25.606	4.254	0.440	0.004
28.435	4.903	0.437	0.004
29.154	5.704	0.436	0.004
29.009	6.358	0.438	0.004
29.937	6.782	0.445	0.004
31.939	6.943	0.455	0.004
33.696	6.719	0.467	0.004
34.202	5.939	0.478	0.004
34.090	4.809	0.484	0.004
34.728	3.859	0.486	0.004
36.892	3.604	0.483	0.004
38.235	4.225	0.478	0.003
33.160	5.362	0.473	0.003
23.042	6.318	0.471	0.004
12.438	6.791	0.470	0.004
6.343	7.578	0.472	0.004
5.419	11.264	0.476	0.005
6.598	15.172	0.482	0.006
6.588	16.644	0.488	0.006
5.121	18.287	0.495	0.007
3.995	19.302	0.502	0.007
4.271	17.721	0.509	0.007
5.158	13.368	0.515	0.007
5.542	9.331	0.520	0.007
5.519	8.954	0.521	0.007
6.514	12.475	0.519	0.006
10.237	16.202	0.514	0.006
18.160	16.313	0.502	0.006
30.717	12.940	0.484	0.005
44.131	9.676	0.462	0.005
51.842	9.385	0.441	0.005
48.485	11.557	0.427	0.006
35.551	13.975	0.422	0.006
20.658	15.947	0.424	0.006
10.996	18.878	0.428	0.006
7.889	23.710	0.432	0.006
7.510	28.648	0.435	0.007
6.074	30.208	0.439	0.007
3.391	26.708	0.443	0.007
1.611	20.125	0.446	0.007
1.740	14.166	0.448	0.007
2.487	10.884	0.449	0.007
2.236	9.514	0.449	0.006
1.048	8.235	0.451	0.006
0.222	6.374	0.453	0.005
0.469	4.730	0.454	0.005
1.161	4.167	0.455	0.004
1.344	4.472	0.456	0.004
0.920	4.730	0.458	0.004
0.554	4.434	0.460	0.003
0.711	3.889	0.463	0.003
1.162	3.629	0.465	0.003
1.459	3.741	0.467	0.003
1.664	3.897	0.470	0.003
2.269	3.857	0.473	0.003
3.568	3.731	0.476	0.003
5.371	3.747	0.478	0.003
7.533	3.991	0.481	0.003
10.278	4.461	0.484	0.003
13.859	5.144	0.486	0.003
17.904	5.924	0.489	0.003
21.720	6.521	0.490	0.004
24.631	6.693	0.492	0.004
26.084	6.565	0.492	0.004
25.542	6.802	0.493	0.004
23.591	8.381	0.494	0.004
21.991	12.088	0.496	0.005
23.695	17.767	0.500	0.005
29.897	23.836	0.505	0.006
38.561	27.666	0.511	0.006
47.092	27.630	0.517	0.007
52.721	24.471	0.523	0.007
59.378	20.796	0.527	0.007
72.389	19.636	0.530	0.007
90.124	21.970	0.530	0.007
101.994	25.886	0.528	0.007
97.759	28.638	0.523	0.008
78.568	28.805	0.514	0.008
56.416	26.907	0.502	0.008
43.169	24.485	0.489	0.008
41.378	22.820	0.476	0.008
44.887	22.514	0.464	0.008
46.484	23.388	0.455	0.008
43.830	24.547	0.447	0.008
39.211	24.648	0.441	0.007
34.746	22.621	0.437	0.007
30.297	18.682	0.435	0.007
24.899	14.461	0.435	0.007
19.320	11.749	0.435	0.007
14.729	11.141	0.437	0.006
11.609	11.696	0.438	0.006
9.376	11.972	0.441	0.006
7.444	11.293	0.444	0.005
5.862	10.125	0.447	0.005
5.075	9.284	0.450	0.005
5.026	9.043	0.452	0.005
5.132	9.102	0.454	0.005
5.079	9.136	0.455	0.005
4.825	9.159	0.454	0.005
4.581	9.376	0.453	0.005
4.455	9.838	0.451	0.005
4.384	10.326	0.450	0.005
4.242	10.592	0.449	0.005
4.110	10.607	0.448	0.005
4.089	10.491	0.447	0.005
4.137	10.242	0.447	0.005
4.155	9.649	0.447	0.005
4.143	8.681	0.447	0.005
4.221	7.690	0.447	0.005
4.458	7.087	0.447	0.005
4.829	6.911	0.448	0.004
5.235	6.799	0.447	0.004
5.597	6.449	0.447	0.004
6.123	5.923	0.447	0.004
6.728	5.431	0.447	0.004
7.254	5.019	0.447	0.004
7.582	4.620	0.446	0.004
7.766	4.280	0.445	0.004
7.915	4.157	0.442	0.003
8.077	4.287	0.440	0.003
8.157	4.431	0.438	0.003
8.003	4.324	0.436	0.003
7.604	3.964	0.435	0.003
7.071	3.578	0.433	0.003
6.559	3.355	0.433	0.003
6.170	3.270	0.433	0.003
5.908	3.175	0.437	0.003
5.702	3.026	0.447	0.003
5.480	2.913	0.464	0.003
5.303	2.925	0.490	0.003
5.250	2.981	0.522	0.003
5.305	2.948	0.558	0.003
5.451	2.849	0.590	0.003
5.591	2.896	0.617	0.003
5.712	3.302	0.639	0.003
5.824	4.014	0.657	0.003
6.013	4.688	0.673	0.003
6.360	5.114	0.688	0.003
6.925	5.450	0.700	0.003
7.616	6.053	0.710	0.004
8.357	7.099	0.719	0.004
9.152	8.424	0.727	0.004
10.044	9.832	0.735	0.004
11.054	11.456	0.740	0.005
12.170	13.713	0.745	0.005
13.430	16.935	0.749	0.006
14.707	20.915	0.753	0.006
15.875	25.144	0.758	0.007
16.796	29.266	0.762	0.007
17.490	33.327	0.767	0.008
18.018	37.677	0.772	0.008
18.581	42.461	0.778	0.009
19.127	47.325	0.783	0.010
19.473	51.779	0.789	0.010
19.475	55.453	0.795	0.011
19.241	58.225	0.801	0.011
19.199	60.063	0.807	0.011
19.144	60.971	0.813	0.012
18.785	60.993	0.819	0.012
18.742	60.330	0.824	0.012
19.168	59.171	0.830	0.012
19.990	57.585	0.836	0.012
20.967	55.635	0.842	0.012
21.732	53.619	0.847	0.012
22.548	51.826	0.853	0.012
24.112	50.307	0.860	0.011
26.535	48.783	0.869	0.011
29.604	47.034	0.879	0.011
32.816	45.312	0.888	0.011
36.168	44.139	0.896	0.011
39.238	43.575	0.902	0.011
41.637	43.101	0.905	0.010
43.099	41.984	0.906	0.010
44.161	40.679	0.904	0.010
45.333	40.517	0.902	0.010
47.205	42.456	0.898	0.010
49.473	46.646	0.893	0.010
51.899	52.440	0.888	0.011
54.057	58.714	0.881	0.011
56.266	64.523	0.874	0.011
58.042	69.717	0.865	0.012
58.892	74.333	0.856	0.012
58.973	77.605	0.845	0.013
59.197	78.243	0.833	0.013
60.648	76.619	0.819	0.013
63.325	74.114	0.804	0.013
65.624	71.120	0.787	0.013
67.132	66.194	0.769	0.013
67.492	57.611	0.749	0.012
67.649	45.934	0.725	0.012
68.560	34.384	0.700	0.011
69.822	25.663	0.673	0.010
71.152	19.968	0.645	0.009
72.997	15.573	0.614	0.008
76.554	11.215	0.580	0.007
81.769	7.725	0.544	0.007
87.540	6.945	0.506	0.006
92.318	9.532	0.466	0.005
96.029	14.710	0.426	0.005
99.340	21.115	0.385	0.006
102.623	28.918	0.345	0.007
106.297	39.848	0.307	0.008
109.032	55.318	0.269	0.009
110.081	74.855	0.233	0.011
109.905	96.707	0.199	0.012
109.631	119.514	0.168	0.014
109.563	143.205	0.138	0.015
109.545	168.180	0.112	0.017
109.155	193.171	0.089	0.018
108.243	215.526	0.073	0.020
107.253	233.800	0.063	0.021
106.175	248.440	0.063	0.022
105.018	261.049	0.071	0.023
103.418	272.117	0.085	0.024
101.210	280.646	0.100	0.025
98.494	285.645	0.115	0.025
95.612	287.207	0.129	0.026
92.976	286.007	0.143	0.026
90.369	282.322	0.156	0.026
87.434	276.502	0.169	0.026
83.908	270.018	0.180	0.026
79.740	264.727	0.191	0.026
75.032	260.849	0.201	0.025
69.973	256.045	0.210	0.025
65.045	247.288	0.218	0.025
60.260	234.012	0.225	0.024
55.549	218.485	0.232	0.024
50.473	203.156	0.237	0.023
44.882	188.153	0.242	0.023
39.172	171.559	0.246	0.022
33.975	152.121	0.250	0.021
29.616	130.525	0.253	0.020
26.309	109.649	0.256	0.019
23.852	92.065	0.259	0.018
21.837	78.046	0.261	0.016
19.888	65.957	0.264	0.015
17.801	54.244	0.266	0.014
15.834	42.715	0.268	0.013
14.457	33.064	0.269	0.012
13.863	26.600	0.270	0.011
13.800	22.914	0.270	0.010
13.794	20.467	0.271	0.009
13.629	17.647	0.271	0.008
13.425	13.908	0.271	0.007
13.445	9.957	0.271	0.006
13.709	6.905	0.272	0.006
13.794	5.185	0.273	0.005
13.546	4.438	0.274	0.005
13.147	4.042	0.275	0.004
12.828	3.481	0.276	0.003
12.734	3.138	0.277	0.003
12.754	3.537	0.278	0.003
12.617	4.464	0.280	0.003
12.278	5.273	0.282	0.003
12.239	6.219	0.283	0.003
13.155	8.663	0.285	0.004
15.475	12.875	0.288	0.004
18.714	16.436	0.291	0.005
21.548	16.280	0.294	0.005
22.362	12.409	0.297	0.005
19.997	8.250	0.300	0.005
17.085	7.496	0.304	0.005
15.281	10.648	0.308	0.005
15.670	14.961	0.314	0.005
17.717	17.654	0.320	0.005
19.889	18.365	0.327	0.006
20.838	18.191	0.334	0.006
20.578	17.983	0.342	0.006
20.351	17.599	0.351	0.006
20.741	16.712	0.361	0.006
21.166	15.319	0.371	0.006
20.023	13.741	0.381	0.006
17.243	12.178	0.392	0.006
13.868	10.702	0.402	0.006
12.599	9.410	0.411	0.005
15.106	8.504	0.419	0.005
20.931	8.111	0.426	0.005
27.521	7.909	0.431	0.005
32.520	7.137	0.435	0.004
34.266	5.270	0.437	0.004
31.277	2.806	0.440	0.003
22.730	0.996	0.444	0.003
11.516	0.751	0.450	0.003
2.736	1.666	0.461	0.002
-0.330	2.313	0.474	0.002
1.112	1.776	0.489	0.002
3.088	0.586	0.504	0.001
2.833	-0.035	0.518	0.001
0.976	0.420	0.532	0.001
-0.141	1.308	0.545	0.001
0.406	1.701	0.557	0.001
1.429	1.424	0.567	0.001
1.491	1.086	0.576	0.001
0.668	1.217	0.582	0.002
0.093	1.665	0.587	0.002
0.348	1.882	0.590	0.002
0.904	1.628	0.592	0.002
0.968	1.178	0.592	0.002
0.494	0.913	0.591	0.002
0.091	0.893	0.588	0.002
0.200	0.897	0.585	0.002
0.660	0.756	0.580	0.002
1.288	0.544	0.575	0.001
2.343	0.457	0.568	0.001
4.425	0.625	0.561	0.001
7.564	1.066	0.551	0.002
11.023	1.835	0.537	0.002
13.536	3.375	0.519	0.002
14.472	6.691	0.497	0.003
13.926	12.866	0.470	0.004
12.408	21.994	0.442	0.005
10.667	32.460	0.413	0.006
9.340	41.063	0.384	0.007
8.784	44.263	0.354	0.008
8.879	40.648	0.324	0.008
9.210	32.606	0.293	0.009
9.319	25.058	0.262	0.009
9.075	21.845	0.232	0.009
8.649	22.745	0.203	0.008
8.299	24.221	0.178	0.008
8.068	23.040	0.159	0.008
7.936	18.992	0.150	0.007
7.995	14.366	0.152	0.007
8.380	11.400	0.165	0.007
9.154	10.515	0.186	0.006
10.066	10.811	0.213	0.006
10.798	11.538	0.241	0.006
11.292	12.651	0.270	0.006
11.866	14.204	0.299	0.006
12.761	15.835	0.326	0.006
13.935	17.103	0.350	0.006
14.980	18.083	0.372	0.006
15.400	19.284	0.390	0.006
15.228	20.989	0.405	0.007
15.002	22.753	0.418	0.007
15.042	23.745	0.429	0.007
15.496	23.624	0.439	0.007
15.985	22.892	0.446	0.007
16.206	22.389	0.451	0.007
16.305	22.514	0.455	0.007
16.525	22.957	0.458	0.007
16.997	23.298	0.459	0.007
17.501	23.550	0.460	0.007
17.931	23.976	0.461	0.008
18.368	24.644	0.461	0.008
18.943	25.315	0.461	0.008
19.786	25.831	0.462	0.008
20.723	26.455	0.462	0.008
21.527	27.483	0.463	0.008
22.151	28.860	0.465	0.008
22.578	30.228	0.467	0.008
22.834	31.456	0.470	0.008
22.958	32.510	0.473	0.008
23.139	32.877	0.476	0.009
23.574	31.892	0.480	0.009
24.197	29.827	0.484	0.009
25.269	28.317	0.488	0.009
26.482	29.132	0.493	0.009
27.354	32.112	0.498	0.009
27.850	34.779	0.502	0.009
28.202	35.014	0.506	0.009
29.056	33.207	0.510	0.009
30.198	31.570	0.515	0.009
31.273	31.266	0.519	0.009
32.210	31.049	0.524	0.009
33.176	28.938	0.529	0.009
34.249	25.065	0.534	0.008
35.340	21.553	0.537	0.008
36.327	20.130	0.540	0.008
37.053	20.367	0.542	0.008
37.713	20.593	0.543	0.007
38.717	19.796	0.545	0.007
39.895	18.395	0.549	0.007
40.726	17.436	0.556	0.007
40.986	17.466	0.567	0.007
40.886	18.386	0.581	0.007
40.577	20.042	0.600	0.007
40.491	22.494	0.619	0.007
40.832	25.828	0.638	0.007
41.618	29.860	0.654	0.008
43.622	34.235	0.665	0.008
45.731	38.725	0.668	0.009
47.558	43.445	0.663	0.009
48.772	48.765	0.651	0.010
49.712	54.913	0.636	0.010
50.568	61.495	0.620	0.011
51.070	67.253	0.605	0.011
50.856	70.570	0.589	0.012
50.488	70.521	0.572	0.012
51.010	67.936	0.555	0.012
52.917	64.919	0.537	0.013
55.253	63.350	0.521	0.013
56.844	63.541	0.504	0.013
56.907	64.421	0.487	0.013
56.522	65.200	0.471	0.013
57.294	66.042	0.455	0.013
59.746	67.302	0.441	0.013
63.124	68.610	0.427	0.013
66.097	68.868	0.414	0.013
68.160	67.510	0.402	0.013
68.701	65.061	0.392	0.013
67.427	62.232	0.383	0.012
63.958	59.125	0.374	0.012
59.197	55.377	0.367	0.012
53.976	50.889	0.360	0.012
48.997	46.181	0.355	0.011
43.457	42.045	0.351	0.011
37.048	38.896	0.349	0.011
30.175	36.544	0.348	0.010
24.378	34.469	0.348	0.010
21.083	32.222	0.349	0.009
20.771	29.724	0.350	0.009
21.987	27.174	0.352	0.009
23.281	24.598	0.354	0.008
24.011	21.847	0.356	0.008
24.598	18.928	0.358	0.008
26.373	16.155	0.360	0.007
28.585	14.036	0.364	0.007
29.684	12.889	0.368	0.006
28.872	12.325	0.372	0.006
26.806	11.688	0.377	0.006
24.849	10.633	0.381	0.005
24.209	9.401	0.385	0.005
24.811	8.565	0.389	0.005
25.633	8.648	0.392	0.005
25.905	9.953	0.396	0.005
25.502	12.097	0.399	0.005
24.793	13.400	0.402	0.005
24.225	12.258	0.405	0.005
23.577	8.950	0.408	0.005
22.655	5.655	0.411	0.005
22.041	4.579	0.414	0.005
21.171	5.729	0.416	0.004
19.998	7.037	0.419	0.004
18.658	6.739	0.422	0.004
17.193	5.097	0.425	0.004
16.042	3.767	0.427	0.004
15.411	3.814	0.429	0.004
14.958	4.731	0.430	0.003
14.265	5.329	0.432	0.003
13.435	5.177	0.432	0.003
12.723	4.880	0.433	0.003
12.351	5.213	0.433	0.004
12.188	6.218	0.433	0.004
11.977	7.358	0.433	0.004
11.560	8.245	0.433	0.004
10.886	8.973	0.433	0.004
10.305	9.772	0.434	0.004
10.116	10.606	0.436	0.005
10.102	11.210	0.439	0.005
10.176	11.496	0.443	0.005
10.359	11.711	0.448	0.005
10.858	12.172	0.453	0.005
11.882	12.971	0.459	0.005
13.387	14.031	0.464	0.006
15.266	15.338	0.470	0.006
17.462	17.050	0.476	0.006
20.002	19.397	0.481	0.006
22.735	22.357	0.486	0.007
25.606	25.716	0.489	0.007
28.445	29.019	0.492	0.007
31.273	32.180	0.493	0.008
33.969	35.550	0.493	0.008
36.393	39.442	0.492	0.009
38.447	43.581	0.489	0.009
39.831	47.367	0.484	0.010
40.332	50.774	0.478	0.010
40.031	54.125	0.470	0.011
39.359	57.179	0.460	0.011
38.386	59.002	0.449	0.011
36.829	59.352	0.436	0.012
34.507	60.424	0.422	0.012
32.111	63.139	0.407	0.012
30.918	63.355	0.390	0.012
32.407	57.627	0.372	0.012
34.810	48.205	0.352	0.012
36.168	42.918	0.331	0.012
36.290	59.749	0.310	0.012
36.978	105.993	0.290	0.013
39.759	155.807	0.269	0.014
44.309	172.200	0.250	0.015
48.586	147.739	0.234	0.016
50.930	112.266	0.222	0.016
51.678	99.004	0.215	0.017
52.022	111.758	0.213	0.017
53.128	126.963	0.217	0.017
54.563	125.471	0.225	0.017
55.078	112.626	0.237	0.017
54.202	107.292	0.252	0.017
52.436	116.435	0.270	0.017
50.557	128.583	0.288	0.017
48.650	130.430	0.307	0.017
45.956	122.710	0.326	0.017
42.368	116.129	0.345	0.017
38.515	116.000	0.363	0.017
34.657	116.446	0.381	0.017
30.365	109.212	0.398	0.016
25.007	93.870	0.413	0.016
19.054	77.332	0.428	0.015
13.426	65.207	0.440	0.015
9.188	56.653	0.452	0.014
6.575	47.671	0.463	0.013
5.036	36.953	0.472	0.012
3.917	26.951	0.481	0.011
3.063	20.196	0.490	0.010
2.709	16.348	0.499	0.009
3.560	13.365	0.507	0.008
6.637	10.340	0.515	0.007
11.951	8.194	0.522	0.006
18.046	7.782	0.529	0.006
22.555	8.378	0.536	0.005
24.228	8.390	0.543	0.005
24.345	7.169	0.550	0.004
24.462	5.706	0.556	0.004
24.487	5.573	0.561	0.004
22.742	7.392	0.566	0.004
18.240	10.469	0.570	0.004
12.571	13.722	0.573	0.005
8.505	17.212	0.574	0.005
7.692	22.578	0.574	0.006
9.851	30.864	0.574	0.007
15.603	39.923	0.572	0.007
27.134	45.344	0.570	0.008
44.677	44.258	0.567	0.008
63.424	37.903	0.561	0.009
74.581	30.529	0.554	0.009
71.574	25.715	0.547	0.009
58.967	23.788	0.540	0.009
41.469	22.742	0.536	0.008
24.655	21.046	0.533	0.008
11.833	19.021	0.532	0.008
4.309	17.593	0.531	0.007
1.588	16.667	0.531	0.007
2.057	14.986	0.531	0.006
3.183	11.715	0.531	0.006
3.078	7.599	0.531	0.006
1.869	4.323	0.531	0.005
0.914	2.940	0.530	0.005
0.961	2.982	0.530	0.004
1.447	3.124	0.530	0.003
1.488	2.610	0.530	0.003
1.046	1.771	0.529	0.003
0.768	1.351	0.529	0.003
1.276	1.615	0.529	0.002
2.100	2.090	0.528	0.002
2.556	2.699	0.528	0.002
2.552	4.274	0.527	0.003
2.688	7.250	0.528	0.003
3.515	10.297	0.529	0.004
4.984	11.301	0.531	0.004
6.753	10.095	0.533	0.004
9.812	8.538	0.537	0.005
14.362	8.806	0.542	0.005
18.455	11.914	0.548	0.005
20.514	17.691	0.555	0.006
21.611	26.223	0.563	0.007
26.047	37.785	0.573	0.007
33.066	50.690	0.583	0.008
39.106	62.459	0.595	0.010
41.458	71.026	0.608	0.011
41.151	76.166	0.622	0.011
40.892	79.071	0.636	0.012
41.906	80.374	0.652	0.013
42.445	79.359	0.667	0.013
41.263	75.267	0.683	0.013
38.983	68.809	0.699	0.013
37.393	61.950	0.714	0.013
37.157	56.405	0.728	0.013
37.049	52.427	0.742	0.012
36.522	49.063	0.754	0.012
35.766	45.354	0.765	0.011
35.588	41.413	0.773	0.011
35.835	38.210	0.779	0.011
35.686	36.501	0.782	0.010
34.967	36.120	0.783	0.010
33.768	36.339	0.781	0.010
33.138	36.781	0.777	0.010
34.005	37.895	0.772	0.010
35.574	40.268	0.766	0.010
36.663	43.726	0.758	0.010
36.387	47.335	0.749	0.010
33.915	50.560	0.739	0.010
30.202	53.649	0.728	0.011
27.045	56.984	0.715	0.011
25.617	60.211	0.700	0.011
25.786	62.295	0.685	0.012
26.429	62.587	0.669	0.012
26.666	61.590	0.651	0.012
27.124	60.551	0.633	0.012
28.049	60.025	0.613	0.012
29.271	59.525	0.592	0.012
30.418	58.456	0.571	0.012
31.356	56.984	0.551	0.012
32.118	55.796	0.532	0.012
32.859	55.111	0.514	0.012
33.515	54.192	0.498	0.012
33.917	52.117	0.484	0.011
34.043	48.699	0.472	0.011
33.998	44.680	0.462	0.011
33.961	41.026	0.454	0.011
34.094	38.155	0.447	0.010
33.907	35.809	0.442	0.010
33.417	33.629	0.439	0.010
32.754	31.643	0.437	0.009
32.072	30.011	0.436	0.009
31.415	28.551	0.437	0.009
30.354	26.703	0.438	0.008
28.830	24.118	0.440	0.008
27.117	21.148	0.442	0.008
25.189	18.611	0.444	0.008
23.555	17.086	0.447	0.007
21.751	16.415	0.450	0.007
19.671	15.930	0.455	0.007
17.630	15.125	0.459	0.006
16.002	14.030	0.464	0.006
14.649	12.979	0.467	0.006
13.476	12.111	0.471	0.006
11.910	11.185	0.473	0.006
9.506	9.897	0.475	0.005
6.992	8.271	0.477	0.005
5.422	6.627	0.479	0.005
5.169	5.205	0.481	0.004
6.226	3.960	0.484	0.004
8.647	2.744	0.486	0.004
13.199	1.613	0.487	0.003
20.901	0.779	0.487	0.003
32.207	0.344	0.485	0.002
46.097	0.263	0.483	0.002
60.579	0.478	0.480	0.001
71.289	0.873	0.475	0.001
73.324	1.354	0.469	0.001
67.443	2.524	0.457	0.002
55.599	5.916	0.441	0.002
43.580	12.475	0.423	0.003
30.203	19.366	0.411	0.004
16.169	21.298	0.407	0.004
4.166	16.238	0.409	0.004
-1.855	7.894	0.412	0.004
-1.367	2.163	0.412	0.004
2.066	1.646	0.410	0.004
3.813	4.144	0.408	0.004
2.668	5.808	0.408	0.003
1.295	5.001	0.409	0.003
2.440	3.157	0.410	0.003
6.137	2.329	0.411	0.003
10.515	3.147	0.411	0.003
14.103	5.674	0.412	0.004
15.977	11.364	0.411	0.004
15.561	22.354	0.409	0.005
12.821	38.251	0.405	0.006
9.000	53.264	0.402	0.007
6.114	59.352	0.402	0.008
5.440	53.021	0.402	0.009
6.432	38.886	0.402	0.009
7.543	25.747	0.402	0.009
7.819	19.381	0.402	0.009
7.539	19.685	0.404	0.009
7.407	23.323	0.407	0.009
7.574	27.595	0.411	0.008
7.626	31.350	0.417	0.008
7.276	33.535	0.423	0.008
6.722	32.707	0.431	0.008
6.362	28.683	0.439	0.008
6.315	23.508	0.447	0.008
6.348	19.917	0.454	0.008
6.205	18.765	0.461	0.008
6.016	18.575	0.467	0.007
5.985	17.543	0.472	0.007
6.132	15.554	0.477	0.007
6.316	13.920	0.481	0.006
6.312	13.614	0.483	0.006
6.082	14.259	0.486	0.006
5.727	14.769	0.487	0.006
5.363	14.490	0.489	0.006
4.974	13.516	0.491	0.006
4.419	12.121	0.493	0.006
3.597	10.414	0.496	0.005
2.541	8.416	0.498	0.005
1.590	6.342	0.500	0.005
1.773	4.508	0.500	0.004
4.729	3.027	0.497	0.004
10.130	1.927	0.487	0.003
15.167	1.497	0.470	0.003
15.756	1.980	0.450	0.003
11.507	2.859	0.434	0.002
5.212	3.227	0.423	0.002
0.840	2.669	0.419	0.002
-0.098	1.691	0.417	0.002
0.838	1.230	0.413	0.002
1.307	1.566	0.408	0.002
0.703	2.049	0.402	0.002
0.038	1.928	0.395	0.002
0.165	1.180	0.388	0.002
0.751	0.459	0.380	0.002
0.936	0.316	0.371	0.002
0.501	0.647	0.361	0.002
0.010	0.929	0.352	0.001
-0.017	0.835	0.342	0.001
0.306	0.513	0.332	0.001
0.526	0.284	0.322	0.001
0.509	0.253	0.311	0.001
0.619	0.273	0.300	0.001
1.304	0.204	0.290	0.001
3.051	0.082	0.280	0.001
5.597	0.029	0.270	0.001
7.475	0.094	0.261	0.001
7.927	0.229	0.253	0.001
7.399	0.377	0.245	0.001
6.195	0.483	0.238	0.001
4.992	0.489	0.233	0.001
4.299	0.457	0.230	0.001
4.309	0.479	0.231	0.001
5.063	0.564	0.234	0.001
6.461	0.621	0.241	0.001
8.331	0.619	0.251	0.001
10.207	0.700	0.263	0.001
11.872	1.081	0.278	0.001
13.277	1.827	0.294	0.002
14.261	2.825	0.309	0.002
14.825	3.821	0.324	0.002
14.980	4.662	0.336	0.003
14.567	5.495	0.346	0.003
13.595	6.747	0.355	0.003
12.254	8.877	0.360	0.004
10.770	12.265	0.364	0.005
9.404	16.807	0.365	0.005
8.525	21.811	0.364	0.006
8.503	26.316	0.361	0.006
9.516	29.689	0.356	0.007
11.550	31.936	0.347	0.008
14.186	33.431	0.337	0.008
16.890	33.947	0.326	0.008
19.405	32.677	0.317	0.008
21.807	28.970	0.313	0.008
24.023	23.260	0.313	0.008
25.975	16.989	0.316	0.008
27.245	11.699	0.318	0.007
27.950	8.151	0.318	0.007
28.094	6.299	0.317	0.006
27.622	5.835	0.314	0.005
26.639	6.571	0.312	0.005
25.227	8.121	0.307	0.005
23.750	9.643	0.302	0.004
22.424	10.307	0.294	0.004
21.337	9.926	0.286	0.005
20.426	9.154	0.274	0.005
19.548	8.940	0.259	0.005
18.865	9.772	0.239	0.005
18.592	11.465	0.217	0.005
18.819	13.498	0.196	0.005
19.436	15.495	0.178	0.006
20.271	17.519	0.165	0.006
21.239	19.991	0.157	0.006
22.386	23.312	0.155	0.007
23.790	27.597	0.160	0.007
25.373	32.557	0.172	0.008
26.938	37.795	0.190	0.008
28.545	42.932	0.215	0.009
30.463	47.660	0.244	0.009
32.731	51.761	0.279	0.010
35.211	55.173	0.316	0.010
37.864	57.992	0.355	0.011
41.137	60.242	0.394	0.011
45.296	61.489	0.434	0.012
50.748	61.254	0.474	0.012
57.022	59.564	0.513	0.012
62.744	57.106	0.550	0.012
66.511	54.558	0.585	0.012
66.870	52.141	0.617	0.012
64.213	49.693	0.646	0.011
61.057	47.163	0.671	0.011
59.618	44.814	0.694	0.011
59.624	42.912	0.713	0.011
59.032	41.277	0.728	0.010
55.840	39.635	0.740	0.010
50.758	37.895	0.749	0.010
47.129	36.379	0.753	0.010
46.511	35.126	0.751	0.010
47.150	33.869	0.744	0.009
46.822	32.069	0.732	0.009
45.449	29.342	0.718	0.009
45.138	25.762	0.703	0.009
46.250	21.919	0.687	0.008
47.591	18.393	0.670	0.008
47.966	15.341	0.651	0.007
47.618	12.389	0.632	0.007
48.362	9.229	0.613	0.006
50.561	6.163	0.594	0.005
52.605	3.842	0.571	0.005
52.369	2.507	0.547	0.004
49.411	1.728	0.524	0.003
45.884	0.972	0.503	0.003
43.031	0.336	0.484	0.002
40.592	0.510	0.467	0.002
37.403	2.013	0.451	0.001
33.238	4.618	0.438	0.002
29.138	7.629	0.426	0.002
26.084	10.658	0.416	0.003
24.006	13.952	0.408	0.004
22.145	17.871	0.401	0.005
19.990	22.275	0.395	0.006
17.751	26.648	0.390	0.006
15.858	30.063	0.386	0.007
14.470	31.800	0.383	0.008
13.327	31.860	0.381	0.008
12.179	31.031	0.378	0.008
10.962	30.261	0.376	0.008
9.754	29.765	0.373	0.008
8.704	28.688	0.371	0.008
7.905	26.170	0.369	0.008
7.693	22.302	0.367	0.008
8.054	18.082	0.366	0.008
8.725	14.431	0.365	0.007
8.784	11.489	0.363	0.007
7.978	8.905	0.362	0.006
6.929	6.596	0.361	0.005
6.494	4.926	0.359	0.005
6.799	4.169	0.358	0.004
7.223	4.055	0.356	0.004
7.118	4.027	0.354	0.004
6.511	3.694	0.352	0.003
6.003	3.177	0.350	0.003
6.214	2.973	0.347	0.003
6.827	3.506	0.344	0.003
7.297	4.666	0.340	0.003
7.288	6.018	0.337	0.003
7.279	7.253	0.333	0.004
7.624	8.604	0.329	0.004
8.422	10.416	0.325	0.004
9.577	12.339	0.322	0.005
11.051	13.670	0.319	0.005
12.910	14.325	0.317	0.005
15.048	14.923	0.315	0.006
17.060	16.126	0.314	0.006
18.260	17.575	0.313	0.006
18.022	17.890	0.314	0.006
16.163	16.271	0.314	0.006
12.980	13.105	0.314	0.006
9.098	9.624	0.313	0.006
5.503	6.984	0.312	0.005
3.006	5.431	0.309	0.005
1.823	4.913	0.306	0.005
1.502	5.485	0.301	0.004
1.396	6.694	0.296	0.004
1.161	7.350	0.290	0.004
0.906	6.386	0.286	0.004
0.892	4.008	0.281	0.003
1.201	1.682	0.275	0.003
1.892	0.756	0.268	0.003
3.287	1.174	0.260	0.003
5.721	1.786	0.248	0.002
8.953	1.748	0.234	0.002
10.135	1.375	0.217	0.002
8.931	1.509	0.199	0.002
6.090	2.382	0.184	0.002
3.483	3.208	0.174	0.002
2.332	3.230	0.168	0.002
2.408	2.680	0.165	0.002
2.520	2.474	0.162	0.003
2.024	3.119	0.161	0.003
1.287	4.060	0.163	0.003
0.943	4.297	0.168	0.003
1.125	3.532	0.177	0.003
1.521	2.404	0.190	0.003
1.922	1.709	0.206	0.003
2.583	1.631	0.225	0.003
4.143	1.816	0.249	0.003
7.162	2.131	0.275	0.003
11.960	3.354	0.305	0.003
18.100	7.043	0.336	0.004
24.407	14.887	0.368	0.005
29.824	27.721	0.401	0.006
33.387	45.471	0.433	0.007
35.196	67.646	0.464	0.009
36.101	92.327	0.495	0.011
37.409	115.040	0.525	0.012
39.574	130.554	0.554	0.014
41.981	135.839	0.578	0.015
43.671	133.046	0.598	0.016
44.492	128.351	0.614	0.017
45.387	128.019	0.626	0.017
47.130	135.153	0.636	0.018
49.155	149.152	0.642	0.018
50.652	167.387	0.646	0.019
51.569	186.746	0.648	0.020
52.007	203.499	0.649	0.020
52.550	213.532	0.651	0.021
53.204	214.265	0.651	0.021
53.678	207.205	0.652	0.022
53.741	197.163	0.651	0.022
53.653	188.507	0.651	0.022
53.690	182.009	0.652	0.022
53.877	175.486	0.653	0.021
54.176	166.743	0.654	0.021
54.063	156.017	0.657	0.020
53.762	145.614	0.660	0.020
53.925	137.307	0.665	0.019
54.861	130.777	0.670	0.019
56.369	123.932	0.676	0.018
59.028	115.319	0.682	0.018
61.952	105.472	0.688	0.017
64.182	95.760	0.693	0.017
66.109	87.098	0.699	0.016
67.133	78.590	0.704	0.015
66.260	68.612	0.709	0.014
64.251	57.385	0.713	0.013
62.260	46.046	0.716	0.013
60.967	35.679	0.718	0.012
59.713	26.641	0.720	0.010
57.312	18.827	0.720	0.009
53.742	13.227	0.719	0.008
50.127	9.903	0.717	0.007
47.968	7.201	0.713	0.006
47.808	4.353	0.708	0.005
48.886	309.081	0.701	0.010
50.479	687.180	0.693	0.029
52.709	1083.346	0.683	0.060
55.962	2084.820	0.673	0.092
60.008	8285.526	0.661	0.116
64.831	14654.157	0.648	0.127
69.242	14830.827	0.634	0.129
72.915	8709.688	0.619	0.129
76.389	2185.944	0.603	0.130
80.241	735.305	0.586	0.131
84.388	3599.385	0.569	0.132
88.230	5511.449	0.550	0.131
90.961	3430.687	0.531	0.131
92.337	-474.487	0.512	0.129
92.779	-2026.155	0.494	0.121
93.148	-381.307	0.476	0.104
93.147	1575.647	0.459	0.079
92.462	1339.003	0.442	0.048
89.493	-339.211	0.426	0.024
85.769	-1105.839	0.410	0.012
83.593	-203.016	0.396	0.012
83.353	952.612	0.381	0.018
83.537	932.359	0.367	0.022
80.842	15.844	0.353	0.021
74.302	-504.061	0.340	0.019
66.787	-84.644	0.329	0.020
61.688	574.673	0.318	0.021
59.696	634.684	0.307	0.023
59.075	151.840	0.297	0.022
57.819	-180.130	0.288	0.021
55.325	2.408	0.279	0.020
52.220	366.916	0.271	0.021
48.649	431.988	0.263	0.022
44.544	176.470	0.256	0.021
39.204	-33.068	0.249	0.020
33.912	35.067	0.243	0.020
29.698	228.108	0.238	0.020
26.543	274.425	0.234	0.019
23.468	136.048	0.231	0.019
19.930	5.082	0.230	0.018
16.534	24.199	0.228	0.017
14.108	125.345	0.226	0.016
12.782	155.797	0.222	0.015
11.948	79.799	0.217	0.014
11.135	-2.412	0.212	0.013
10.332	-2.908	0.208	0.012
9.866	51.519	0.204	0.011
9.823	75.777	0.200	0.011
9.869	40.572	0.197	0.010
9.731	-4.541	0.193	0.009
9.472	-7.493	0.191	0.008
9.285	23.298	0.188	0.008
9.295	41.982	0.186	0.007
9.375	27.603	0.184	0.007
9.396	3.541	0.183	0.007
9.291	-0.041	0.181	0.006
9.090	16.245	0.180	0.006
8.845	28.563	0.179	0.006
8.557	23.599	0.179	0.006
8.222	12.164	0.180	0.006
7.929	10.723	0.182	0.007
7.789	20.231	0.185	0.007
7.854	28.077	0.189	0.007
8.016	26.027	0.192	0.007
8.124	19.237	0.196	0.007
8.073	17.242	0.201	0.007
7.847	21.659	0.205	0.007
7.582	26.051	0.210	0.007
7.365	25.466	0.215	0.007
7.170	22.114	0.220	0.007
6.914	21.132	0.226	0.007
6.585	23.628	0.232	0.008
6.230	26.173	0.240	0.008
5.938	25.927	0.247	0.008
5.710	24.036	0.255	0.008
5.476	23.474	0.263	0.008
5.153	25.036	0.272	0.008
4.770	26.597	0.280	0.008
4.397	25.983	0.290	0.008
4.100	23.408	0.299	0.008
3.850	20.664	0.309	0.007
3.580	18.776	0.319	0.007
3.261	17.164	0.330	0.007
2.929	14.899	0.341	0.007
2.604	12.111	0.352	0.006
2.272	9.773	0.363	0.006
1.911	8.430	0.376	0.006
1.527	7.629	0.389	0.005
1.156	6.601	0.403	0.005
0.840	5.181	0.418	0.004
0.596	3.846	0.433	0.004
0.423	3.024	0.450	0.004
0.314	2.611	0.467	0.003
0.263	2.219	0.484	0.003
0.247	1.678	0.501	0.003
0.239	1.161	0.518	0.002
0.223	0.876	0.533	0.002
0.199	0.795	0.547	0.002
0.173	0.722	0.560	0.002
0.148	0.555	0.572	0.001
0.123	0.376	0.583	0.001
0.099	0.304	0.592	0.001
0.080	0.338	0.601	0.001
0.068	0.371	0.610	0.001
0.062	0.331	0.619	0.001
0.055	0.247	0.628	0.001
0.045	0.191	0.636	0.001
0.036	0.180	0.644	0.001
0.030	0.171	0.651	0.001
0.027	0.133	0.657	0.001
0.024	0.077	0.664	0.001
0.019	0.039	0.670	0.001
0.013	0.030	0.676	0.000
0.010	0.028	0.681	0.000
0.011	0.015	0.686	0.000
0.012	-0.003	0.691	0.000
0.013	-0.008	0.696	0.000
0.013	0.003	0.701	0.000
0.016	0.019	0.707	0.000
0.023	0.025	0.711	0.000
0.034	0.022	0.716	0.000
0.060	0.020	0.720	0.000
0.236	0.023	0.724	0.000
1.090	0.031	0.729	0.000
3.385	0.047	0.734	0.000
7.367	0.102	0.738	0.000
12.924	0.305	0.741	0.001
18.508	0.874	0.740	0.001
22.132	1.781	0.738	0.001
22.191	2.456	0.733	0.001
18.930	2.494	0.726	0.002
14.226	2.522	0.718	0.002
10.076	3.928	0.707	0.003
7.295	7.307	0.696	0.003
5.569	11.059	0.687	0.003
4.304	12.347	0.681	0.004
3.351	9.967	0.677	0.004
2.878	5.723	0.673	0.004
2.823	2.593	0.669	0.004
2.787	1.831	0.664	0.004
2.449	2.259	0.658	0.003
1.914	2.112	0.653	0.003
1.450	1.062	0.649	0.002
1.169	0.182	0.645	0.002
0.960	0.303	0.641	0.002
0.717	1.012	0.638	0.002
0.505	1.339	0.636	0.002
0.459	0.966	0.635	0.001
0.605	0.431	0.634	0.001
0.931	0.297	0.632	0.001
1.776	0.507	0.630	0.001
3.789	0.646	0.626	0.001
7.747	0.576	0.617	0.001
13.815	0.636	0.599	0.001
21.209	1.533	0.570	0.002
28.673	4.266	0.529	0.002
35.228	9.778	0.479	0.003
40.503	18.258	0.428	0.004
44.624	28.967	0.381	0.005
47.615	40.324	0.346	0.007
49.162	50.206	0.325	0.008
49.035	56.446	0.321	0.009
46.604	57.985	0.330	0.010
41.764	56.047	0.350	0.011
35.268	53.074	0.373	0.011
28.657	50.451	0.397	0.011
23.904	48.032	0.419	0.011
22.349	45.276	0.439	0.011
22.729	42.668	0.458	0.011
23.383	41.646	0.475	0.011
23.788	42.779	0.491	0.010
24.889	44.634	0.505	0.010
27.292	44.961	0.518	0.010
30.306	42.796	0.531	0.010
32.673	39.268	0.543	0.010
33.554	36.686	0.556	0.010
33.628	36.463	0.569	0.010
34.373	38.506	0.582	0.010
36.438	41.883	0.596	0.010
39.391	45.873	0.610	0.010
42.308	49.696	0.625	0.010
44.569	53.179	0.641	0.011
46.149	56.227	0.655	0.011
47.057	58.485	0.670	0.011
46.888	59.403	0.683	0.011
45.960	59.055	0.694	0.012
44.280	58.187	0.704	0.012
42.425	58.260	0.712	0.012
40.478	59.442	0.718	0.012
38.255	60.450	0.723	0.012
35.557	59.520	0.726	0.012
32.711	56.008	0.727	0.012
30.571	50.783	0.727	0.011
29.053	45.487	0.726	0.011
27.748	41.088	0.723	0.011
26.557	37.374	0.719	0.010
26.013	33.745	0.713	0.010
26.384	30.260	0.705	0.010
27.530	27.675	0.695	0.009
29.360	26.507	0.682	0.009
32.012	26.163	0.666	0.008
35.570	25.459	0.647	0.008
39.516	24.223	0.627	0.008
43.305	23.889	0.605	0.008
46.281	26.207	0.583	0.008
48.627	31.387	0.559	0.008
50.739	37.308	0.536	0.009
53.271	41.990	0.512	0.009
56.451	45.837	0.489	0.010
60.214	51.313	0.466	0.010
63.726	60.700	0.444	0.011
66.810	73.349	0.423	0.012
69.523	85.778	0.402	0.012
72.137	94.836	0.383	0.013
74.607	100.456	0.365	0.014
76.737	105.994	0.349	0.015
78.354	114.426	0.334	0.015
79.381	124.893	0.321	0.016
79.773	134.167	0.310	0.017
79.381	140.298	0.300	0.017
77.901	144.809	0.292	0.018
75.907	150.216	0.286	0.018
74.239	156.176	0.282	0.019
72.667	159.877	0.279	0.019
70.357	159.587	0.278	0.019
66.570	155.859	0.279	0.019
61.829	151.395	0.282	0.019
57.231	148.430	0.285	0.019
53.669	145.317	0.289	0.019
50.711	137.220	0.293	0.019
47.848	122.954	0.297	0.018
44.453	107.230	0.301	0.018
40.773	96.691	0.305	0.017
37.427	92.400	0.309	0.016
34.698	88.421	0.312	0.016
32.316	78.880	0.314	0.015
29.895	65.112	0.315	0.014
27.570	53.593	0.317	0.014
25.797	48.721	0.318	0.013
24.743	48.605	0.319	0.012
24.016	47.975	0.320	0.012
23.262	43.585	0.319	0.011
22.582	37.010	0.319	0.010
22.029	31.637	0.319	0.010
21.583	28.845	0.318	0.010
21.148	27.552	0.317	0.009
20.733	26.404	0.315	0.009
20.635	25.152	0.313	0.008
20.752	24.214	0.311	0.008
20.634	23.629	0.309	0.008
20.209	22.858	0.307	0.008
19.430	21.514	0.305	0.007
18.716	19.847	0.304	0.007
17.849	18.302	0.305	0.007
16.751	17.054	0.309	0.007
15.594	16.033	0.315	0.007
14.501	15.188	0.323	0.007
13.515	14.566	0.334	0.006
12.378	14.017	0.346	0.006
11.163	13.233	0.360	0.006
9.844	12.112	0.374	0.006
8.612	10.998	0.390	0.006
7.544	10.351	0.405	0.005
6.601	10.192	0.418	0.005
5.748	9.975	0.430	0.005
4.963	9.104	0.439	0.005
4.259	7.493	0.447	0.005
3.612	5.581	0.454	0.004
3.030	3.870	0.460	0.004
2.562	2.558	0.466	0.004
2.294	1.574	0.472	0.003
2.269	0.840	0.477	0.003
2.563	0.390	0.482	0.002
2.942	0.249	0.487	0.002
3.162	0.312	0.492	0.001
3.109	0.406	0.498	0.001
2.880	0.452	0.505	0.001
2.631	0.501	0.513	0.001
2.442	0.621	0.522	0.001
2.268	0.790	0.532	0.001
2.019	0.929	0.543	0.001
1.721	0.992	0.555	0.001
1.477	1.010	0.568	0.001
1.321	1.039	0.580	0.001
1.198	1.105	0.592	0.002
1.062	1.206	0.604	0.002
0.931	1.331	0.615	0.002
0.848	1.464	0.627	0.002
0.829	1.572	0.637	0.002
0.829	1.612	0.648	0.002
0.785	1.561	0.657	0.002
0.705	1.447	0.666	0.002
0.636	1.326	0.674	0.002
0.613	1.230	0.682	0.002
0.616	1.148	0.690	0.002
0.593	1.048	0.697	0.002
0.554	0.928	0.704	0.002
0.533	0.821	0.711	0.002
0.579	0.758	0.717	0.002
0.690	0.733	0.724	0.001
0.825	0.705	0.730	0.001
0.987	0.653	0.737	0.001
1.229	0.605	0.743	0.001
1.634	0.608	0.748	0.001
2.210	0.661	0.753	0.001
2.936	0.720	0.757	0.001
3.754	0.725	0.761	0.001
4.893	0.674	0.765	0.001
6.851	0.646	0.768	0.001
10.016	0.726	0.770	0.001
11.923	0.939	0.773	0.001
10.989	1.210	0.775	0.001
8.057	1.357	0.776	0.002
5.865	1.291	0.777	0.002
5.846	1.186	0.778	0.002
6.977	1.501	0.778	0.002
7.390	2.996	0.778	0.002
7.069	4.498	0.776	0.003
8.242	5.947	0.773	0.003
13.537	6.496	0.769	0.003
23.262	5.720	0.765	0.003
32.236	3.988	0.760	0.003
41.112	2.283	0.755	0.003
59.575	1.274	0.749	0.003
74.577	1.333	0.742	0.003
88.227	2.657	0.734	0.002
91.117	4.982	0.723	0.002
75.390	7.584	0.709	0.003
46.562	9.800	0.693	0.003
25.586	11.320	0.673	0.004
28.578	11.843	0.652	0.004
49.563	11.198	0.632	0.004
66.365	10.413	0.614	0.005
62.088	11.402	0.597	0.005
40.471	14.342	0.581	0.005
19.276	16.688	0.565	0.005
10.924	15.797	0.548	0.005
12.306	11.895	0.531	0.005
13.018	7.721	0.514	0.005
8.838	5.692	0.496	0.005
4.516	5.719	0.476	0.004
5.133	5.817	0.455	0.004
9.422	4.622	0.433	0.004
12.443	2.761	0.411	0.003
12.092	1.718	0.388	0.003
11.024	2.012	0.365	0.003
12.521	2.930	0.341	0.003
16.205	3.827	0.316	0.003
19.368	4.909	0.290	0.003
20.553	6.602	0.264	0.003
21.068	8.727	0.237	0.004
22.099	10.676	0.210	0.004
23.549	12.182	0.182	0.004
24.314	13.722	0.156	0.005
23.968	15.793	0.131	0.005
23.363	18.395	0.109	0.006
23.691	21.115	0.092	0.006
24.950	23.396	0.083	0.007
26.365	24.689	0.085	0.007
27.657	24.915	0.101	0.007
29.486	24.749	0.126	0.007
32.935	25.513	0.157	0.008
38.740	28.160	0.191	0.008
47.491	32.174	0.226	0.008
61.977	35.607	0.266	0.008
83.443	36.275	0.309	0.008
110.537	33.236	0.355	0.008
137.762	27.435	0.399	0.008
157.133	20.934	0.437	0.008
161.919	15.835	0.465	0.008
144.821	12.794	0.483	0.007
108.734	11.039	0.492	0.007
67.474	11.915	0.495	0.006
36.841	19.047	0.494	0.006
22.719	32.840	0.493	0.007
19.275	47.882	0.493	0.007
16.729	56.577	0.494	0.008
11.007	54.969	0.497	0.009
5.214	45.722	0.499	0.009
3.403	35.049	0.503	0.009
4.988	27.024	0.507	0.009
6.263	21.423	0.511	0.009
5.233	16.462	0.515	0.008
3.330	11.901	0.519	0.008
3.011	9.006	0.522	0.007
4.865	8.389	0.525	0.006
6.512	8.910	0.526	0.006
6.277	8.880	0.528	0.005
5.120	7.820	0.529	0.005
4.869	6.600	0.529	0.004
6.045	6.170	0.530	0.004
7.559	6.556	0.530	0.004
8.376	7.112	0.529	0.004
8.750	7.449	0.527	0.004
9.758	7.854	0.524	0.004
11.943	8.967	0.521	0.004
14.974	11.081	0.517	0.005
18.067	13.883	0.513	0.005
20.890	16.969	0.508	0.005
24.394	20.411	0.502	0.006
29.172	24.695	0.496	0.007
35.166	30.066	0.489	0.007
41.822	36.158	0.481	0.008
48.642	42.262	0.474	0.008
54.769	47.033	0.467	0.009
58.315	48.596	0.460	0.010
57.684	46.261	0.455	0.010
54.199	42.130	0.448	0.010
51.607	40.498	0.440	0.010
52.687	44.124	0.429	0.011
57.088	51.704	0.417	0.011
61.195	60.101	0.404	0.011
62.240	67.905	0.392	0.012
60.260	75.845	0.382	0.012
56.932	84.053	0.372	0.013
54.172	90.758	0.362	0.013
51.231	93.232	0.353	0.014
47.456	90.467	0.344	0.014
42.706	83.890	0.336	0.014
38.251	76.258	0.328	0.014
35.000	69.761	0.320	0.014
32.852	65.419	0.313	0.014
30.627	62.986	0.306	0.013
28.111	61.964	0.300	0.013
26.002	61.405	0.295	0.013
24.902	60.010	0.291	0.012
24.350	56.955	0.288	0.012
23.366	52.708	0.285	0.012
21.711	48.769	0.282	0.012
20.096	46.520	0.279	0.011
19.337	46.211	0.276	0.011
19.491	46.960	0.272	0.011
19.941	47.647	0.268	0.011
20.034	47.666	0.265	0.011
19.666	47.045	0.261	0.011
19.163	46.232	0.258	0.011
18.919	45.269	0.255	0.011
18.946	43.735	0.253	0.010
19.063	41.286	0.251	0.010
19.124	38.237	0.251	0.010
19.127	35.506	0.251	0.010
19.142	33.824	0.251	0.010
19.163	32.907	0.253	0.009
19.177	31.860	0.255	0.009
19.079	30.092	0.258	0.009
18.774	27.934	0.262	0.009
18.409	26.151	0.266	0.008
18.241	25.108	0.272	0.008
18.207	24.384	0.279	0.008
18.029	23.312	0.287	0.008
17.613	21.765	0.296	0.008
17.122	19.935	0.305	0.007
16.540	18.144	0.315	0.007
15.710	16.580	0.325	0.007
14.710	15.274	0.336	0.007
13.776	14.183	0.347	0.006
13.163	13.215	0.360	0.006
12.820	12.145	0.373	0.006
12.405	10.971	0.388	0.006
11.695	9.801	0.403	0.005
10.963	8.751	0.419	0.005
10.318	7.806	0.438	0.005
9.743	6.791	0.459	0.005
9.129	5.681	0.485	0.004
8.614	4.571	0.517	0.004
7.995	3.582	0.557	0.004
7.190	2.685	0.604	0.003
6.247	1.896	0.656	0.003
5.361	1.355	0.710	0.003
4.750	1.229	0.760	0.002
4.478	1.408	0.801	0.002
4.355	1.536	0.830	0.002
4.140	1.361	0.848	0.002
3.716	0.989	0.858	0.002
3.302	0.730	0.864	0.002
3.114	0.754	0.866	0.002
3.171	0.978	0.868	0.002
3.311	1.233	0.867	0.002
3.370	1.454	0.864	0.002
3.324	1.718	0.860	0.002
3.319	2.115	0.856	0.002
3.444	2.678	0.850	0.002
3.697	3.468	0.844	0.002
3.968	4.627	0.836	0.003
4.208	6.170	0.827	0.003
4.504	7.570	0.817	0.003
4.896	8.124	0.806	0.004
5.309	7.623	0.794	0.004
5.695	6.675	0.781	0.004
5.948	6.111	0.767	0.004
6.117	6.332	0.753	0.004
6.302	7.107	0.738	0.004
6.570	7.927	0.724	0.004
6.860	8.418	0.708	0.004
6.946	8.498	0.693	0.004
6.738	8.298	0.678	0.004
6.341	8.026	0.663	0.004
5.995	7.881	0.649	0.004
5.842	7.966	0.635	0.004
5.898	8.241	0.621	0.004
5.972	8.509	0.607	0.004
5.892	8.588	0.593	0.004
5.666	8.397	0.579	0.004
5.432	7.972	0.566	0.004
5.273	7.427	0.553	0.004
5.157	6.912	0.541	0.004
4.964	6.535	0.528	0.004
4.650	6.308	0.515	0.004
4.263	6.132	0.502	0.004
3.899	5.901	0.489	0.004
3.620	5.601	0.476	0.004
3.300	5.311	0.462	0.004
2.850	5.087	0.449	0.004
2.276	4.870	0.437	0.004
1.732	4.551	0.425	0.003
1.342	4.093	0.414	0.003
1.120	3.579	0.403	0.003
0.969	3.124	0.393	0.003
0.821	2.764	0.383	0.003
0.779	2.445	0.374	0.003
1.206	2.100	0.366	0.003
3.035	1.706	0.357	0.002
7.339	1.337	0.349	0.002
15.134	1.158	0.341	0.002
26.286	1.298	0.333	0.002
39.093	1.608	0.323	0.002
51.275	1.719	0.311	0.002
60.120	1.662	0.298	0.002
63.181	2.452	0.283	0.002
60.340	5.849	0.266	0.003
54.346	12.958	0.246	0.004
49.129	22.851	0.222	0.005
46.971	32.718	0.195	0.006
46.092	39.708	0.166	0.007
44.336	43.043	0.136	0.008
41.026	44.516	0.106	0.009
38.799	47.115	0.078	0.010
39.661	53.425	0.058	0.011
42.286	64.533	0.053	0.011
42.635	78.709	0.067	0.012
38.187	90.941	0.095	0.013
29.967	95.176	0.128	0.013
21.328	88.265	0.158	0.013
14.765	72.919	0.184	0.013
10.406	56.024	0.207	0.013
7.065	43.307	0.231	0.012
4.184	35.623	0.256	0.012
2.156	29.914	0.279	0.011
1.304	23.328	0.301	0.010
1.216	15.983	0.322	0.009
1.168	9.942	0.344	0.008
0.934	6.445	0.367	0.007
0.896	4.787	0.388	0.006
1.614	3.564	0.407	0.005
3.318	2.241	0.424	0.004
5.847	1.198	0.440	0.003
8.893	0.747	0.455	0.003
12.011	0.689	0.468	0.002
14.747	0.825	0.477	0.002
16.950	1.515	0.483	0.002
18.877	3.571	0.487	0.002
21.016	7.781	0.487	0.003
23.727	14.618	0.483	0.004
26.582	24.233	0.476	0.005
29.217	36.148	0.466	0.006
31.816	48.448	0.451	0.008
34.612	57.764	0.434	0.009
37.172	61.028	0.415	0.010
38.359	57.739	0.395	0.010
37.263	50.440	0.376	0.011
34.320	42.484	0.360	0.011
30.721	35.452	0.348	0.010
27.556	29.150	0.339	0.010
24.906	23.499	0.331	0.009
22.264	19.511	0.326	0.009
19.595	18.277	0.323	0.008
17.613	19.529	0.322	0.008
16.735	21.800	0.323	0.008
16.481	23.943	0.324	0.007
16.009	25.974	0.326	0.008
15.048	28.463	0.329	0.008
13.982	31.354	0.333	0.008
13.238	33.811	0.337	0.008
12.721	35.180	0.341	0.009
12.149	35.746	0.345	0.009
11.400	36.351	0.349	0.009
10.655	37.394	0.354	0.009
10.154	38.400	0.359	0.009
9.841	38.580	0.364	0.009
9.489	37.680	0.369	0.009
8.964	36.139	0.375	0.009
8.402	34.534	0.380	0.009
7.982	33.070	0.386	0.009
7.687	31.609	0.392	0.009
7.360	30.109	0.399	0.009
6.900	28.778	0.405	0.009
6.418	27.789	0.411	0.009
6.021	27.299	0.417	0.008
5.710	26.592	0.424	0.008
5.382	24.919	0.430	0.008
5.034	22.620	0.436	0.008
4.658	21.045	0.442	0.008
4.332	21.321	0.448	0.008
4.108	22.521	0.455	0.008
3.994	22.988	0.462	0.007
3.901	22.170	0.468	0.007
3.812	21.029	0.475	0.007
3.729	20.756	0.482	0.007
3.713	21.420	0.488	0.007
3.771	21.588	0.494	0.007
3.877	19.934	0.500	0.007
3.960	17.050	0.505	0.007
3.987	15.145	0.510	0.007
4.000	15.698	0.514	0.007
3.979	17.601	0.517	0.006
3.887	17.944	0.520	0.006
3.714	14.915	0.523	0.006
3.444	9.744	0.525	0.006
3.035	5.336	0.527	0.005
2.550	3.432	0.529	0.005
2.042	3.333	0.531	0.004
1.548	3.177	0.533	0.004
1.144	2.041	0.535	0.003
0.820	0.600	0.539	0.003
0.554	-0.099	0.542	0.002
0.353	0.062	0.546	0.002
0.289	0.360	0.550	0.001
0.410	0.279	0.553	0.001
0.721	0.058	0.556	0.001
1.255	0.236	0.558	0.001
1.967	0.977	0.560	0.001
2.830	2.044	0.562	0.001
4.112	3.327	0.565	0.002
6.208	5.183	0.567	0.003
9.494	8.144	0.569	0.003
14.298	12.444	0.571	0.004
21.382	17.872	0.572	0.005
30.546	24.061	0.571	0.006
39.617	30.785	0.570	0.007
46.468	37.758	0.566	0.008
50.290	43.838	0.557	0.008
53.274	47.264	0.543	0.009
60.168	47.575	0.519	0.010
74.382	46.895	0.486	0.010
93.959	48.987	0.445	0.011
111.954	56.203	0.397	0.011
121.238	66.753	0.348	0.012
116.205	76.098	0.304	0.012
98.068	80.607	0.267	0.012
74.413	80.153	0.240	0.013
54.005	78.139	0.219	0.013
41.124	78.916	0.204	0.014
34.883	84.485	0.191	0.014
32.345	93.442	0.179	0.014
31.914	102.252	0.169	0.015
34.150	108.359	0.159	0.015
39.781	112.388	0.150	0.016
47.841	117.471	0.140	0.016
56.165	126.338	0.132	0.017
62.808	138.597	0.125	0.017
67.171	150.152	0.121	0.017
69.816	155.136	0.120	0.018
71.507	149.246	0.123	0.018
72.999	133.316	0.129	0.018
73.939	113.741	0.140	0.017
73.413	98.538	0.155	0.017
70.680	91.802	0.173	0.017
65.624	91.727	0.195	0.016
58.745	92.717	0.218	0.015
49.877	89.674	0.242	0.015
38.902	81.381	0.265	0.014
27.008	70.543	0.288	0.014
16.854	60.886	0.310	0.013
10.736	54.136	0.331	0.013
8.644	49.224	0.350	0.012
8.308	44.136	0.368	0.012
7.347	38.052	0.384	0.011
5.254	31.608	0.398	0.010
3.139	25.692	0.412	0.009
2.028	20.421	0.425	0.009
1.735	15.415	0.438	0.008
1.428	10.704	0.450	0.007
0.777	6.906	0.462	0.006
0.202	4.494	0.472	0.005
0.156	3.205	0.483	0.005
0.559	2.330	0.492	0.004
1.198	1.474	0.502	0.003
2.520	0.796	0.510	0.003
7.240	0.559	0.519	0.002
16.606	0.676	0.527	0.002
29.330	0.810	0.536	0.002
40.084	0.746	0.544	0.001
43.536	0.540	0.552	0.001
36.845	0.378	0.560	0.001
22.922	0.384	0.567	0.001
8.981	0.561	0.574	0.001
1.388	0.798	0.581	0.001
0.869	0.875	0.587	0.001
3.131	0.665	0.593	0.001
3.968	0.295	0.599	0.001
2.820	0.035	0.604	0.001
2.514	0.087	0.607	0.001
5.533	0.518	0.606	0.001
11.503	1.250	0.602	0.001
18.153	2.084	0.594	0.001
23.054	2.881	0.583	0.002
25.313	3.760	0.572	0.002
24.954	4.888	0.562	0.002
22.612	5.996	0.554	0.003
18.928	6.363	0.549	0.003
14.826	5.487	0.547	0.003
11.365	3.693	0.548	0.003
9.224	1.973	0.550	0.003
8.262	1.161	0.554	0.003
7.730	1.306	0.558	0.003
7.084	1.820	0.562	0.002
6.377	2.170	0.566	0.002
5.940	2.300	0.570	0.002
5.920	2.459	0.575	0.002
6.139	2.772	0.578	0.002
6.291	3.110	0.581	0.002
6.286	3.303	0.583	0.003
6.180	3.349	0.584	0.003
6.032	3.371	0.584	0.003
5.832	3.447	0.583	0.003
5.540	3.560	0.581	0.003
5.202	3.659	0.578	0.003
4.916	3.743	0.575	0.003
4.710	3.857	0.572	0.003
4.520	4.021	0.569	0.003
4.367	4.229	0.567	0.003
4.210	4.473	0.564	0.003
4.026	4.740	0.561	0.003
3.859	5.003	0.557	0.003
3.687	5.172	0.554	0.003
3.523	5.276	0.550	0.003
3.380	5.382	0.546	0.003
3.264	5.549	0.543	0.004
3.181	5.784	0.539	0.004
3.138	5.974	0.535	0.004
3.089	5.924	0.532	0.004
2.964	5.568	0.529	0.004
2.760	4.882	0.526	0.004
2.623	4.116	0.525	0.003
2.574	3.640	0.525	0.003
2.552	3.690	0.525	0.003
2.448	4.115	0.526	0.003
2.225	4.446	0.526	0.003
1.960	4.256	0.525	0.003
1.731	3.521	0.524	0.003
1.528	2.658	0.523	0.003
1.291	2.046	0.523	0.003
1.000	1.703	0.523	0.003
0.709	1.389	0.523	0.002
0.474	0.944	0.525	0.002
0.392	0.461	0.529	0.002
1.031	0.142	0.536	0.001
3.695	0.062	0.545	0.001
9.143	0.108	0.555	0.001
15.546	0.148	0.566	0.001
18.936	0.213	0.576	0.001
16.794	0.509	0.582	0.001
11.151	1.133	0.584	0.001
6.576	1.748	0.583	0.001
5.652	2.009	0.580	0.001
7.118	2.180	0.577	0.001
8.044	2.743	0.575	0.002
7.184	3.592	0.572	0.002
5.763	4.146	0.569	0.002
5.347	4.038	0.565	0.002
5.846	3.533	0.560	0.003
6.015	3.323	0.555	0.003
5.287	3.833	0.550	0.003
4.517	4.817	0.545	0.003
4.560	5.683	0.538	0.003
5.216	6.164	0.530	0.003
5.600	6.442	0.521	0.004
5.306	6.679	0.511	0.004
4.830	6.717	0.501	0.004
4.715	6.349	0.491	0.004
4.831	5.695	0.481	0.004
4.650	5.137	0.470	0.004
4.044	4.926	0.460	0.004
3.196	4.876	0.450	0.004
3.117	4.627	0.440	0.003
3.613	4.094	0.431	0.003
3.890	3.564	0.422	0.003
3.573	3.348	0.413	0.003
3.103	3.437	0.404	0.003
3.067	3.569	0.396	0.003
3.466	3.573	0.388	0.003
3.775	3.521	0.380	0.003
3.610	3.555	0.373	0.003
3.155	3.673	0.366	0.003
2.865	3.754	0.360	0.003
2.916	3.722	0.353	0.003
3.060	3.611	0.347	0.003
2.969	3.496	0.341	0.003
2.636	3.386	0.335	0.003
2.328	3.244	0.329	0.003
2.212	3.064	0.324	0.003
2.201	2.900	0.317	0.003
2.123	2.794	0.308	0.003
1.944	2.720	0.297	0.003
1.803	2.623	0.283	0.003
1.846	2.492	0.269	0.003
1.979	2.372	0.254	0.003
2.028	2.315	0.243	0.002
1.949	2.332	0.235	0.002
1.890	2.393	0.233	0.002
1.952	2.447	0.237	0.002
2.040	2.461	0.244	0.002
2.042	2.451	0.255	0.002
1.954	2.467	0.267	0.002
1.894	2.536	0.281	0.002
1.952	2.620	0.296	0.002
2.107	2.678	0.312	0.002
2.292	2.740	0.329	0.003
2.386	2.890	0.347	0.003
2.393	3.157	0.365	0.003
2.386	3.444	0.384	0.003
2.419	3.636	0.404	0.003
2.487	3.743	0.424	0.003
2.553	3.890	0.445	0.003
2.612	4.149	0.465	0.003
2.707	4.427	0.485	0.003
2.824	4.562	0.505	0.003
2.929	4.546	0.524	0.003
3.006	4.560	0.543	0.003
3.078	4.771	0.562	0.003
3.202	5.129	0.580	0.003
3.360	5.422	0.597	0.003
3.513	5.525	0.614	0.003
3.627	5.537	0.630	0.004
3.729	5.622	0.646	0.004
3.852	5.787	0.662	0.004
4.009	5.909	0.677	0.004
4.191	5.908	0.691	0.004
4.426	5.891	0.706	0.004
4.770	6.044	0.719	0.004
5.194	6.404	0.733	0.004
5.464	6.792	0.745	0.004
5.603	7.004	0.758	0.004
5.721	7.002	0.769	0.004
5.901	6.962	0.780	0.004
6.052	7.067	0.790	0.004
6.074	7.343	0.799	0.004
5.928	7.651	0.808	0.004
5.793	7.798	0.816	0.004
5.829	7.672	0.823	0.004
5.976	7.351	0.829	0.004
6.052	7.032	0.834	0.004
5.963	6.881	0.838	0.004
5.810	6.753	0.841	0.004
5.767	6.323	0.843	0.004
5.956	5.464	0.843	0.004
6.167	4.488	0.844	0.004
6.091	3.960	0.845	0.004
5.756	4.106	0.847	0.003
5.472	4.432	0.850	0.003
5.444	4.223	0.854	0.003
5.639	3.329	0.856	0.003
5.786	2.382	0.856	0.003
5.716	2.111	0.858	0.003
5.470	2.545	0.860	0.003
5.216	3.054	0.863	0.003
5.025	3.101	0.866	0.003
4.925	2.763	0.868	0.003
4.732	2.428	0.869	0.003
4.354	2.248	0.870	0.002
3.889	2.029	0.871	0.002
3.513	1.569	0.871	0.002
3.316	1.015	0.870	0.002
3.239	0.710	0.869	0.002
3.160	0.756	0.868	0.002
3.010	0.892	0.867	0.002
2.857	0.834	0.866	0.001
2.808	0.614	0.865	0.001
2.903	0.496	0.863	0.001
3.054	0.646	0.861	0.001
3.150	0.971	0.859	0.001
3.165	1.274	0.856	0.001
3.170	1.509	0.852	0.002
3.251	1.780	0.848	0.002
3.407	2.179	0.843	0.002
3.578	2.659	0.837	0.002
3.677	3.106	0.832	0.002
3.710	3.486	0.826	0.003
3.724	3.892	0.819	0.003
3.765	4.424	0.813	0.003
3.838	5.080	0.806	0.003
3.899	5.776	0.799	0.003
3.840	6.424	0.791	0.003
3.666	6.982	0.784	0.004
3.523	7.363	0.777	0.004
3.570	7.422	0.770	0.004
3.811	7.117	0.763	0.004
4.138	6.663	0.756	0.004
4.288	6.406	0.749	0.004
4.090	6.521	0.742	0.004
3.618	6.788	0.735	0.004
3.078	6.799	0.729	0.004
2.703	6.381	0.722	0.004
2.511	5.762	0.716	0.004
2.363	5.321	0.710	0.004
2.183	5.204	0.703	0.004
2.005	5.254	0.697	0.004
2.036	5.271	0.690	0.004
2.196	5.230	0.684	0.004
2.318	5.233	0.678	0.004
2.304	5.329	0.672	0.004
2.245	5.452	0.667	0.004
2.270	5.507	0.660	0.004
2.395	5.453	0.653	0.004
2.510	5.318	0.647	0.004
2.449	5.156	0.641	0.004
2.204	5.004	0.635	0.004
1.941	4.878	0.629	0.004
1.817	4.761	0.624	0.003
1.853	4.649	0.618	0.003
1.898	4.553	0.613	0.003
1.847	4.470	0.607	0.003
1.760	4.356	0.603	0.003
1.761	4.165	0.598	0.003
1.872	3.919	0.593	0.003
2.006	3.735	0.588	0.003
2.074	3.745	0.583	0.003
2.080	3.966	0.578	0.003
2.091	4.246	0.574	0.003
2.145	4.379	0.569	0.003
2.245	4.295	0.565	0.003
2.327	4.123	0.560	0.003
2.357	4.040	0.555	0.003
2.270	4.076	0.551	0.003
2.087	4.093	0.547	0.003
1.884	3.947	0.543	0.003
1.743	3.651	0.540	0.003
1.658	3.359	0.537	0.003
1.575	3.199	0.535	0.003
1.469	3.153	0.532	0.003
1.325	3.101	0.531	0.003
1.189	2.943	0.530	0.003
1.091	2.679	0.530	0.003
0.981	2.369	0.531	0.003
0.838	2.060	0.533	0.002
0.699	1.773	0.535	0.002
0.617	1.541	0.538	0.002
0.601	1.402	0.541	0.002
0.621	1.357	0.544	0.002
0.618	1.341	0.547	0.002
0.567	1.263	0.551	0.002
0.495	1.086	0.556	0.002
0.442	0.859	0.561	0.002
0.417	0.672	0.567	0.002
0.407	0.574	0.573	0.001
0.383	0.552	0.579	0.001
0.423	0.558	0.587	0.001
0.462	0.566	0.595	0.001
0.490	0.575	0.603	0.001
0.448	0.576	0.611	0.001
0.432	0.550	0.620	0.001
0.422	0.485	0.630	0.001
0.406	0.404	0.640	0.001
0.366	0.352	0.650	0.001
0.355	0.353	0.660	0.001
0.462	0.393	0.670	0.001
0.790	0.429	0.681	0.001
1.403	0.429	0.693	0.001
2.325	0.410	0.704	0.001
3.597	0.431	0.716	0.001
5.234	0.560	0.726	0.001
7.131	0.806	0.737	0.001
9.140	1.086	0.748	0.001
11.029	1.269	0.758	0.001
12.619	1.277	0.769	0.001
13.831	1.170	0.778	0.002
14.567	1.086	0.787	0.002
14.970	1.082	0.796	0.002
15.120	1.086	0.805	0.002
14.957	0.981	0.813	0.002
14.393	0.756	0.820	0.001
13.549	0.528	0.827	0.001
12.462	0.409	0.833	0.001
11.211	0.392	0.839	0.001
9.751	0.385	0.844	0.001
8.183	0.322	0.848	0.001
6.715	0.230	0.852	0.001
5.533	0.164	0.855	0.001
4.530	0.141	0.858	0.001
3.629	0.127	0.861	0.001
2.810	0.092	0.864	0.001
2.127	0.050	0.867	0.001
1.614	0.037	0.869	0.000
1.224	0.062	0.871	0.000
0.872	0.099	0.872	0.000
0.546	0.121	0.874	0.000
0.315	0.121	0.876	0.000
0.212	0.118	0.878	0.000
0.188	0.131	0.880	0.001
0.164	0.166	0.881	0.001
0.116	0.214	0.883	0.001
0.076	0.263	0.884	0.001
0.072	0.305	0.885	0.001
0.090	0.333	0.886	0.001
0.096	0.348	0.887	0.001
0.080	0.351	0.888	0.001
0.071	0.349	0.889	0.001
0.084	0.343	0.889	0.001
0.107	0.334	0.890	0.001
0.117	0.322	0.890	0.001
0.102	0.309	0.891	0.001
0.078	0.293	0.892	0.001
0.063	0.271	0.893	0.001
0.061	0.240	0.894	0.001
0.059	0.201	0.895	0.001
0.048	0.163	0.896	0.001
0.033	0.132	0.897	0.001
0.024	0.110	0.898	0.001
0.022	0.100	0.899	0.001
0.025	0.100	0.900	0.001
0.025	0.109	0.901	0.001
0.022	0.121	0.901	0.001
0.020	0.126	0.902	0.001
0.019	0.120	0.903	0.001
0.020	0.108	0.904	0.001
0.019	0.094	0.906	0.000
0.018	0.081	0.907	0.000
0.020	0.069	0.908	0.000
0.022	0.063	0.909	0.000
0.024	0.064	0.910	0.000
0.023	0.068	0.911	0.000
0.020	0.070	0.913	0.000
0.017	0.065	0.914	0.000
0.017	0.059	0.915	0.000
0.018	0.060	0.916	0.000
0.020	0.068	0.917	0.000
0.022	0.075	0.917	0.000
0.023	0.073	0.918	0.000
0.024	0.060	0.919	0.000
0.025	0.045	0.919	0.000
0.026	0.037	0.919	0.000
0.027	0.037	0.919	0.000
0.027	0.037	0.919	0.000
0.024	0.031	0.918	0.000
0.020	0.022	0.918	0.000
0.015	0.015	0.918	0.000
0.012	0.015	0.918	0.000
0.011	0.020	0.918	0.000
0.010	0.024	0.919	0.000
0.010	0.024	0.919	0.000
0.011	0.021	0.918	0.000
0.012	0.018	0.918	0.000
0.013	0.018	0.918	0.000
0.014	0.019	0.918	0.000
0.013	0.019	0.917	0.000
0.013	0.020	0.917	0.000
0.012	0.019	0.916	0.000
0.012	0.017	0.916	0.000
0.011	0.013	0.915	0.000
0.009	0.008	0.915	0.000
0.007	0.004	0.914	0.000
0.006	0.003	0.914	0.000
0.006	0.004	0.913	0.000
