0.000	0.000	0.000	0.000
0.003	0.000	0.000	0.000
0.013	0.000	0.000	0.000
0.028	0.000	0.000	0.000
0.035	0.000	0.000	0.000
0.030	0.001	0.000	0.000
0.016	0.002	0.000	0.000
0.005	0.003	0.000	0.000
0.004	0.005	0.000	0.000
0.009	0.006	0.000	0.000
0.013	0.006	0.000	0.000
0.011	0.005	0.000	0.000
0.007	0.004	0.000	0.000
0.005	0.005	0.000	0.000
0.007	0.006	0.000	0.000
0.009	0.007	0.000	0.000
0.008	0.007	0.000	0.000
0.006	0.007	0.000	0.000
0.005	0.008	0.000	0.000
0.006	0.008	0.000	0.000
0.007	0.008	0.000	0.000
0.007	0.007	0.000	0.000
0.006	0.006	0.000	0.000
0.005	0.004	0.000	0.000
0.006	0.004	0.000	0.000
0.008	0.004	0.000	0.000
0.010	0.004	0.000	0.000
0.011	0.006	0.000	0.000
0.010	0.008	0.000	0.000
0.009	0.011	0.000	0.000
0.012	0.013	0.000	0.000
0.014	0.014	0.000	0.000
0.014	0.015	0.000	0.000
0.012	0.017	0.000	0.000
0.009	0.018	0.000	0.000
0.008	0.016	0.000	0.000
0.009	0.010	0.000	0.000
0.011	0.003	0.000	0.000
0.011	0.000	0.000	0.000
0.011	0.002	0.000	0.000
0.010	0.006	0.000	0.000
0.011	0.009	0.000	0.000
0.011	0.009	0.000	0.000
0.011	0.008	0.000	0.000
0.010	0.008	0.000	0.000
0.010	0.010	0.000	0.000
0.011	0.013	0.000	0.000
0.012	0.015	0.000	0.000
0.013	0.016	0.000	0.000
0.013	0.014	0.000	0.000
0.014	0.012	0.000	0.000
0.015	0.011	0.000	0.000
0.016	0.009	0.000	0.000
0.015	0.009	0.000	0.000
0.014	0.010	0.000	0.000
0.014	0.011	0.000	0.000
0.014	0.011	0.000	0.000
0.015	0.011	0.000	0.000
0.015	0.011	0.000	0.000
0.015	0.013	0.000	0.000
0.015	0.013	0.000	0.000
0.015	0.011	0.000	0.000
0.013	0.010	0.000	0.000
0.012	0.012	0.000	0.000
0.011	0.016	0.000	0.000
0.013	0.020	0.000	0.000
0.015	0.021	0.000	0.000
0.014	0.025	0.000	0.000
0.011	0.033	0.000	0.000
0.009	0.044	0.000	0.000
0.009	0.049	0.000	0.000
0.011	0.043	0.000	0.000
0.013	0.035	0.000	0.000
0.014	0.040	0.000	0.000
0.014	0.056	0.000	0.000
0.012	0.067	0.000	0.000
0.011	0.056	0.000	0.000
0.011	0.032	0.000	0.000
0.011	0.014	0.000	0.000
0.011	0.013	0.000	0.000
0.010	0.021	0.000	0.000
0.011	0.024	0.000	0.000
0.012	0.019	0.000	0.000
0.013	0.011	0.000	0.000
0.012	0.012	0.000	0.000
0.009	0.017	0.000	0.000
0.007	0.021	0.000	0.000
0.009	0.018	0.000	0.000
0.013	0.013	0.000	0.000
0.014	0.012	0.000	0.000
0.011	0.016	0.000	0.000
0.007	0.019	0.000	0.000
0.006	0.019	0.000	0.000
0.008	0.014	0.000	0.000
0.009	0.011	0.000	0.000
0.008	0.010	0.000	0.000
0.006	0.013	0.000	0.000
0.005	0.014	0.000	0.000
0.006	0.013	0.000	0.000
0.007	0.011	0.000	0.000
0.007	0.010	0.070	0.000
0.005	0.010	0.219	0.000
0.004	0.011	0.383	0.000
0.006	0.011	0.480	0.000
0.009	0.012	0.488	0.000
0.012	0.014	0.457	0.000
0.012	0.014	0.454	0.000
0.010	0.013	0.493	0.000
0.007	0.010	0.538	0.000
0.005	0.008	0.553	0.000
0.006	0.006	0.549	0.000
0.008	0.005	0.556	0.000
0.009	0.005	0.583	0.000
0.008	0.005	0.614	0.000
0.006	0.006	0.628	0.000
0.005	0.007	0.630	0.000
0.006	0.006	0.636	0.000
0.007	0.005	0.655	0.000
0.006	0.003	0.674	0.000
0.005	0.002	0.681	0.000
0.005	0.003	0.676	0.000
0.006	0.003	0.672	0.000
0.009	0.004	0.673	0.000
0.012	0.004	0.676	0.000
0.014	0.004	0.675	0.000
0.013	0.004	0.669	0.000
0.010	0.005	0.663	0.000
0.005	0.006	0.660	0.000
0.003	0.006	0.658	0.000
0.003	0.007	0.654	0.000
0.004	0.007	0.647	0.000
0.004	0.006	0.641	0.000
0.004	0.005	0.637	0.000
0.005	0.004	0.634	0.000
0.006	0.003	0.631	0.000
0.007	0.003	0.626	0.000
0.007	0.002	0.621	0.000
0.006	0.001	0.617	0.000
0.005	0.001	0.614	0.000
0.005	0.001	0.610	0.000
0.005	0.003	0.605	0.000
0.006	0.005	0.601	0.000
0.007	0.006	0.598	0.000
0.007	0.006	0.596	0.000
0.007	0.007	0.594	0.000
0.006	0.009	0.591	0.000
0.005	0.011	0.587	0.000
0.006	0.011	0.583	0.000
0.007	0.007	0.579	0.000
0.007	0.003	0.574	0.000
0.006	0.001	0.569	0.000
0.005	0.003	0.563	0.000
0.004	0.006	0.556	0.000
0.005	0.009	0.549	0.000
0.005	0.009	0.541	0.000
0.005	0.008	0.533	0.000
0.005	0.005	0.525	0.000
0.005	0.004	0.518	0.000
0.005	0.005	0.512	0.000
0.005	0.006	0.506	0.000
0.005	0.006	0.502	0.000
0.005	0.006	0.498	0.000
0.006	0.005	0.496	0.000
0.006	0.005	0.494	0.000
0.005	0.005	0.495	0.000
0.005	0.004	0.497	0.000
0.006	0.003	0.502	0.000
0.008	0.002	0.508	0.000
0.008	0.001	0.516	0.000
0.007	0.001	0.523	0.000
0.006	0.002	0.524	0.000
0.007	0.001	0.515	0.000
0.009	0.001	0.496	0.000
0.011	0.001	0.470	0.000
0.011	0.002	0.444	0.000
0.011	0.003	0.419	0.000
0.011	0.003	0.391	0.000
0.012	0.003	0.360	0.000
0.012	0.003	0.327	0.000
0.010	0.004	0.294	0.000
0.009	0.004	0.264	0.000
0.009	0.003	0.236	0.000
0.011	0.002	0.206	0.000
0.013	0.001	0.174	0.000
0.012	0.001	0.145	0.000
0.009	0.002	0.122	0.000
0.008	0.004	0.105	0.000
0.008	0.005	0.092	0.000
0.009	0.005	0.083	0.000
0.009	0.005	0.078	0.000
0.008	0.005	0.076	0.000
0.008	0.005	0.078	0.000
0.008	0.006	0.082	0.000
0.009	0.006	0.087	0.000
0.009	0.006	0.092	0.000
0.008	0.006	0.098	0.000
0.009	0.007	0.103	0.000
0.009	0.007	0.107	0.000
0.009	0.007	0.111	0.000
0.009	0.006	0.116	0.000
0.009	0.005	0.124	0.000
0.009	0.004	0.135	0.000
0.010	0.003	0.147	0.000
0.010	0.003	0.158	0.000
0.010	0.003	0.170	0.000
0.011	0.002	0.182	0.000
0.011	0.002	0.194	0.000
0.011	0.002	0.205	0.000
0.009	0.002	0.215	0.000
0.008	0.002	0.224	0.000
0.007	0.002	0.233	0.000
0.007	0.002	0.242	0.000
0.008	0.002	0.252	0.000
0.007	0.003	0.263	0.000
0.006	0.003	0.273	0.000
0.005	0.003	0.282	0.000
0.005	0.003	0.290	0.000
0.007	0.002	0.299	0.000
0.008	0.001	0.307	0.000
0.006	0.001	0.315	0.000
0.004	0.001	0.321	0.000
0.003	0.001	0.325	0.000
0.003	0.001	0.330	0.000
0.005	0.001	0.335	0.000
0.005	0.001	0.341	0.000
0.004	0.001	0.346	0.000
0.003	0.001	0.350	0.000
0.003	0.001	0.355	0.000
0.003	0.001	0.361	0.000
0.004	0.001	0.368	0.000
0.005	0.001	0.375	0.000
0.006	0.000	0.380	0.000
0.005	0.000	0.383	0.000
0.004	0.000	0.383	0.000
0.007	0.000	0.382	0.000
0.018	0.000	0.380	0.000
0.041	0.000	0.375	0.000
0.102	0.000	0.368	0.000
0.214	0.001	0.359	0.000
0.406	0.003	0.351	0.000
0.717	0.006	0.343	0.000
1.239	0.008	0.334	0.000
1.911	0.007	0.322	0.000
2.631	0.012	0.305	0.000
3.311	0.018	0.283	0.000
4.015	0.023	0.258	0.000
4.680	0.022	0.234	0.000
5.207	0.016	0.216	0.000
5.522	0.009	0.207	0.000
5.665	0.007	0.205	0.000
5.747	0.013	0.205	0.000
5.851	0.021	0.207	0.000
5.911	0.027	0.210	0.000
5.822	0.030	0.214	0.000
5.594	0.032	0.221	0.000
5.344	0.037	0.227	0.000
5.102	0.046	0.233	0.000
4.833	0.050	0.237	0.000
4.526	0.043	0.243	0.000
4.161	0.037	0.249	0.000
3.745	0.054	0.256	0.000
3.287	0.081	0.259	0.000
2.797	0.087	0.255	0.000
2.306	0.072	0.246	0.000
1.857	0.046	0.234	0.000
1.486	0.026	0.222	0.000
1.174	0.023	0.214	0.000
0.906	0.030	0.212	0.000
0.671	0.032	0.214	0.000
0.478	0.024	0.218	0.000
0.347	0.013	0.220	0.000
0.264	0.006	0.220	0.000
0.207	0.006	0.217	0.000
0.155	0.010	0.211	0.000
0.105	0.014	0.203	0.000
0.062	0.016	0.194	0.000
0.036	0.016	0.186	0.000
0.031	0.014	0.179	0.000
0.036	0.011	0.175	0.000
0.038	0.007	0.171	0.000
0.031	0.006	0.168	0.000
0.021	0.009	0.166	0.000
0.020	0.015	0.167	0.000
0.027	0.020	0.172	0.000
0.030	0.023	0.180	0.000
0.030	0.022	0.188	0.000
0.028	0.019	0.198	0.000
0.033	0.012	0.207	0.000
0.038	0.007	0.214	0.000
0.043	0.003	0.217	0.000
0.045	0.001	0.213	0.000
0.041	0.002	0.203	0.000
0.033	0.002	0.191	0.000
0.023	0.002	0.178	0.000
0.016	0.002	0.164	0.000
0.016	0.002	0.149	0.000
0.021	0.003	0.133	0.000
0.030	0.004	0.116	0.000
0.041	0.005	0.101	0.000
0.060	0.006	0.090	0.000
0.090	0.007	0.084	0.000
0.125	0.011	0.088	0.000
0.155	0.018	0.104	0.000
0.179	0.024	0.129	0.000
0.206	0.026	0.159	0.000
0.233	0.021	0.186	0.000
0.243	0.012	0.210	0.000
0.231	0.008	0.231	0.000
0.209	0.012	0.251	0.000
0.189	0.021	0.271	0.000
0.176	0.028	0.289	0.000
0.170	0.027	0.305	0.000
0.168	0.023	0.319	0.000
0.171	0.024	0.331	0.000
0.191	0.033	0.341	0.000
0.228	0.039	0.349	0.000
0.257	0.037	0.356	0.000
0.240	0.028	0.363	0.000
0.164	0.019	0.373	0.000
0.076	0.017	0.385	0.000
0.059	0.018	0.395	0.000
0.205	0.019	0.404	0.000
0.575	0.015	0.410	0.000
1.147	0.009	0.415	0.000
1.839	0.008	0.418	0.000
2.534	0.014	0.419	0.000
3.134	0.033	0.417	0.000
3.573	0.059	0.413	0.000
3.866	0.082	0.409	0.000
4.061	0.092	0.407	0.000
4.193	0.096	0.406	0.000
4.264	0.106	0.404	0.000
4.268	0.123	0.398	0.000
4.224	0.136	0.388	0.000
4.163	0.137	0.376	0.001
4.116	0.127	0.365	0.001
4.040	0.114	0.358	0.001
3.868	0.108	0.356	0.001
3.602	0.103	0.357	0.001
3.334	0.093	0.359	0.001
3.149	0.076	0.361	0.000
3.064	0.062	0.365	0.000
2.983	0.058	0.372	0.000
2.845	0.058	0.381	0.000
2.671	0.057	0.392	0.000
2.531	0.061	0.404	0.000
2.518	0.077	0.415	0.000
2.566	0.107	0.427	0.000
2.463	0.148	0.439	0.000
2.132	0.192	0.451	0.001
1.719	0.218	0.462	0.001
1.494	0.206	0.472	0.001
1.465	0.152	0.481	0.001
1.452	0.075	0.490	0.001
1.364	0.012	0.502	0.000
1.270	-0.013	0.517	0.000
1.302	-0.004	0.535	0.000
1.354	0.012	0.552	0.000
1.249	0.037	0.569	0.000
0.950	0.058	0.584	0.000
0.633	0.071	0.597	0.000
0.548	0.100	0.608	0.000
0.633	0.118	0.615	0.001
0.670	0.103	0.620	0.001
0.639	0.067	0.623	0.001
0.627	0.065	0.626	0.001
0.634	0.090	0.628	0.001
0.649	0.116	0.630	0.001
0.599	0.105	0.631	0.000
0.508	0.055	0.631	0.000
0.542	0.006	0.632	0.000
0.808	0.003	0.632	0.000
1.280	0.050	0.632	0.000
1.927	0.105	0.631	0.000
2.823	0.144	0.627	0.000
4.153	0.207	0.615	0.001
5.888	0.349	0.594	0.001
8.054	0.631	0.562	0.001
10.392	1.127	0.520	0.001
12.899	1.760	0.473	0.001
15.265	2.231	0.426	0.002
17.047	2.177	0.382	0.002
18.003	1.498	0.345	0.002
18.336	0.618	0.319	0.001
18.400	0.211	0.304	0.001
18.346	0.528	0.302	0.001
18.020	1.044	0.314	0.001
17.099	1.075	0.337	0.001
15.634	0.669	0.367	0.001
14.426	0.853	0.398	0.001
14.642	2.935	0.427	0.002
17.438	8.038	0.454	0.003
23.826	17.406	0.481	0.004
33.303	32.793	0.509	0.006
45.244	55.972	0.538	0.008
58.493	85.342	0.566	0.010
72.416	115.379	0.591	0.012
85.677	139.064	0.614	0.014
97.251	151.068	0.634	0.015
104.149	150.802	0.652	0.016
103.831	141.373	0.666	0.017
95.441	126.176	0.678	0.017
86.694	107.889	0.690	0.017
81.575	86.981	0.699	0.016
67.964	63.979	0.703	0.015
41.600	42.177	0.703	0.014
11.565	25.618	0.705	0.012
-6.630	15.567	0.711	0.010
-6.797	9.727	0.719	0.009
2.625	5.145	0.722	0.007
7.697	1.178	0.718	0.005
3.777	-0.899	0.713	0.004
-2.230	-0.285	0.711	0.003
-2.822	1.775	0.715	0.002
1.313	3.104	0.721	0.002
3.888	2.748	0.725	0.002
1.893	1.652	0.725	0.002
-1.496	1.078	0.725	0.002
-2.054	1.126	0.724	0.002
0.199	1.031	0.723	0.002
1.923	0.419	0.721	0.001
1.150	-0.246	0.719	0.001
-0.682	-0.368	0.718	0.001
-1.173	0.002	0.719	0.001
-0.040	0.304	0.719	0.001
1.002	0.195	0.718	0.000
0.723	-0.106	0.715	0.000
-0.260	-0.195	0.711	0.000
-0.612	-0.009	0.707	0.000
-0.047	0.175	0.703	0.000
0.552	0.142	0.700	0.000
0.448	-0.017	0.697	0.000
-0.096	-0.078	0.694	0.000
-0.338	0.019	0.693	0.000
-0.050	0.134	0.692	0.000
0.319	0.138	0.690	0.000
0.315	0.061	0.688	0.000
0.025	0.021	0.686	0.000
-0.144	0.064	0.684	0.000
-0.022	0.120	0.681	0.000
0.175	0.110	0.677	0.000
0.186	0.050	0.674	0.000
0.038	0.012	0.672	0.000
-0.058	0.031	0.670	0.000
0.004	0.072	0.669	0.000
0.114	0.083	0.669	0.000
0.124	0.061	0.669	0.000
0.038	0.037	0.670	0.000
-0.021	0.033	0.672	0.000
0.015	0.037	0.673	0.000
0.086	0.030	0.675	0.000
0.099	0.010	0.676	0.000
0.047	-0.004	0.676	0.000
0.004	-0.001	0.676	0.000
0.019	0.009	0.675	0.000
0.072	0.013	0.674	0.000
0.136	0.011	0.673	0.000
0.257	0.009	0.672	0.000
0.756	0.018	0.671	0.000
1.948	0.054	0.669	0.000
4.281	0.215	0.667	0.001
8.721	0.836	0.666	0.001
16.606	2.652	0.665	0.002
30.718	6.376	0.666	0.002
50.614	11.046	0.668	0.003
72.238	14.807	0.672	0.004
85.364	16.302	0.677	0.004
81.370	15.397	0.682	0.005
59.925	13.851	0.686	0.005
32.142	11.012	0.688	0.005
12.659	7.850	0.690	0.005
7.016	7.077	0.692	0.005
9.246	10.622	0.696	0.004
9.904	16.252	0.701	0.004
5.548	18.538	0.705	0.004
0.455	14.311	0.708	0.004
-0.159	6.060	0.710	0.004
3.635	-0.430	0.712	0.004
7.481	-1.400	0.715	0.003
8.127	2.573	0.718	0.003
6.840	8.282	0.721	0.003
7.297	13.043	0.723	0.003
11.625	16.453	0.724	0.004
19.051	19.785	0.726	0.005
28.459	24.199	0.727	0.006
39.534	29.599	0.729	0.007
50.198	34.856	0.732	0.007
51.308	38.183	0.737	0.008
39.394	37.905	0.744	0.008
20.254	33.823	0.749	0.008
5.358	28.750	0.752	0.008
0.867	25.950	0.755	0.008
3.243	24.399	0.760	0.008
4.720	19.740	0.764	0.007
2.094	10.691	0.766	0.006
-1.383	1.494	0.763	0.005
-1.667	-2.867	0.758	0.004
0.781	-1.591	0.753	0.003
2.357	1.457	0.750	0.002
1.249	2.166	0.746	0.002
-0.733	0.305	0.739	0.001
-1.093	-1.251	0.728	0.001
0.233	-0.625	0.717	0.001
1.291	1.043	0.709	0.001
0.849	1.591	0.704	0.001
-0.282	0.604	0.702	0.001
-0.623	-0.483	0.700	0.001
0.107	-0.465	0.700	0.001
0.956	0.312	0.703	0.001
1.154	0.738	0.710	0.001
1.069	0.446	0.718	0.001
1.449	0.117	0.725	0.001
2.553	0.503	0.727	0.001
3.910	1.663	0.725	0.001
5.100	3.250	0.720	0.002
6.264	5.177	0.714	0.003
7.797	7.718	0.709	0.003
9.798	11.029	0.703	0.004
11.787	14.839	0.697	0.004
13.423	18.740	0.691	0.005
14.531	22.386	0.685	0.006
15.351	26.248	0.679	0.007
16.056	31.725	0.673	0.007
16.393	38.572	0.668	0.008
16.119	43.867	0.662	0.009
15.495	44.242	0.658	0.009
15.154	39.452	0.654	0.009
15.826	34.021	0.651	0.009
17.871	32.293	0.649	0.009
22.385	34.217	0.646	0.009
31.035	35.635	0.645	0.009
45.656	32.657	0.646	0.009
65.279	25.275	0.651	0.008
85.524	17.300	0.656	0.007
101.674	13.681	0.661	0.007
110.837	17.026	0.661	0.006
111.146	26.396	0.658	0.006
99.455	38.717	0.652	0.006
75.470	52.948	0.647	0.006
44.905	68.689	0.644	0.007
17.977	764.259	0.645	0.019
2.863	1673.940	0.648	0.052
-0.087	2319.748	0.651	0.104
2.635	2386.341	0.652	0.159
4.314	2111.199	0.650	0.199
3.182	1918.579	0.647	0.218
1.558	2036.791	0.645	0.221
1.454	1860.927	0.644	0.217
2.166	1078.076	0.644	0.206
1.978	62.731	0.644	0.183
0.668	-486.116	0.644	0.146
-0.427	-334.315	0.644	0.096
-0.315	103.221	0.645	0.043
0.496	265.059	0.646	0.005
0.865	54.102	0.647	-0.011
0.465	-176.472	0.648	-0.008
-0.037	-140.854	0.649	-0.000
-0.018	60.059	0.650	0.003
0.369	147.713	0.651	0.001
0.551	39.581	0.652	-0.002
0.321	-93.520	0.654	-0.002
0.012	-86.548	0.655	0.001
-0.016	22.658	0.655	0.002
0.201	81.580	0.654	0.000
0.366	30.221	0.652	-0.001
0.419	-46.489	0.649	-0.001
0.879	-51.203	0.644	0.000
3.046	6.485	0.640	0.001
9.040	44.180	0.637	0.000
21.110	20.912	0.637	-0.001
39.929	-22.509	0.637	-0.001
62.856	-29.743	0.634	0.000
75.498	0.223	0.627	0.007
78.499	445.754	0.615	0.031
75.232	1299.400	0.599	0.077
68.545	2176.748	0.583	0.133
57.082	2615.719	0.568	0.182
40.352	2523.837	0.555	0.212
22.160	1948.290	0.541	0.222
9.596	1272.141	0.523	0.222
6.276	675.095	0.502	0.216
8.723	232.878	0.478	0.200
10.606	-44.407	0.453	0.170
9.371	-131.072	0.427	0.125
7.482	-68.267	0.397	0.070
8.062	34.153	0.363	0.021
10.477	70.224	0.326	-0.005
11.749	29.215	0.290	-0.007
10.577	-16.886	0.260	0.002
8.408	-11.720	0.239	0.010
7.320	26.337	0.224	0.009
7.454	44.003	0.209	0.004
8.122	24.266	0.194	0.003
7.698	-1.576	0.179	0.006
6.088	-1.449	0.168	0.009
4.239	19.165	0.161	0.008
3.028	31.621	0.157	0.005
2.437	22.498	0.153	0.004
2.057	5.664	0.150	0.005
1.615	-0.138	0.149	0.007
1.172	6.051	0.150	0.006
0.886	10.969	0.152	0.004
0.770	6.682	0.154	0.003
0.676	-1.062	0.157	0.003
0.514	-3.010	0.159	0.004
0.346	1.393	0.162	0.003
0.265	5.031	0.164	0.002
0.260	3.258	0.165	0.001
0.240	-1.014	0.166	0.002
0.161	-2.394	0.167	0.002
0.094	-0.020	0.169	0.002
0.143	2.333	0.171	0.001
0.366	1.744	0.173	0.001
0.771	-0.528	0.175	0.001
1.408	-1.382	0.177	0.001
2.424	0.127	0.180	0.001
3.957	2.258	0.185	0.001
6.170	3.396	0.192	0.002
10.243	4.184	0.203	0.002
14.971	6.450	0.217	0.003
18.912	11.825	0.234	0.004
21.109	20.795	0.253	0.005
22.776	32.245	0.275	0.006
25.881	44.293	0.297	0.007
30.962	54.569	0.319	0.009
36.338	62.587	0.341	0.010
43.480	71.870	0.363	0.011
51.026	85.481	0.385	0.012
57.678	104.328	0.406	0.013
62.881	124.901	0.427	0.014
67.715	135.841	0.447	0.015
73.002	126.078	0.466	0.015
80.750	95.252	0.487	0.015
89.666	57.478	0.510	0.015
94.425	31.110	0.537	0.014
92.293	23.631	0.567	0.012
89.533	26.925	0.600	0.011
98.202	27.270	0.632	0.009
126.164	18.749	0.661	0.008
167.182	6.880	0.684	0.007
200.299	0.339	0.702	0.006
195.598	1.365	0.717	0.005
143.230	5.203	0.730	0.004
67.958	6.532	0.741	0.004
12.729	4.478	0.751	0.003
-0.636	2.003	0.760	0.003
14.151	1.785	0.767	0.003
26.117	3.427	0.773	0.002
19.764	4.659	0.777	0.002
5.600	4.156	0.781	0.002
1.489	2.980	0.785	0.002
9.965	2.639	0.791	0.002
19.421	3.113	0.796	0.002
21.582	3.280	0.801	0.002
20.573	2.517	0.803	0.002
24.891	1.381	0.804	0.002
34.724	0.790	0.805	0.002
41.689	0.909	0.805	0.002
39.618	1.235	0.805	0.002
31.761	1.492	0.803	0.002
26.160	1.970	0.801	0.002
26.488	3.030	0.799	0.002
29.044	4.463	0.796	0.002
28.823	5.571	0.793	0.003
25.525	5.770	0.788	0.003
22.116	5.096	0.781	0.003
20.417	4.263	0.775	0.003
19.228	4.029	0.768	0.003
17.106	4.532	0.763	0.003
14.562	5.226	0.761	0.003
13.282	5.607	0.762	0.003
13.603	5.852	0.765	0.004
13.975	6.549	0.766	0.004
13.055	7.889	0.763	0.004
10.950	9.390	0.754	0.004
8.764	10.437	0.743	0.004
7.319	10.945	0.730	0.005
6.446	11.279	0.717	0.005
5.620	11.707	0.701	0.005
4.709	12.024	0.684	0.005
3.967	11.871	0.666	0.005
3.530	11.256	0.649	0.005
3.228	10.488	0.633	0.005
2.920	9.761	0.614	0.005
2.709	8.987	0.594	0.005
2.749	8.006	0.572	0.005
2.947	6.831	0.549	0.005
2.948	5.678	0.526	0.004
2.598	4.792	0.503	0.004
2.201	4.283	0.481	0.004
1.940	4.129	0.459	0.004
1.776	4.325	0.440	0.004
1.495	4.791	0.422	0.003
1.199	5.349	0.405	0.003
1.028	5.597	0.390	0.003
1.062	4.984	0.376	0.003
1.227	3.596	0.363	0.003
1.440	2.242	0.353	0.003
1.856	1.763	0.344	0.003
2.969	2.248	0.336	0.003
5.481	2.800	0.330	0.002
9.976	2.465	0.324	0.002
15.999	1.282	0.322	0.002
21.007	0.728	0.322	0.002
23.081	3.058	0.326	0.002
22.904	10.033	0.330	0.003
24.577	22.017	0.337	0.004
33.245	36.009	0.346	0.005
50.211	46.108	0.358	0.006
70.723	47.831	0.375	0.008
84.249	42.146	0.397	0.008
78.786	33.636	0.423	0.009
53.263	25.343	0.446	0.008
22.488	17.529	0.459	0.008
5.620	10.531	0.456	0.007
8.687	6.304	0.434	0.007
20.749	6.399	0.398	0.006
25.444	8.612	0.356	0.005
17.589	8.602	0.318	0.004
5.946	4.872	0.290	0.003
1.239	0.457	0.272	0.003
4.365	-0.371	0.261	0.003
7.900	3.381	0.254	0.002
6.186	8.531	0.248	0.003
1.271	11.140	0.244	0.003
-1.293	10.150	0.240	0.003
0.303	7.475	0.236	0.004
2.848	5.183	0.232	0.004
2.972	3.614	0.230	0.004
1.062	2.114	0.231	0.003
-0.126	0.547	0.234	0.003
0.651	-0.453	0.237	0.002
1.954	-0.433	0.238	0.002
2.023	0.189	0.239	0.001
0.969	0.599	0.239	0.001
0.268	0.471	0.241	0.001
0.702	0.193	0.243	0.001
1.549	0.225	0.246	0.001
1.734	0.534	0.251	0.001
1.198	0.734	0.258	0.001
0.732	0.629	0.266	0.001
0.875	0.432	0.273	0.001
1.282	0.424	0.277	0.001
1.330	0.583	0.277	0.001
0.941	0.653	0.275	0.001
0.570	0.505	0.272	0.001
0.559	0.270	0.266	0.001
0.759	0.149	0.257	0.001
0.814	0.172	0.248	0.001
0.621	0.195	0.242	0.001
0.437	0.113	0.240	0.001
0.474	-0.013	0.244	0.001
0.685	-0.049	0.250	0.000
0.874	0.047	0.255	0.000
0.938	0.207	0.258	0.000
0.971	0.376	0.261	0.001
1.092	0.595	0.264	0.001
1.314	0.937	0.266	0.001
1.497	1.403	0.268	0.001
1.548	1.927	0.270	0.002
1.511	2.443	0.272	0.002
1.533	2.915	0.274	0.002
1.623	3.339	0.276	0.002
1.747	3.758	0.279	0.003
1.861	4.228	0.281	0.003
2.001	4.742	0.283	0.003
2.262	5.261	0.285	0.003
2.671	5.789	0.286	0.003
3.224	6.416	0.287	0.004
3.966	7.261	0.288	0.004
5.160	8.272	0.289	0.004
7.086	9.320	0.289	0.004
10.436	10.492	0.288	0.005
14.832	12.220	0.287	0.005
18.899	15.132	0.286	0.005
20.955	19.050	0.284	0.006
20.217	22.131	0.282	0.006
18.115	22.051	0.280	0.006
17.614	18.263	0.278	0.006
21.255	12.489	0.275	0.006
29.921	7.211	0.272	0.006
42.020	4.370	0.267	0.005
52.702	5.595	0.261	0.005
55.956	12.698	0.255	0.005
50.750	25.293	0.250	0.005
42.436	38.126	0.248	0.006
37.139	42.479	0.248	0.006
36.978	35.370	0.249	0.007
37.585	24.139	0.250	0.007
33.782	19.088	0.252	0.008
26.349	22.317	0.254	0.008
20.138	27.212	0.256	0.008
18.803	28.801	0.258	0.008
20.122	30.255	0.260	0.008
19.637	37.154	0.262	0.008
15.965	47.770	0.265	0.009
12.526	53.100	0.269	0.009
13.759	46.457	0.272	0.009
20.804	31.319	0.274	0.009
31.354	17.864	0.274	0.009
41.632	13.525	0.273	0.008
49.720	18.581	0.269	0.008
54.699	29.971	0.261	0.008
56.819	36.357	0.252	0.008
55.894	40.892	0.246	0.008
52.939	41.733	0.246	0.008
43.977	34.987	0.252	0.008
29.796	21.826	0.261	0.007
15.033	10.117	0.266	0.007
5.602	5.053	0.266	0.006
3.065	5.495	0.263	0.005
4.162	6.221	0.263	0.004
4.276	3.748	0.268	0.003
2.389	-0.131	0.279	0.003
0.752	-1.521	0.290	0.002
1.156	0.296	0.300	0.002
2.544	2.236	0.309	0.002
2.721	1.723	0.321	0.001
1.284	-0.221	0.335	0.001
-0.113	-0.973	0.351	0.001
-0.102	0.106	0.363	0.001
0.809	1.312	0.371	0.001
1.180	1.164	0.375	0.001
0.539	0.149	0.380	0.001
-0.236	-0.291	0.385	0.001
-0.183	0.281	0.391	0.001
0.517	1.008	0.396	0.001
0.973	1.039	0.401	0.001
0.757	0.587	0.406	0.001
0.317	0.454	0.411	0.001
0.226	0.957	0.415	0.001
0.496	1.639	0.419	0.001
0.707	1.911	0.423	0.002
0.600	1.678	0.426	0.002
0.370	1.316	0.429	0.002
0.373	1.101	0.431	0.002
0.698	0.987	0.430	0.002
1.137	0.807	0.427	0.002
1.511	0.559	0.421	0.001
1.833	0.389	0.412	0.001
2.228	0.391	0.402	0.001
2.677	0.471	0.391	0.001
3.073	0.500	0.379	0.001
3.277	0.448	0.368	0.001
3.236	0.413	0.358	0.001
2.975	0.474	0.348	0.001
3.062	0.623	0.340	0.001
3.224	0.852	0.334	0.001
3.032	1.027	0.329	0.001
2.284	1.030	0.325	0.001
1.327	0.903	0.324	0.001
0.657	0.821	0.325	0.001
0.513	0.969	0.328	0.001
0.739	1.350	0.332	0.002
1.316	1.632	0.337	0.002
2.881	1.568	0.342	0.002
6.580	1.202	0.349	0.002
14.193	0.741	0.357	0.001
27.580	0.407	0.370	0.001
35.914	0.676	0.388	0.001
32.436	2.108	0.412	0.001
23.409	4.463	0.438	0.002
14.766	6.619	0.459	0.002
9.604	7.460	0.470	0.002
7.456	6.692	0.465	0.003
6.474	4.853	0.446	0.003
5.670	2.836	0.418	0.003
5.509	1.344	0.388	0.003
5.508	0.587	0.364	0.003
4.369	0.341	0.347	0.002
2.012	0.294	0.336	0.002
0.069	0.260	0.327	0.001
-0.076	0.263	0.319	0.001
0.981	0.455	0.310	0.001
1.582	0.656	0.301	0.001
1.069	0.653	0.294	0.001
0.292	0.419	0.286	0.001
0.261	0.122	0.278	0.001
0.874	-0.026	0.269	0.001
1.270	0.030	0.260	0.001
1.004	0.146	0.250	0.001
0.528	0.176	0.241	0.001
0.422	0.128	0.231	0.001
0.711	0.101	0.220	0.001
0.937	0.131	0.208	0.001
0.820	0.163	0.194	0.001
0.550	0.141	0.180	0.001
0.460	0.106	0.166	0.001
0.598	0.109	0.155	0.001
0.748	0.139	0.147	0.001
0.702	0.158	0.140	0.000
0.538	0.146	0.134	0.000
0.473	0.110	0.126	0.000
0.550	0.091	0.118	0.000
0.635	0.109	0.109	0.000
0.608	0.142	0.101	0.000
0.508	0.151	0.093	0.000
0.462	0.125	0.086	0.000
0.505	0.095	0.082	0.001
0.560	0.103	0.082	0.001
0.550	0.166	0.086	0.001
0.467	0.254	0.094	0.001
0.367	0.305	0.106	0.001
0.289	0.284	0.115	0.001
0.223	0.216	0.118	0.001
0.154	0.159	0.112	0.001
0.107	0.152	0.096	0.001
0.113	0.187	0.075	0.001
0.161	0.220	0.058	0.001
0.210	0.222	0.051	0.001
0.278	0.223	0.053	0.001
0.555	0.287	0.059	0.001
1.013	0.363	0.062	0.001
1.637	0.415	0.060	0.001
2.745	0.426	0.053	0.001
5.852	0.586	0.045	0.001
13.197	0.756	0.040	0.001
27.518	0.762	0.045	0.001
37.087	0.771	0.068	0.001
42.047	1.558	0.108	0.001
38.978	2.542	0.153	0.002
27.718	2.911	0.188	0.003
13.024	2.354	0.201	0.003
3.272	2.324	0.194	0.004
1.910	2.747	0.176	0.004
5.840	2.781	0.157	0.004
8.731	1.823	0.142	0.003
6.887	0.587	0.130	0.003
2.244	0.232	0.121	0.002
-0.621	0.949	0.115	0.001
0.107	1.649	0.110	0.001
2.181	1.314	0.106	0.001
2.719	0.240	0.101	0.001
1.570	-0.390	0.095	0.001
0.685	0.019	0.089	0.001
1.218	0.862	0.084	0.001
2.260	1.199	0.081	0.001
2.395	0.818	0.080	0.001
1.492	0.310	0.080	0.001
0.678	0.208	0.082	0.001
0.690	0.410	0.085	0.001
1.141	0.475	0.090	0.001
1.224	0.239	0.095	0.001
0.786	-0.038	0.101	0.001
0.342	-0.074	0.107	0.001
0.348	0.096	0.113	0.001
0.670	0.223	0.118	0.001
0.840	0.179	0.122	0.001
0.699	0.069	0.126	0.001
0.524	0.047	0.129	0.001
0.543	0.121	0.129	0.000
0.714	0.168	0.128	0.000
0.793	0.123	0.124	0.000
0.698	0.054	0.118	0.000
0.549	0.057	0.109	0.000
0.501	0.125	0.095	0.000
0.541	0.173	0.076	0.000
0.549	0.145	0.054	0.000
0.455	0.080	0.040	0.000
0.329	0.055	0.056	0.001
0.272	0.096	0.109	0.001
0.289	0.159	0.183	0.001
0.298	0.190	0.246	0.001
0.248	0.188	0.275	0.001
0.162	0.189	0.270	0.001
0.100	0.209	0.249	0.001
0.083	0.243	0.230	0.001
0.086	0.280	0.219	0.001
0.077	0.308	0.211	0.001
0.057	0.304	0.201	0.001
0.050	0.248	0.191	0.001
0.081	0.162	0.184	0.001
0.174	0.101	0.179	0.001
0.390	0.107	0.171	0.001
0.956	0.167	0.157	0.001
2.121	0.232	0.139	0.001
5.932	0.257	0.116	0.001
11.846	0.288	0.090	0.001
19.586	1.037	0.063	0.001
27.968	2.559	0.047	0.001
33.394	3.928	0.055	0.002
31.746	4.665	0.086	0.002
24.353	6.065	0.122	0.003
15.790	10.494	0.143	0.004
11.588	17.569	0.141	0.004
12.839	23.011	0.125	0.005
16.149	22.556	0.110	0.005
17.946	16.841	0.104	0.006
18.729	11.157	0.104	0.006
20.515	11.917	0.106	0.006
23.928	22.977	0.108	0.007
26.946	43.414	0.112	0.008
28.375	66.797	0.119	0.009
28.832	81.563	0.126	0.010
30.061	79.024	0.133	0.010
35.470	62.494	0.141	0.011
49.261	42.569	0.151	0.011
73.641	27.835	0.164	0.011
104.198	20.188	0.178	0.010
127.107	18.864	0.193	0.009
125.863	25.951	0.205	0.009
96.045	46.426	0.214	0.009
51.696	77.102	0.221	0.010
16.413	98.728	0.224	0.010
3.575	91.628	0.225	0.010
7.888	61.221	0.224	0.010
12.921	33.307	0.224	0.010
9.407	25.023	0.226	0.009
1.312	29.215	0.230	0.008
-2.574	27.077	0.234	0.007
0.043	11.746	0.236	0.006
3.898	-4.867	0.236	0.005
3.758	-8.015	0.235	0.004
0.401	1.451	0.235	0.003
-1.667	9.791	0.237	0.003
-0.390	7.596	0.241	0.002
1.924	-0.300	0.247	0.002
2.307	-3.444	0.259	0.002
0.746	0.746	0.281	0.002
-0.469	5.504	0.314	0.002
0.027	5.045	0.351	0.002
1.252	1.229	0.379	0.002
1.592	-0.684	0.389	0.001
0.852	1.024	0.381	0.001
0.199	3.157	0.366	0.002
0.431	2.579	0.352	0.002
1.103	0.155	0.345	0.002
1.325	-0.984	0.340	0.002
0.927	0.235	0.336	0.002
0.536	1.912	0.330	0.002
0.651	2.053	0.327	0.001
1.091	0.980	0.324	0.001
1.354	0.394	0.322	0.002
1.692	0.963	0.317	0.002
2.101	1.693	0.312	0.002
2.515	1.505	0.306	0.002
2.719	0.619	0.301	0.002
2.743	0.058	0.295	0.001
2.893	0.360	0.288	0.001
3.330	1.137	0.281	0.001
3.831	1.615	0.274	0.001
3.997	1.452	0.267	0.001
3.825	1.132	0.260	0.001
3.700	1.109	0.252	0.002
3.948	1.289	0.244	0.002
5.093	1.352	0.235	0.002
6.093	1.274	0.226	0.002
6.459	1.695	0.216	0.002
8.576	2.533	0.206	0.002
17.560	4.839	0.195	0.003
26.236	7.775	0.183	0.003
27.272	9.037	0.172	0.003
24.833	7.265	0.166	0.004
21.234	3.854	0.167	0.004
17.064	2.029	0.174	0.004
12.504	4.265	0.182	0.004
8.580	7.738	0.187	0.004
6.293	8.717	0.189	0.004
6.276	6.076	0.190	0.003
6.998	2.496	0.191	0.003
6.009	1.367	0.192	0.003
3.117	3.278	0.194	0.003
0.681	5.504	0.196	0.003
0.524	5.562	0.199	0.003
1.785	3.638	0.203	0.003
2.314	1.833	0.207	0.003
1.394	1.487	0.209	0.003
0.288	2.006	0.210	0.003
0.245	2.093	0.209	0.002
1.020	1.493	0.207	0.002
1.469	1.045	0.204	0.002
1.115	1.391	0.199	0.002
0.549	2.137	0.194	0.002
0.550	2.433	0.188	0.002
1.058	2.041	0.183	0.002
1.437	1.500	0.179	0.002
1.337	1.369	0.174	0.002
1.058	1.565	0.170	0.002
1.058	1.636	0.171	0.002
1.380	1.384	0.181	0.002
1.683	1.082	0.203	0.002
1.749	1.067	0.230	0.002
1.706	1.333	0.250	0.002
1.849	1.580	0.254	0.002
2.355	1.641	0.240	0.002
3.114	1.622	0.218	0.002
3.836	1.715	0.198	0.002
4.285	1.970	0.184	0.002
4.914	2.313	0.173	0.002
6.372	2.753	0.165	0.002
8.956	3.396	0.160	0.002
12.337	4.134	0.159	0.003
15.949	4.430	0.162	0.003
18.381	3.689	0.165	0.002
18.818	2.166	0.166	0.002
18.998	1.459	0.166	0.002
23.956	3.234	0.171	0.002
30.012	5.913	0.187	0.002
32.033	8.104	0.218	0.002
33.843	8.233	0.261	0.003
34.539	6.358	0.313	0.003
30.879	4.089	0.362	0.003
23.712	3.235	0.399	0.003
15.884	3.607	0.417	0.003
10.509	4.385	0.417	0.003
8.630	5.671	0.411	0.003
8.022	6.826	0.412	0.002
5.874	7.314	0.422	0.002
2.414	7.660	0.439	0.002
0.070	7.557	0.452	0.002
0.234	6.167	0.459	0.002
1.564	3.522	0.461	0.002
2.111	0.818	0.463	0.002
1.275	-0.649	0.467	0.002
0.224	-0.565	0.470	0.002
0.026	0.284	0.473	0.002
0.491	0.750	0.473	0.001
0.734	0.486	0.471	0.001
0.424	0.065	0.470	0.001
0.008	0.036	0.468	0.001
-0.030	0.300	0.467	0.001
0.244	0.388	0.468	0.001
0.410	0.141	0.471	0.001
0.277	-0.129	0.474	0.001
0.051	-0.083	0.477	0.001
0.001	0.224	0.479	0.001
0.130	0.453	0.480	0.001
0.236	0.412	0.480	0.001
0.203	0.232	0.480	0.001
0.110	0.150	0.478	0.001
0.098	0.225	0.476	0.001
0.189	0.332	0.473	0.001
0.298	0.357	0.470	0.001
0.362	0.322	0.466	0.001
0.440	0.321	0.460	0.001
0.665	0.395	0.454	0.001
1.141	0.524	0.446	0.001
1.834	0.723	0.438	0.001
2.694	1.113	0.428	0.001
3.612	1.852	0.417	0.002
4.524	2.982	0.403	0.002
5.373	4.448	0.388	0.002
5.997	6.256	0.372	0.003
6.322	8.660	0.354	0.004
6.743	11.887	0.334	0.004
8.218	15.413	0.315	0.005
11.860	17.956	0.297	0.005
17.839	18.678	0.284	0.005
28.964	18.191	0.277	0.006
44.106	18.222	0.274	0.006
54.088	20.792	0.274	0.006
50.553	26.367	0.274	0.006
36.924	32.999	0.275	0.007
24.492	36.456	0.276	0.007
21.844	33.193	0.277	0.007
27.095	23.912	0.277	0.007
31.683	13.282	0.277	0.007
31.162	5.653	0.274	0.006
30.585	3.225	0.265	0.006
36.032	5.936	0.252	0.006
50.309	13.668	0.238	0.006
66.909	27.264	0.227	0.006
82.873	50.007	0.223	0.008
100.223	83.811	0.229	0.010
116.119	126.056	0.242	0.012
120.210	174.167	0.260	0.015
103.339	229.039	0.279	0.018
73.692	283.726	0.297	0.020
47.982	315.292	0.313	0.021
37.894	300.253	0.328	0.022
42.291	238.242	0.342	0.023
46.564	156.368	0.356	0.022
41.106	90.494	0.369	0.021
28.708	59.294	0.380	0.019
18.766	55.112	0.389	0.017
15.622	57.724	0.395	0.015
15.855	53.121	0.399	0.014
14.191	42.498	0.403	0.012
9.915	34.162	0.406	0.011
6.323	31.175	0.409	0.010
5.709	29.610	0.413	0.010
6.681	25.248	0.416	0.009
6.474	18.690	0.418	0.008
4.477	13.637	0.421	0.008
2.429	11.977	0.423	0.007
2.236	11.905	0.425	0.006
3.174	10.580	0.427	0.006
3.408	7.187	0.429	0.005
2.233	3.528	0.430	0.005
0.735	1.617	0.432	0.004
0.185	1.618	0.433	0.004
0.615	2.283	0.434	0.003
1.040	2.566	0.435	0.003
0.825	2.317	0.437	0.002
0.284	1.899	0.441	0.002
0.081	1.675	0.447	0.002
0.334	1.806	0.455	0.002
0.615	2.188	0.463	0.002
0.629	2.412	0.470	0.002
0.539	2.065	0.474	0.002
1.287	1.193	0.474	0.002
2.423	0.323	0.470	0.002
3.256	0.041	0.465	0.002
3.589	0.453	0.464	0.002
4.148	1.230	0.467	0.002
5.722	2.328	0.470	0.002
9.328	4.656	0.470	0.003
15.592	9.572	0.464	0.003
25.031	16.658	0.456	0.004
30.530	23.186	0.451	0.005
34.405	26.684	0.449	0.005
35.502	25.636	0.450	0.006
31.988	218.461	0.453	0.019
23.667	617.288	0.458	0.056
13.490	1350.972	0.465	0.114
5.393	2203.028	0.471	0.176
2.762	2826.115	0.474	0.221
5.257	3006.543	0.474	0.242
9.165	2864.559	0.470	0.246
12.237	2171.233	0.465	0.242
14.932	1096.021	0.462	0.231
20.103	91.434	0.461	0.207
29.609	-394.263	0.461	0.165
42.172	-307.275	0.462	0.108
54.108	20.663	0.464	0.049
62.841	177.761	0.468	0.006
68.225	62.163	0.475	-0.012
71.966	70.595	0.485	0.003
71.560	425.074	0.497	0.049
62.719	1267.699	0.506	0.110
45.432	2686.760	0.511	0.166
26.289	6343.099	0.509	0.204
13.657	11725.836	0.503	0.223
15.137	13970.368	0.495	0.229
24.016	10598.345	0.486	0.231
31.640	6872.083	0.474	0.231
36.163	7872.658	0.458	0.230
43.005	13608.413	0.437	0.228
55.955	25658.881	0.413	0.227
71.086	30417.583	0.388	0.228
80.130	22703.730	0.366	0.228
84.127	7968.677	0.349	0.227
88.345	455.476	0.335	0.225
93.296	3329.384	0.324	0.224
93.221	9942.008	0.314	0.224
85.238	11300.010	0.306	0.225
70.827	5572.336	0.300	0.226
58.085	-898.827	0.297	0.225
52.678	-2185.173	0.300	0.218
52.486	727.287	0.307	0.201
51.201	2615.035	0.316	0.172
46.091	1103.938	0.323	0.129
39.776	-1341.337	0.326	0.078
35.803	-1566.682	0.325	0.033
34.163	251.683	0.321	0.008
31.684	1502.269	0.317	0.005
26.721	792.638	0.312	0.013
21.110	-628.399	0.306	0.018
17.658	-921.838	0.297	0.016
16.684	13.167	0.288	0.010
16.128	786.711	0.280	0.009
14.333	499.916	0.272	0.011
11.629	-282.353	0.265	0.013
9.437	-520.115	0.258	0.011
8.409	-46.857	0.251	0.008
7.749	415.538	0.244	0.007
6.537	310.923	0.239	0.008
4.841	-119.099	0.238	0.009
3.436	-293.704	0.243	0.008
2.760	-61.165	0.252	0.006
2.509	210.182	0.264	0.005
2.178	183.981	0.273	0.006
1.695	-47.330	0.281	0.006
1.339	-164.310	0.288	0.005
1.275	-51.993	0.297	0.004
1.339	105.269	0.306	0.003
1.293	108.204	0.315	0.004
1.150	-15.067	0.324	0.004
1.074	-90.700	0.331	0.003
1.141	-38.496	0.338	0.003
1.266	51.657	0.346	0.002
1.334	63.466	0.353	0.002
1.334	-0.743	0.360	0.003
1.382	-47.889	0.366	0.003
1.559	-24.942	0.373	0.002
1.858	25.981	0.380	0.002
2.316	38.259	0.387	0.002
3.175	5.827	0.393	0.003
5.241	-22.387	0.399	0.003
10.762	-12.762	0.404	0.003
24.235	16.070	0.406	0.003
48.800	26.024	0.406	0.003
79.994	8.786	0.405	0.003
104.540	-8.823	0.402	0.003
110.796	-0.205	0.400	0.004
92.803	31.586	0.398	0.005
58.862	65.073	0.398	0.006
26.480	85.569	0.401	0.008
9.418	90.528	0.406	0.009
8.647	78.565	0.412	0.010
16.078	51.711	0.416	0.009
23.308	24.464	0.417	0.009
26.516	14.281	0.417	0.008
26.163	24.103	0.417	0.007
24.085	38.305	0.420	0.007
20.932	39.793	0.423	0.007
16.574	26.813	0.428	0.007
12.087	13.014	0.434	0.007
8.831	9.869	0.443	0.007
7.165	14.647	0.455	0.007
6.268	16.583	0.471	0.007
5.211	11.297	0.491	0.006
3.863	4.713	0.512	0.005
2.851	3.746	0.532	0.005
2.512	7.454	0.548	0.005
2.532	9.617	0.556	0.004
2.319	7.091	0.557	0.004
1.731	3.022	0.555	0.004
1.180	1.818	0.552	0.004
1.009	3.605	0.551	0.003
1.122	4.903	0.552	0.003
1.165	3.542	0.555	0.003
0.973	1.065	0.562	0.003
0.711	0.193	0.573	0.003
0.608	1.346	0.590	0.002
0.672	2.574	0.613	0.002
0.731	2.304	0.641	0.002
0.676	1.079	0.670	0.002
0.608	0.446	0.696	0.002
0.679	0.907	0.715	0.002
0.898	1.539	0.725	0.002
1.207	1.403	0.725	0.002
1.577	0.674	0.720	0.002
2.283	0.229	0.714	0.002
3.842	0.480	0.709	0.001
6.689	0.966	0.703	0.001
10.921	1.108	0.697	0.001
15.737	1.018	0.689	0.002
19.150	1.366	0.680	0.002
19.039	2.583	0.670	0.002
15.163	4.368	0.658	0.002
9.391	5.598	0.646	0.002
4.510	5.314	0.634	0.002
2.277	4.213	0.622	0.002
2.341	3.782	0.612	0.002
3.030	4.471	0.602	0.002
3.208	5.191	0.593	0.003
3.322	4.805	0.582	0.003
5.174	3.460	0.571	0.003
12.088	2.078	0.559	0.003
25.975	1.355	0.546	0.003
48.680	1.354	0.531	0.003
79.813	2.709	0.516	0.003
120.231	8.547	0.501	0.004
157.508	22.142	0.488	0.005
168.465	654.241	0.478	0.018
140.096	1569.330	0.474	0.051
84.245	2272.556	0.476	0.102
31.704	2391.322	0.482	0.156
5.651	2099.168	0.487	0.196
5.130	1835.323	0.491	0.214
12.342	1890.552	0.492	0.217
14.245	1734.120	0.492	0.213
12.948	1036.173	0.486	0.202
16.622	90.839	0.476	0.180
26.408	-453.675	0.459	0.143
34.872	-337.384	0.439	0.093
35.831	80.238	0.417	0.042
31.450	257.065	0.396	0.005
28.457	68.593	0.374	-0.010
29.409	-161.670	0.352	-0.008
31.012	-143.863	0.329	-0.000
29.442	46.412	0.307	0.003
25.366	141.977	0.286	0.001
22.561	46.965	0.267	0.004
22.531	285.788	0.247	0.027
23.302	1040.941	0.229	0.073
22.235	1934.409	0.211	0.127
19.325	2387.643	0.195	0.171
16.656	2249.648	0.179	0.197
15.721	1668.079	0.164	0.208
15.916	1717.490	0.149	0.209
15.629	1926.837	0.134	0.204
14.291	1627.959	0.119	0.188
12.939	653.917	0.106	0.159
12.560	-315.311	0.092	0.117
13.111	-596.856	0.080	0.066
13.914	-174.624	0.068	0.021
14.399	295.467	0.059	-0.005
14.810	285.678	0.054	-0.008
15.771	-56.462	0.058	0.001
17.544	-236.555	0.074	0.009
19.954	-70.531	0.104	0.009
22.476	169.143	0.144	0.005
25.014	181.196	0.188	0.004
27.358	4.282	0.229	0.007
29.252	-101.526	0.262	0.010
31.156	-14.471	0.287	0.011
33.240	130.664	0.305	0.009
35.774	157.418	0.318	0.009
39.340	66.959	0.327	0.011
44.933	-2.087	0.334	0.013
51.760	29.806	0.340	0.013
55.376	99.941	0.347	0.012
50.444	110.039	0.356	0.011
37.565	53.694	0.364	0.012
23.830	6.252	0.371	0.012
16.492	18.890	0.377	0.012
16.820	63.528	0.381	0.011
20.330	82.191	0.385	0.011
22.674	60.397	0.388	0.011
23.556	32.354	0.390	0.011
25.792	28.406	0.393	0.011
30.225	40.564	0.394	0.010
33.018	42.818	0.396	0.009
29.338	28.605	0.397	0.009
19.777	14.737	0.399	0.009
10.074	14.380	0.401	0.008
5.209	20.364	0.403	0.007
4.945	18.690	0.405	0.006
5.687	8.606	0.405	0.006
4.417	1.667	0.405	0.006
1.744	4.898	0.406	0.005
0.105	11.979	0.406	0.005
0.487	12.642	0.407	0.004
1.531	5.693	0.407	0.004
1.629	-0.833	0.407	0.004
0.840	-0.785	0.406	0.003
0.250	3.297	0.405	0.003
0.550	4.922	0.403	0.003
1.286	2.142	0.401	0.002
1.692	-1.148	0.398	0.002
1.658	-1.144	0.395	0.002
1.701	1.319	0.393	0.002
2.106	2.790	0.391	0.002
2.731	1.898	0.389	0.002
3.154	0.555	0.387	0.002
3.263	1.096	0.384	0.002
3.160	3.386	0.382	0.002
3.079	5.365	0.380	0.002
3.119	5.639	0.379	0.003
3.266	4.911	0.381	0.003
3.425	4.857	0.385	0.003
3.551	6.222	0.389	0.004
3.604	8.101	0.393	0.004
3.598	9.208	0.397	0.004
3.560	9.101	0.401	0.004
3.513	8.332	0.406	0.004
3.428	7.586	0.412	0.004
3.435	7.010	0.421	0.004
3.374	6.200	0.432	0.004
3.196	5.063	0.448	0.004
2.828	4.076	0.472	0.004
2.344	3.413	0.504	0.003
1.870	2.837	0.545	0.003
1.505	2.030	0.594	0.003
1.245	1.064	0.646	0.003
1.003	0.398	0.691	0.002
0.735	0.255	0.724	0.002
0.614	0.368	0.744	0.001
1.360	0.334	0.754	0.001
5.511	0.083	0.758	0.001
14.179	-0.109	0.757	0.001
27.481	0.266	0.753	0.001
43.936	1.918	0.741	0.001
57.004	5.294	0.723	0.002
58.212	10.359	0.699	0.003
45.567	15.913	0.671	0.004
25.791	20.496	0.643	0.005
9.358	24.223	0.620	0.005
2.697	26.930	0.605	0.006
3.584	26.419	0.598	0.006
5.163	20.826	0.594	0.006
3.489	11.520	0.588	0.006
0.244	2.837	0.579	0.005
-1.115	-1.451	0.568	0.004
0.076	-1.181	0.557	0.004
1.524	0.573	0.546	0.003
1.297	1.031	0.536	0.002
-0.018	0.134	0.527	0.001
-0.593	-0.497	0.517	0.001
0.183	-0.042	0.509	0.001
1.238	0.743	0.500	0.001
1.432	0.852	0.492	0.001
0.936	0.336	0.482	0.001
0.689	0.022	0.473	0.001
1.121	0.341	0.464	0.001
1.799	0.904	0.454	0.001
2.053	1.154	0.444	0.001
1.892	1.060	0.433	0.001
1.723	1.032	0.421	0.001
1.798	1.331	0.409	0.002
1.938	1.861	0.397	0.002
1.924	2.392	0.384	0.002
1.756	2.756	0.370	0.002
1.659	2.792	0.357	0.002
1.727	2.376	0.343	0.002
1.841	1.621	0.330	0.002
1.843	0.888	0.317	0.002
1.723	0.521	0.303	0.002
1.631	0.568	0.290	0.002
1.600	0.742	0.277	0.002
1.539	0.739	0.266	0.001
1.361	0.538	0.256	0.001
1.081	0.338	0.245	0.001
0.803	0.288	0.232	0.001
0.614	0.338	0.218	0.001
0.497	0.340	0.203	0.001
0.399	0.233	0.187	0.001
0.300	0.089	0.172	0.001
0.251	0.006	0.157	0.001
0.411	0.004	0.141	0.000
1.256	0.039	0.125	0.000
3.594	0.082	0.106	0.000
7.850	0.185	0.084	0.000
13.754	0.476	0.064	0.001
18.812	1.110	0.058	0.001
19.562	2.237	0.072	0.001
14.916	3.752	0.099	0.002
8.474	5.230	0.121	0.002
5.782	6.732	0.121	0.003
9.646	8.717	0.096	0.003
17.352	10.617	0.058	0.003
23.202	10.750	0.035	0.004
23.116	8.223	0.048	0.004
17.339	4.317	0.090	0.004
9.336	1.769	0.136	0.003
3.230	2.212	0.160	0.003
1.734	4.292	0.155	0.003
5.950	5.054	0.128	0.002
16.358	3.197	0.093	0.002
32.860	0.470	0.064	0.002
54.237	-0.199	0.063	0.002
62.126	2.534	0.102	0.002
58.208	7.907	0.172	0.002
43.423	14.441	0.242	0.003
24.430	20.627	0.284	0.004
8.493	24.389	0.291	0.005
0.958	23.194	0.274	0.005
0.983	16.235	0.253	0.005
4.778	6.583	0.234	0.005
8.190	-0.450	0.211	0.004
8.929	-1.834	0.185	0.004
7.716	0.735	0.158	0.003
6.690	3.104	0.134	0.002
6.577	2.937	0.116	0.002
6.476	1.307	0.098	0.001
5.361	0.435	0.080	0.002
3.563	0.890	0.063	0.002
2.252	1.449	0.050	0.002
1.916	1.077	0.040	0.002
1.942	0.202	0.033	0.001
1.593	-0.117	0.026	0.001
0.924	0.353	0.020	0.001
0.530	0.876	0.018	0.001
0.663	0.852	0.018	0.001
0.946	0.525	0.021	0.001
0.927	0.507	0.024	0.001
0.628	0.907	0.026	0.001
0.419	1.275	0.030	0.001
0.508	1.249	0.034	0.001
0.715	0.973	0.039	0.001
0.766	0.806	0.045	0.001
0.644	0.826	0.053	0.001
0.553	0.804	0.065	0.001
0.606	0.603	0.081	0.001
0.701	0.378	0.103	0.001
0.673	0.373	0.127	0.001
0.518	0.592	0.151	0.001
0.370	0.789	0.170	0.001
0.334	0.768	0.180	0.001
0.371	0.587	0.181	0.001
0.380	0.447	0.179	0.001
0.328	0.457	0.177	0.001
0.362	0.544	0.178	0.001
0.976	0.576	0.180	0.001
3.305	0.545	0.180	0.001
9.497	0.610	0.174	0.001
21.854	0.749	0.159	0.001
39.319	0.737	0.135	0.001
55.830	0.684	0.108	0.001
62.591	1.357	0.086	0.001
54.477	3.475	0.078	0.002
35.115	7.345	0.087	0.002
14.917	12.485	0.104	0.003
3.009	17.013	0.118	0.004
0.878	18.055	0.126	0.004
3.430	14.130	0.130	0.004
5.130	7.165	0.133	0.004
4.627	1.464	0.135	0.004
3.793	0.156	0.135	0.004
4.283	2.582	0.132	0.003
5.452	5.193	0.128	0.003
5.887	5.101	0.124	0.002
5.301	2.712	0.121	0.002
4.637	0.633	0.116	0.002
4.502	0.616	0.110	0.002
4.508	2.017	0.105	0.002
4.037	3.045	0.101	0.002
3.121	2.857	0.098	0.002
2.392	2.096	0.096	0.002
2.253	1.701	0.093	0.002
2.354	1.764	0.090	0.002
2.141	1.727	0.088	0.002
1.545	1.301	0.086	0.002
0.984	0.824	0.085	0.002
0.782	0.714	0.083	0.002
0.833	0.904	0.082	0.002
0.816	0.988	0.081	0.002
0.612	0.768	0.080	0.001
0.397	0.469	0.080	0.001
0.341	0.401	0.079	0.001
0.397	0.580	0.077	0.001
0.401	0.758	0.076	0.001
0.294	0.734	0.075	0.001
0.173	0.550	0.075	0.001
0.137	0.380	0.077	0.001
0.166	0.309	0.078	0.001
0.173	0.276	0.077	0.001
0.122	0.207	0.074	0.001
0.063	0.112	0.072	0.001
0.070	0.053	0.076	0.001
0.154	0.055	0.089	0.001
0.274	0.076	0.111	0.001
0.590	0.070	0.137	0.000
2.186	0.066	0.161	0.000
7.614	0.122	0.179	0.000
20.297	0.258	0.192	0.001
40.512	0.480	0.201	0.001
61.479	0.970	0.208	0.001
69.892	2.363	0.214	0.002
57.756	5.995	0.213	0.002
31.256	11.958	0.200	0.003
7.561	18.250	0.171	0.004
-0.295	21.503	0.132	0.004
5.773	19.516	0.097	0.004
13.394	13.490	0.077	0.004
13.163	7.420	0.072	0.004
6.621	4.955	0.076	0.004
1.414	5.943	0.080	0.004
1.587	7.244	0.081	0.004
4.326	6.257	0.082	0.003
5.087	3.361	0.087	0.003
3.186	0.875	0.096	0.003
1.434	0.333	0.104	0.003
1.769	1.067	0.110	0.002
3.069	1.437	0.116	0.002
3.244	0.810	0.122	0.002
2.080	-0.032	0.127	0.001
1.129	-0.173	0.131	0.001
1.429	0.336	0.131	0.001
2.315	0.753	0.130	0.001
2.522	0.645	0.128	0.001
1.830	0.283	0.126	0.001
1.122	0.141	0.125	0.001
1.101	0.285	0.123	0.001
1.507	0.406	0.120	0.001
1.635	0.306	0.118	0.001
1.274	0.128	0.115	0.001
0.872	0.107	0.113	0.001
0.818	0.250	0.111	0.001
0.991	0.378	0.109	0.001
0.995	0.369	0.106	0.001
0.731	0.292	0.104	0.001
0.466	0.262	0.103	0.001
0.429	0.286	0.101	0.001
0.539	0.294	0.099	0.001
0.559	0.247	0.097	0.001
0.407	0.182	0.095	0.001
0.232	0.153	0.093	0.001
0.186	0.151	0.092	0.001
0.257	0.130	0.090	0.001
0.334	0.079	0.090	0.001
0.397	0.029	0.090	0.000
0.586	0.015	0.091	0.000
1.169	0.047	0.092	0.000
2.691	0.116	0.092	0.000
6.921	0.239	0.091	0.000
18.136	0.446	0.089	0.001
40.324	0.725	0.085	0.001
55.016	0.945	0.084	0.001
50.180	1.052	0.089	0.001
37.413	1.884	0.101	0.002
27.168	6.052	0.116	0.002
21.993	15.847	0.127	0.003
18.414	28.350	0.129	0.004
14.479	35.421	0.123	0.005
12.896	31.019	0.111	0.005
16.830	18.633	0.101	0.005
22.536	8.811	0.093	0.005
22.174	8.617	0.089	0.005
13.867	14.543	0.087	0.004
4.535	17.289	0.086	0.004
1.765	12.183	0.084	0.004
5.402	3.508	0.081	0.004
8.984	-1.442	0.077	0.004
7.950	-0.442	0.073	0.004
4.142	2.484	0.070	0.003
2.093	2.866	0.068	0.002
3.161	0.651	0.065	0.002
4.762	-1.045	0.063	0.002
4.360	-0.444	0.060	0.001
2.488	1.147	0.056	0.001
1.387	1.659	0.053	0.001
1.972	0.919	0.050	0.001
2.963	0.346	0.047	0.001
2.899	0.824	0.044	0.001
1.903	1.692	0.042	0.002
1.207	1.897	0.040	0.002
1.436	1.365	0.038	0.002
1.987	0.901	0.036	0.002
2.003	1.032	0.035	0.002
1.445	1.421	0.034	0.002
0.967	1.460	0.033	0.002
0.979	1.075	0.033	0.002
1.198	0.739	0.033	0.002
1.144	0.815	0.033	0.002
0.787	1.151	0.034	0.002
0.496	1.345	0.034	0.002
0.554	1.219	0.035	0.002
0.887	0.930	0.036	0.002
1.230	0.711	0.036	0.001
1.737	0.613	0.038	0.001
2.968	0.557	0.039	0.001
5.598	0.601	0.042	0.001
9.947	0.974	0.045	0.001
15.633	1.792	0.052	0.002
22.638	2.846	0.066	0.002
31.169	3.719	0.089	0.002
41.954	3.995	0.116	0.002
53.540	3.633	0.136	0.003
60.169	3.362	0.139	0.003
56.170	5.083	0.123	0.003
41.561	11.248	0.097	0.004
22.923	17.196	0.075	0.005
8.656	22.943	0.065	0.005
2.575	24.361	0.066	0.006
2.079	19.955	0.069	0.006
2.354	12.866	0.070	0.006
1.258	7.617	0.070	0.006
-0.121	5.556	0.071	0.005
-0.222	5.108	0.075	0.005
0.767	4.024	0.080	0.004
1.526	1.733	0.083	0.003
1.408	-0.274	0.084	0.002
1.039	-0.446	0.084	0.002
1.135	0.947	0.083	0.001
1.553	1.979	0.083	0.001
1.639	1.641	0.082	0.001
1.190	0.565	0.082	0.001
0.675	-0.001	0.083	0.001
0.696	0.308	0.084	0.001
1.103	0.827	0.085	0.001
1.362	0.909	0.086	0.001
1.223	0.673	0.086	0.001
0.980	0.610	0.085	0.001
0.997	0.826	0.084	0.001
1.290	0.952	0.083	0.001
1.586	0.724	0.083	0.001
1.659	0.382	0.082	0.001
1.588	0.375	0.081	0.001
1.579	0.852	0.081	0.001
1.724	1.571	0.080	0.002
1.901	2.218	0.079	0.002
1.997	2.668	0.078	0.002
2.096	2.871	0.077	0.002
2.244	2.825	0.075	0.002
2.399	2.536	0.075	0.002
2.418	2.101	0.073	0.002
2.218	1.794	0.072	0.002
1.997	1.908	0.071	0.002
1.937	2.458	0.070	0.002
2.479	2.990	0.070	0.002
3.925	3.289	0.069	0.002
6.878	3.740	0.069	0.002
11.987	4.699	0.069	0.003
18.928	5.912	0.067	0.003
24.853	6.687	0.063	0.003
25.494	6.703	0.055	0.004
20.247	6.913	0.047	0.004
13.845	9.946	0.049	0.005
13.292	18.173	0.070	0.005
22.017	24.426	0.107	0.006
39.191	23.142	0.142	0.007
59.185	18.148	0.157	0.007
76.156	13.833	0.146	0.007
84.948	11.752	0.121	0.007
81.656	10.254	0.100	0.006
64.518	8.124	0.096	0.006
39.571	6.783	0.108	0.005
20.986	7.941	0.126	0.005
23.188	9.604	0.140	0.004
48.447	9.374	0.148	0.004
81.764	10.816	0.152	0.004
99.537	23.101	0.152	0.005
87.744	49.448	0.148	0.006
54.817	78.631	0.141	0.008
22.093	92.060	0.132	0.009
5.789	82.861	0.127	0.010
4.944	61.128	0.130	0.010
8.157	40.125	0.141	0.011
7.298	24.655	0.155	0.010
3.363	13.199	0.169	0.009
1.439	4.398	0.181	0.008
2.931	0.368	0.192	0.006
4.635	2.957	0.204	0.005
3.732	8.954	0.217	0.004
1.235	11.812	0.229	0.004
0.002	8.741	0.239	0.003
0.923	3.313	0.249	0.003
2.176	0.680	0.259	0.003
1.953	1.860	0.269	0.003
0.609	3.737	0.279	0.003
-0.205	3.537	0.288	0.003
0.223	1.744	0.296	0.003
1.027	0.620	0.304	0.002
1.101	1.093	0.312	0.002
0.445	2.000	0.318	0.002
-0.079	1.991	0.323	0.002
0.044	1.199	0.328	0.002
0.460	0.712	0.331	0.002
0.568	0.996	0.335	0.002
0.281	1.414	0.338	0.002
0.002	1.236	0.340	0.002
0.040	0.585	0.341	0.002
0.257	0.159	0.341	0.001
0.333	0.299	0.340	0.001
0.190	0.655	0.338	0.001
0.029	0.736	0.333	0.001
0.034	0.504	0.322	0.001
0.157	0.292	0.305	0.001
0.217	0.320	0.280	0.001
0.152	0.463	0.253	0.001
0.061	0.498	0.228	0.001
0.061	0.403	0.208	0.001
0.144	0.333	0.193	0.001
0.259	0.381	0.184	0.001
0.506	0.474	0.180	0.001
1.631	0.517	0.178	0.001
4.865	0.553	0.177	0.001
11.939	0.704	0.178	0.001
24.255	1.097	0.188	0.001
38.222	2.153	0.211	0.002
45.128	5.088	0.245	0.002
37.869	11.120	0.283	0.003
19.728	15.142	0.314	0.004
2.447	16.460	0.332	0.004
-4.350	14.500	0.338	0.004
-1.189	10.198	0.339	0.005
3.861	5.173	0.340	0.004
4.442	1.404	0.341	0.004
1.387	-0.348	0.342	0.003
-0.483	-0.397	0.344	0.003
0.981	0.341	0.346	0.002
3.361	0.981	0.348	0.001
3.582	1.286	0.350	0.001
1.730	1.597	0.352	0.001
0.197	2.123	0.354	0.002
0.414	2.507	0.357	0.002
1.431	2.264	0.361	0.002
1.660	1.460	0.366	0.002
0.962	0.705	0.371	0.002
0.489	0.440	0.377	0.002
0.970	0.538	0.383	0.002
1.861	0.592	0.390	0.001
2.151	0.441	0.396	0.001
1.632	0.258	0.402	0.001
0.968	0.230	0.406	0.001
0.744	0.285	0.410	0.001
0.831	0.248	0.412	0.001
0.779	0.093	0.413	0.001
0.479	-0.034	0.412	0.000
0.273	-0.022	0.409	0.000
0.424	0.066	0.405	0.000
0.831	0.094	0.399	0.000
1.254	0.030	0.391	0.000
1.902	-0.039	0.381	0.000
3.854	-0.026	0.371	0.000
8.693	0.110	0.360	0.001
16.994	0.691	0.350	0.001
27.395	3.216	0.342	0.002
37.413	10.834	0.336	0.003
43.068	26.020	0.332	0.005
39.708	46.203	0.330	0.006
27.274	61.485	0.324	0.007
12.138	60.769	0.312	0.008
2.514	42.894	0.293	0.008
1.328	19.062	0.268	0.008
4.460	2.866	0.242	0.008
5.765	-1.099	0.220	0.007
3.310	1.481	0.209	0.006
0.134	2.806	0.218	0.004
-0.412	0.851	0.252	0.003
1.387	-1.093	0.310	0.002
2.729	-0.446	0.385	0.002
1.945	1.436	0.465	0.001
0.228	2.080	0.535	0.001
-0.359	1.060	0.578	0.001
0.544	0.723	0.589	0.001
1.558	1.873	0.576	0.001
1.622	2.911	0.557	0.001
1.158	2.271	0.544	0.001
1.226	0.663	0.539	0.002
2.123	0.424	0.536	0.002
3.250	2.797	0.530	0.002
4.062	6.351	0.522	0.002
4.712	8.345	0.516	0.003
5.781	7.511	0.514	0.003
7.546	5.309	0.513	0.003
9.883	4.062	0.511	0.003
12.883	4.541	0.508	0.004
16.614	5.679	0.506	0.004
20.876	6.237	0.506	0.004
25.865	6.188	0.507	0.004
30.558	6.709	0.509	0.004
33.999	9.111	0.510	0.004
36.493	13.045	0.513	0.005
39.583	16.780	0.519	0.005
42.948	18.794	0.527	0.006
45.584	19.909	0.536	0.006
47.441	23.078	0.545	0.007
50.185	31.013	0.555	0.008
55.733	43.059	0.565	0.008
64.497	910.431	0.575	0.020
77.713	1971.178	0.586	0.051
98.389	3239.191	0.597	0.102
129.526	23795.238	0.611	0.155
168.495	59702.165	0.626	0.195
215.591	83111.424	0.642	0.212
260.873	69626.740	0.659	0.214
286.211	36409.377	0.676	0.210
270.969	27575.862	0.694	0.210
212.827	43186.795	0.711	0.210
135.212	56011.295	0.725	0.209
72.042	40171.291	0.734	0.206
40.454	4691.315	0.741	0.202
31.596	-18907.409	0.746	0.194
26.154	-13159.596	0.750	0.175
15.236	5992.038	0.755	0.143
4.460	12706.255	0.759	0.096
1.614	2244.567	0.762	0.048
5.416	-8733.383	0.763	0.014
8.004	-6797.301	0.765	0.001
5.260	2980.986	0.767	0.003
0.659	7161.444	0.771	0.008
-0.627	1881.170	0.776	0.008
1.609	-4536.156	0.780	0.004
3.380	-4153.768	0.785	0.002
2.189	1132.693	0.792	0.003
-0.268	3946.441	0.799	0.005
-1.016	1436.320	0.806	0.005
0.346	-2261.261	0.811	0.003
1.658	-2461.562	0.817	0.001
1.290	334.522	0.823	0.002
-0.018	2138.990	0.829	0.003
-0.437	997.452	0.835	0.003
0.633	-1097.676	0.838	0.001
2.531	-1432.094	0.838	0.001
5.322	22.537	0.831	0.001
9.545	1143.458	0.817	0.002
16.097	658.391	0.795	0.002
25.398	-508.064	0.765	0.003
36.875	-807.616	0.728	0.003
48.843	-56.541	0.686	0.005
59.674	633.228	0.641	0.006
67.226	462.118	0.594	0.008
70.545	-164.798	0.549	0.009
69.636	-379.786	0.506	0.011
64.987	6.859	0.466	0.012
61.088	420.113	0.431	0.013
56.107	368.854	0.400	0.014
50.212	15.791	0.374	0.015
41.214	-155.676	0.353	0.015
30.377	12.703	0.335	0.015
20.360	235.561	0.319	0.015
13.828	223.094	0.306	0.015
10.577	31.146	0.295	0.014
8.973	-79.881	0.285	0.013
7.216	-3.366	0.277	0.012
4.982	116.530	0.270	0.011
3.132	112.379	0.262	0.010
2.108	1.999	0.253	0.009
1.876	-69.576	0.244	0.008
1.682	-30.410	0.237	0.007
1.435	45.740	0.232	0.006
1.367	205.952	0.232	0.016
1.902	454.590	0.235	0.049
3.326	986.138	0.239	0.101
5.941	1686.914	0.243	0.156
10.184	2243.321	0.249	0.197
16.814	2413.090	0.258	0.215
27.282	2274.026	0.270	0.219
43.763	1691.810	0.284	0.215
69.706	843.530	0.299	0.205
106.277	77.488	0.317	0.184
151.621	-290.956	0.338	0.146
198.032	-234.915	0.361	0.096
229.434	4.739	0.384	0.044
223.031	127.440	0.406	0.005
169.964	50.601	0.424	-0.011
92.480	-69.777	0.436	-0.008
29.970	-75.033	0.444	-0.000
5.648	14.805	0.449	0.003
10.389	69.171	0.454	0.001
17.593	28.970	0.458	-0.002
11.626	-37.872	0.461	-0.002
-0.937	-45.409	0.462	0.001
-5.957	3.024	0.463	0.002
-0.532	37.586	0.462	0.000
5.781	19.785	0.461	-0.001
4.825	-17.957	0.460	-0.001
-0.906	-26.169	0.459	0.000
-3.595	-1.260	0.456	0.001
-0.705	19.884	0.454	0.000
3.067	12.705	0.451	-0.001
2.970	-8.191	0.448	-0.001
-0.057	-14.840	0.445	0.000
-1.564	-2.285	0.441	0.001
0.734	10.352	0.434	0.000
5.345	7.899	0.426	-0.000
10.315	-3.507	0.413	-0.000
20.310	-8.293	0.395	0.006
35.380	355.545	0.372	0.029
53.309	902.891	0.343	0.071
71.203	1274.245	0.309	0.123
88.733	1427.906	0.270	0.168
107.122	9226.941	0.226	0.195
126.429	17273.235	0.179	0.206
137.122	17703.727	0.129	0.207
135.441	8956.403	0.079	0.208
125.645	6425.470	0.042	0.209
116.620	10883.011	0.037	0.209
112.091	15609.863	0.070	0.207
108.384	12499.769	0.125	0.206
99.963	2832.209	0.177	0.206
90.467	-4925.804	0.212	0.204
82.329	-4229.748	0.232	0.194
77.294	1492.622	0.250	0.175
71.707	4533.453	0.270	0.157
64.568	2374.606	0.290	0.148
56.330	-585.524	0.304	0.154
50.108	-49.234	0.312	0.171
46.142	2925.369	0.319	0.193
42.560	4124.766	0.329	0.210
37.794	2802.092	0.340	0.216
32.543	804.792	0.348	0.210
28.219	277.981	0.353	0.192
24.964	875.621	0.358	0.162
21.671	969.714	0.365	0.121
17.720	40.325	0.371	0.072
13.912	-775.158	0.376	0.027
11.292	-530.461	0.380	0.001
10.086	298.784	0.383	-0.003
9.554	624.314	0.386	0.006
9.093	171.234	0.390	0.013
8.989	-354.589	0.392	0.011
10.208	-311.446	0.393	0.006
13.847	126.021	0.393	0.005
20.318	349.144	0.393	0.008
29.853	136.201	0.392	0.010
42.964	-165.091	0.390	0.009
60.431	-176.089	0.386	0.006
80.124	51.352	0.381	0.005
96.652	188.410	0.375	0.006
103.721	83.567	0.368	0.007
99.672	-91.403	0.359	0.006
91.334	-114.249	0.349	0.004
90.543	10.989	0.339	0.003
102.760	106.550	0.327	0.004
121.188	70.001	0.317	0.005
128.185	-19.991	0.306	0.006
108.964	-38.124	0.298	0.006
67.669	25.416	0.292	0.006
26.678	76.203	0.288	0.006
7.137	50.745	0.285	0.007
10.611	-11.962	0.282	0.006
20.331	-35.983	0.278	0.005
20.229	-5.401	0.272	0.003
11.115	29.457	0.266	0.003
6.485	25.314	0.261	0.002
15.836	-5.013	0.256	0.002
34.745	-20.431	0.252	0.002
51.244	-6.416	0.247	0.001
58.501	14.034	0.242	0.002
59.510	16.667	0.238	0.002
59.955	5.338	0.236	0.003
60.939	0.244	0.234	0.003
59.602	8.750	0.234	0.004
54.065	18.597	0.235	0.004
46.363	17.309	0.239	0.005
39.031	8.713	0.246	0.005
33.079	6.061	0.258	0.005
28.009	13.814	0.273	0.006
23.789	22.856	0.293	0.006
20.838	23.400	0.319	0.006
18.968	16.821	0.353	0.006
16.998	12.436	0.393	0.006
14.117	15.187	0.439	0.006
10.989	20.915	0.483	0.007
9.100	23.168	0.519	0.007
8.759	21.253	0.543	0.007
8.639	19.728	0.555	0.007
7.759	21.651	0.563	0.007
6.349	24.211	0.569	0.007
5.253	22.765	0.573	0.007
4.795	16.647	0.575	0.007
4.468	9.840	0.573	0.006
3.666	6.313	0.569	0.006
2.523	6.192	0.565	0.005
1.625	6.604	0.562	0.005
1.241	5.544	0.560	0.004
1.085	3.587	0.557	0.004
0.796	2.256	0.555	0.003
0.390	1.885	0.554	0.003
0.371	1.572	0.553	0.003
1.082	0.699	0.554	0.002
1.932	-0.226	0.554	0.002
2.424	-0.355	0.553	0.001
2.745	0.372	0.552	0.001
3.621	1.287	0.551	0.001
5.549	1.962	0.548	0.001
8.264	2.759	0.544	0.002
11.213	4.336	0.538	0.002
13.862	6.808	0.531	0.003
16.222	9.729	0.522	0.004
18.493	12.642	0.512	0.004
20.993	15.402	0.500	0.005
24.367	17.937	0.487	0.005
29.395	20.058	0.473	0.006
36.820	21.757	0.459	0.006
47.566	23.380	0.446	0.007
65.190	24.135	0.432	0.007
82.888	23.995	0.419	0.008
95.215	29.115	0.408	0.008
101.181	49.007	0.398	0.009
105.637	83.218	0.391	0.010
111.011	112.670	0.385	0.011
114.744	113.558	0.380	0.012
115.510	83.900	0.375	0.013
113.603	45.885	0.370	0.017
120.007	41.578	0.364	0.027
138.838	157.723	0.357	0.036
151.199	367.507	0.350	0.040
132.717	470.666	0.341	0.038
82.379	452.790	0.331	0.034
30.552	406.900	0.321	0.032
9.741	349.275	0.311	0.034
25.932	255.350	0.302	0.036
55.590	116.394	0.293	0.035
71.557	-20.980	0.284	0.034
67.508	-79.878	0.274	0.033
57.692	-37.662	0.265	0.034
52.989	33.842	0.258	0.029
49.671	49.935	0.251	0.016
39.773	6.842	0.242	0.003
25.734	-31.414	0.231	-0.004
17.204	-21.617	0.217	-0.002
18.697	13.089	0.202	0.003
23.972	25.342	0.187	0.004
24.180	5.286	0.171	0.002
17.892	-15.744	0.153	-0.001
11.716	-11.675	0.133	-0.000
11.165	7.819	0.114	0.002
14.606	16.159	0.097	0.003
16.528	5.301	0.083	0.002
15.004	-8.312	0.073	0.000
12.632	-8.345	0.070	0.000
12.479	2.019	0.073	0.001
14.368	8.012	0.084	0.002
15.710	3.339	0.101	0.001
14.823	-4.154	0.121	0.000
12.703	-4.878	0.143	-0.000
11.548	0.686	0.165	0.001
11.774	4.778	0.182	0.001
12.084	3.233	0.191	0.001
11.482	-0.389	0.193	0.001
10.408	-0.838	0.191	0.001
9.789	2.120	0.190	0.002
9.691	4.565	0.189	0.002
9.294	4.131	0.187	0.002
8.248	2.579	0.182	0.002
7.284	2.838	0.175	0.003
7.169	5.288	0.168	0.003
7.797	7.981	0.161	0.004
8.268	9.572	0.156	0.004
7.780	10.619	0.150	0.004
6.512	11.960	0.142	0.004
5.408	12.948	0.135	0.005
5.062	12.168	0.128	0.005
5.274	9.551	0.122	0.005
5.409	6.925	0.116	0.005
5.165	6.253	0.110	0.005
4.722	7.665	0.104	0.005
4.281	9.474	0.097	0.005
3.982	10.051	0.091	0.005
3.758	9.124	0.086	0.004
3.556	7.534	0.081	0.004
3.380	6.086	0.077	0.004
3.195	4.984	0.074	0.004
3.395	4.188	0.072	0.004
3.580	3.702	0.070	0.004
3.468	3.550	0.069	0.003
3.101	3.520	0.070	0.003
2.707	3.303	0.073	0.003
2.439	2.734	0.076	0.003
2.353	2.137	0.080	0.003
2.307	2.132	0.084	0.003
2.204	2.928	0.089	0.003
2.121	3.734	0.093	0.003
2.152	3.460	0.099	0.002
2.257	2.020	0.104	0.002
2.454	0.491	0.108	0.002
2.654	-0.060	0.112	0.002
2.793	0.432	0.115	0.002
2.803	1.237	0.117	0.002
2.743	1.750	0.119	0.002
2.904	2.089	0.120	0.002
3.228	2.691	0.120	0.002
3.523	3.603	0.120	0.002
3.611	4.400	0.119	0.003
3.559	4.745	0.119	0.003
3.585	4.775	0.118	0.003
3.816	4.844	0.117	0.003
4.152	5.066	0.115	0.003
4.383	5.278	0.112	0.003
4.444	5.361	0.111	0.003
4.413	5.451	0.110	0.004
4.399	5.763	0.114	0.004
4.456	6.323	0.122	0.004
4.450	6.951	0.136	0.004
4.309	7.382	0.155	0.004
4.051	7.373	0.178	0.004
3.795	6.892	0.202	0.004
3.607	6.155	0.228	0.004
3.461	5.517	0.255	0.004
3.296	5.249	0.285	0.004
3.126	5.257	0.315	0.004
2.956	5.223	0.346	0.004
2.799	4.934	0.376	0.004
2.617	4.421	0.402	0.003
2.395	3.960	0.425	0.003
2.185	3.797	0.440	0.003
2.118	3.855	0.447	0.003
2.082	3.776	0.445	0.003
1.940	3.242	0.437	0.003
1.693	2.283	0.428	0.003
1.430	1.301	0.422	0.003
1.247	0.722	0.418	0.002
1.295	0.647	0.414	0.002
1.374	0.846	0.406	0.002
1.282	0.886	0.397	0.002
1.021	0.598	0.391	0.001
0.774	0.182	0.389	0.001
0.691	-0.066	0.388	0.001
0.751	-0.034	0.382	0.001
0.820	0.161	0.371	0.001
0.787	0.305	0.359	0.001
0.689	0.338	0.348	0.001
0.644	0.331	0.339	0.001
0.696	0.361	0.329	0.001
0.777	0.425	0.316	0.001
0.803	0.481	0.303	0.001
0.764	0.524	0.292	0.001
0.761	0.593	0.282	0.001
0.793	0.686	0.272	0.001
0.795	0.782	0.261	0.001
0.713	0.867	0.249	0.001
0.574	0.931	0.238	0.001
0.454	0.949	0.228	0.001
0.394	0.888	0.219	0.001
0.365	0.754	0.211	0.001
0.325	0.609	0.203	0.001
0.278	0.518	0.194	0.001
0.251	0.487	0.184	0.001
0.250	0.477	0.173	0.001
0.247	0.457	0.159	0.001
0.216	0.431	0.143	0.001
0.171	0.415	0.127	0.001
0.142	0.396	0.110	0.001
0.143	0.353	0.094	0.001
0.151	0.289	0.078	0.001
0.137	0.238	0.062	0.001
0.103	0.223	0.044	0.001
0.070	0.226	0.027	0.001
0.056	0.206	0.017	0.001
0.056	0.147	0.022	0.001
0.055	0.082	0.042	0.001
0.047	0.045	0.072	0.001
0.038	0.041	0.103	0.000
0.037	0.042	0.132	0.000
0.043	0.028	0.159	0.000
0.046	0.005	0.189	0.000
0.040	-0.008	0.220	0.000
0.030	-0.002	0.251	0.000
0.022	0.010	0.281	0.000
0.021	0.016	0.310	0.000
0.023	0.014	0.340	0.000
0.024	0.014	0.370	0.000
0.026	0.018	0.399	0.000
0.028	0.024	0.426	0.000
0.025	0.026	0.449	0.000
0.020	0.027	0.470	0.000
0.015	0.030	0.491	0.000
0.011	0.033	0.511	0.000
0.010	0.032	0.527	0.000
0.009	0.025	0.540	0.000
0.008	0.016	0.549	0.000
0.006	0.009	0.555	0.000
0.005	0.008	0.559	0.000
0.006	0.008	0.562	0.000
0.006	0.006	0.562	0.000
0.005	0.003	0.562	0.000
0.004	0.002	0.562	0.000
0.003	0.004	0.560	0.000
0.004	0.006	0.558	0.000
0.005	0.007	0.556	0.000
0.005	0.005	0.553	0.000
0.004	0.003	0.550	0.000
0.003	0.005	0.546	0.000
0.003	0.008	0.542	0.000
0.004	0.010	0.536	0.000
0.005	0.009	0.531	0.000
0.005	0.007	0.525	0.000
0.005	0.006	0.519	0.000
0.004	0.009	0.513	0.000
0.004	0.012	0.506	0.000
0.004	0.012	0.499	0.000
0.004	0.009	0.492	0.000
0.004	0.006	0.485	0.000
0.004	0.006	0.478	0.000
0.004	0.007	0.471	0.000
0.005	0.007	0.465	0.000
0.005	0.006	0.460	0.000
0.005	0.005	0.456	0.000
