0.007	0.000	0.000	0.000
0.023	0.000	0.000	0.000
0.039	0.000	0.000	0.000
0.047	0.000	0.000	0.000
0.045	0.002	0.000	0.000
0.037	0.010	0.000	0.000
0.033	0.022	0.000	0.000
0.032	0.034	0.000	0.000
0.030	0.040	0.000	0.000
0.025	0.037	0.000	0.000
0.021	0.031	0.000	0.000
0.021	0.027	0.000	0.000
0.024	0.028	0.000	0.000
0.024	0.029	0.000	0.000
0.022	0.027	0.000	0.000
0.021	0.023	0.000	0.000
0.023	0.021	0.000	0.000
0.026	0.020	0.000	0.000
0.026	0.021	0.000	0.000
0.023	0.021	0.000	0.000
0.020	0.020	0.000	0.000
0.020	0.020	0.000	0.000
0.022	0.021	0.000	0.000
0.021	0.020	0.000	0.000
0.018	0.020	0.000	0.000
0.015	0.020	0.000	0.000
0.015	0.020	0.000	0.000
0.016	0.019	0.000	0.000
0.017	0.017	0.000	0.000
0.015	0.019	0.000	0.000
0.012	0.024	0.000	0.000
0.011	0.030	0.000	0.000
0.012	0.032	0.000	0.000
0.012	0.028	0.000	0.000
0.010	0.024	0.000	0.000
0.007	0.023	0.000	0.000
0.007	0.026	0.000	0.000
0.008	0.028	0.000	0.000
0.010	0.026	0.000	0.000
0.011	0.023	0.000	0.000
0.010	0.021	0.000	0.000
0.009	0.023	0.000	0.000
0.008	0.024	0.000	0.000
0.008	0.023	0.000	0.000
0.007	0.020	0.000	0.000
0.008	0.018	0.000	0.000
0.008	0.018	0.000	0.000
0.009	0.019	0.000	0.000
0.010	0.018	0.000	0.000
0.011	0.016	0.000	0.000
0.012	0.014	0.000	0.000
0.011	0.013	0.000	0.000
0.009	0.013	0.000	0.000
0.007	0.014	0.000	0.000
0.007	0.016	0.000	0.000
0.009	0.016	0.000	0.000
0.008	0.014	0.000	0.000
0.005	0.010	0.000	0.000
0.002	0.005	0.000	0.000
0.001	0.002	0.000	0.000
0.004	0.001	0.000	0.000
0.006	0.001	0.000	0.000
0.006	0.001	0.000	0.000
0.005	0.001	0.000	0.000
0.004	0.001	0.000	0.000
0.004	0.002	0.000	0.000
0.005	0.003	0.000	0.000
0.005	0.003	0.000	0.000
0.004	0.003	0.000	0.000
0.004	0.003	0.000	0.000
0.005	0.002	0.000	0.000
0.005	0.002	0.000	0.000
0.005	0.003	0.000	0.000
0.005	0.003	0.000	0.000
0.004	0.003	0.000	0.000
0.004	0.003	0.000	0.000
0.004	0.003	0.000	0.000
0.004	0.004	0.000	0.000
0.003	0.004	0.000	0.000
0.003	0.004	0.000	0.000
0.004	0.003	0.000	0.000
0.004	0.003	0.000	0.000
0.005	0.003	0.000	0.000
0.005	0.005	0.000	0.000
0.005	0.006	0.000	0.000
0.005	0.008	0.000	0.000
0.005	0.008	0.000	0.000
0.005	0.008	0.000	0.000
0.005	0.007	0.000	0.000
0.005	0.006	0.000	0.000
0.005	0.006	0.000	0.000
0.006	0.006	0.000	0.000
0.005	0.006	0.000	0.000
0.005	0.007	0.000	0.000
0.005	0.008	0.000	0.000
0.005	0.008	0.000	0.000
0.006	0.008	0.000	0.000
0.006	0.006	0.000	0.000
0.005	0.006	0.000	0.000
0.005	0.006	0.000	0.000
0.005	0.007	0.102	0.000
0.005	0.009	0.309	0.000
0.006	0.010	0.523	0.000
0.006	0.011	0.623	0.000
0.006	0.012	0.588	0.000
0.007	0.012	0.502	0.000
0.007	0.012	0.463	0.000
0.007	0.012	0.489	0.000
0.007	0.014	0.521	0.000
0.007	0.015	0.509	0.000
0.007	0.015	0.468	0.000
0.007	0.014	0.446	0.000
0.008	0.013	0.458	0.000
0.008	0.014	0.475	0.000
0.007	0.017	0.468	0.000
0.007	0.020	0.442	0.000
0.008	0.020	0.422	0.000
0.008	0.017	0.419	0.000
0.009	0.013	0.421	0.000
0.008	0.013	0.411	0.000
0.011	0.015	0.390	0.000
0.015	0.018	0.373	0.000
0.020	0.017	0.366	0.000
0.027	0.013	0.363	0.000
0.036	0.007	0.356	0.000
0.048	0.005	0.343	0.000
0.061	0.007	0.329	0.000
0.068	0.009	0.316	0.000
0.083	0.009	0.300	0.000
0.192	0.007	0.274	0.000
0.591	0.007	0.239	0.000
1.556	0.016	0.204	0.000
3.395	0.047	0.177	0.000
6.263	0.104	0.162	0.000
9.951	0.166	0.158	0.000
13.477	0.197	0.162	0.000
15.796	0.179	0.173	0.000
16.827	0.139	0.190	0.001
16.855	0.124	0.207	0.001
16.209	0.152	0.223	0.001
14.971	0.194	0.236	0.001
13.093	0.210	0.247	0.001
11.048	0.186	0.256	0.001
9.289	0.141	0.265	0.001
8.039	0.102	0.271	0.001
7.075	0.078	0.277	0.001
6.163	0.071	0.283	0.001
5.284	0.073	0.292	0.000
4.537	0.076	0.305	0.000
3.901	0.076	0.319	0.000
3.332	0.066	0.332	0.000
2.809	0.049	0.343	0.000
2.350	0.033	0.352	0.000
1.996	0.024	0.358	0.000
1.725	0.023	0.362	0.000
1.462	0.024	0.361	0.000
1.166	0.021	0.358	0.000
0.886	0.020	0.352	0.000
0.664	0.028	0.343	0.000
0.506	0.050	0.333	0.000
0.448	0.077	0.327	0.000
0.471	0.090	0.325	0.000
0.500	0.084	0.329	0.000
0.469	0.073	0.335	0.000
0.376	0.081	0.341	0.000
0.269	0.107	0.344	0.000
0.207	0.129	0.345	0.000
0.196	0.128	0.344	0.000
0.191	0.110	0.342	0.000
0.157	0.105	0.338	0.001
0.104	0.133	0.332	0.001
0.068	0.180	0.325	0.001
0.062	0.215	0.316	0.001
0.068	0.218	0.306	0.001
0.064	0.198	0.295	0.001
0.048	0.174	0.283	0.001
0.034	0.159	0.273	0.001
0.032	0.153	0.264	0.001
0.035	0.151	0.258	0.001
0.035	0.155	0.253	0.001
0.031	0.161	0.247	0.001
0.029	0.159	0.242	0.001
0.033	0.140	0.238	0.001
0.040	0.104	0.237	0.001
0.046	0.064	0.240	0.001
0.048	0.039	0.245	0.000
0.047	0.035	0.249	0.000
0.048	0.040	0.253	0.000
0.050	0.041	0.257	0.000
0.057	0.032	0.263	0.000
0.068	0.022	0.270	0.000
0.077	0.022	0.278	0.000
0.077	0.034	0.286	0.000
0.071	0.052	0.295	0.000
0.063	0.069	0.304	0.000
0.061	0.082	0.312	0.000
0.063	0.088	0.318	0.000
0.066	0.090	0.324	0.000
0.067	0.091	0.329	0.000
0.068	0.096	0.335	0.000
0.069	0.113	0.341	0.000
0.071	0.144	0.347	0.001
0.074	0.183	0.352	0.001
0.075	0.220	0.357	0.001
0.077	0.247	0.363	0.001
0.081	0.261	0.371	0.001
0.086	0.273	0.379	0.001
0.092	0.290	0.388	0.001
0.099	0.310	0.398	0.001
0.107	0.331	0.408	0.001
0.115	0.348	0.419	0.001
0.126	0.369	0.429	0.001
0.140	0.397	0.440	0.001
0.151	0.427	0.450	0.001
0.156	0.440	0.460	0.001
0.155	0.433	0.469	0.001
0.156	0.415	0.478	0.001
0.167	0.404	0.487	0.001
0.184	0.411	0.495	0.001
0.200	0.429	0.502	0.001
0.210	0.446	0.509	0.001
0.214	0.455	0.515	0.001
0.215	0.450	0.524	0.001
0.217	0.422	0.534	0.001
0.238	0.363	0.544	0.001
0.260	0.285	0.553	0.001
0.266	0.215	0.562	0.001
0.254	0.179	0.571	0.001
0.242	0.181	0.581	0.001
0.241	0.201	0.591	0.001
0.250	0.216	0.599	0.001
0.256	0.213	0.606	0.001
0.257	0.196	0.609	0.001
0.260	0.174	0.611	0.001
0.278	0.153	0.614	0.001
0.304	0.139	0.619	0.001
0.333	0.133	0.626	0.001
0.353	0.135	0.634	0.001
0.362	0.138	0.641	0.001
0.375	0.134	0.647	0.001
0.390	0.126	0.652	0.001
0.393	0.121	0.658	0.001
0.376	0.124	0.664	0.001
0.350	0.133	0.669	0.001
0.336	0.139	0.673	0.001
0.338	0.137	0.676	0.001
0.342	0.132	0.680	0.001
0.328	0.130	0.689	0.001
0.289	0.134	0.699	0.001
0.247	0.139	0.707	0.001
0.220	0.137	0.711	0.001
0.206	0.128	0.714	0.001
0.198	0.113	0.718	0.001
0.196	0.094	0.722	0.001
0.199	0.074	0.726	0.000
0.197	0.058	0.727	0.000
0.181	0.046	0.726	0.000
0.152	0.035	0.726	0.000
0.131	0.023	0.726	0.000
0.131	0.012	0.726	0.000
0.146	0.010	0.727	0.000
0.155	0.027	0.729	0.000
0.143	0.060	0.730	0.000
0.122	0.099	0.732	0.000
0.114	0.128	0.735	0.000
0.128	0.135	0.739	0.000
0.147	0.119	0.747	0.000
0.161	0.090	0.758	0.000
0.163	0.061	0.771	0.000
0.163	0.045	0.782	0.000
0.171	0.050	0.793	0.000
0.184	0.083	0.802	0.000
0.201	0.139	0.811	0.000
0.216	0.189	0.819	0.001
0.234	0.208	0.825	0.001
0.252	0.197	0.829	0.001
0.270	0.207	0.832	0.001
0.291	0.285	0.834	0.001
0.323	0.418	0.835	0.001
0.364	0.551	0.836	0.001
0.406	0.642	0.836	0.001
0.464	0.703	0.836	0.001
0.519	0.778	0.834	0.001
0.550	0.885	0.830	0.001
0.573	1.000	0.825	0.001
0.622	1.115	0.818	0.001
0.688	1.216	0.809	0.002
0.735	1.298	0.798	0.002
0.782	1.331	0.785	0.002
0.830	1.305	0.770	0.002
0.929	1.236	0.754	0.002
1.028	1.168	0.739	0.002
1.103	1.141	0.725	0.002
1.121	1.183	0.713	0.002
1.121	1.285	0.703	0.002
1.174	1.414	0.695	0.002
1.310	1.512	0.688	0.002
1.468	1.562	0.682	0.002
1.578	1.564	0.676	0.002
1.634	1.549	0.670	0.002
1.693	1.524	0.665	0.002
1.794	1.483	0.660	0.002
1.925	1.435	0.655	0.002
2.037	1.401	0.650	0.002
2.105	1.402	0.644	0.002
2.171	1.434	0.637	0.002
2.276	1.449	0.631	0.002
2.422	1.395	0.626	0.002
2.566	1.271	0.621	0.002
2.683	1.127	0.617	0.002
2.819	1.016	0.614	0.002
2.961	0.942	0.611	0.002
3.063	0.855	0.608	0.002
3.122	0.719	0.606	0.001
3.184	0.575	0.605	0.001
3.329	0.475	0.605	0.001
3.569	0.418	0.604	0.001
3.888	0.360	0.604	0.001
4.215	0.276	0.604	0.001
4.493	0.196	0.604	0.001
4.707	0.176	0.603	0.001
4.804	0.210	0.602	0.001
4.789	0.241	0.602	0.001
4.680	0.228	0.601	0.001
4.535	0.183	0.599	0.001
4.403	0.155	0.597	0.001
4.300	0.174	0.595	0.001
4.211	0.220	0.593	0.001
4.128	0.257	0.591	0.001
4.133	0.292	0.588	0.001
4.234	0.373	0.585	0.001
4.424	0.528	0.581	0.001
4.592	0.709	0.578	0.001
4.637	0.855	0.574	0.001
4.602	0.980	0.570	0.001
4.578	1.193	0.566	0.001
4.590	1.497	0.560	0.002
4.641	1.769	0.555	0.002
4.689	1.923	0.551	0.002
4.741	2.088	0.548	0.002
4.845	2.489	0.546	0.002
5.086	3.198	0.544	0.002
5.460	4.014	0.543	0.003
5.877	4.714	0.544	0.003
6.206	5.355	0.547	0.003
6.455	6.151	0.552	0.003
6.699	7.158	0.558	0.004
6.993	8.160	0.566	0.004
7.332	8.960	0.575	0.004
7.665	9.649	0.585	0.004
8.041	10.530	0.597	0.005
8.426	11.688	0.609	0.005
8.844	12.864	0.620	0.005
9.211	13.765	0.632	0.005
9.399	14.390	0.643	0.005
9.383	14.978	0.653	0.006
9.296	15.711	0.664	0.006
9.245	16.487	0.675	0.006
9.279	17.122	0.686	0.006
9.280	17.591	0.698	0.006
9.161	17.999	0.709	0.006
8.897	18.388	0.720	0.006
8.620	18.583	0.729	0.006
8.394	18.336	0.738	0.007
8.282	17.623	0.746	0.007
8.165	16.716	0.754	0.006
7.985	15.951	0.761	0.006
7.751	15.440	0.768	0.006
7.587	15.026	0.774	0.006
7.562	14.467	0.779	0.006
7.749	13.649	0.783	0.006
8.151	12.640	0.787	0.006
8.713	11.560	0.790	0.006
9.333	10.451	0.792	0.005
9.913	9.239	0.794	0.005
10.388	7.851	0.795	0.005
10.869	6.349	0.797	0.005
11.847	4.934	0.797	0.004
13.516	3.782	0.798	0.004
15.481	2.909	0.797	0.004
17.250	2.203	0.796	0.003
18.984	1.576	0.794	0.003
21.069	1.047	0.792	0.002
23.593	0.703	0.789	0.002
25.778	0.603	0.786	0.002
27.102	0.794	0.784	0.002
27.662	1.316	0.782	0.002
28.244	2.155	0.780	0.002
29.433	3.156	0.779	0.002
31.118	4.020	0.779	0.002
32.629	4.483	0.779	0.003
33.639	4.531	0.780	0.003
34.064	4.377	0.783	0.003
33.792	4.254	0.786	0.003
32.593	4.235	0.789	0.003
30.593	4.209	0.792	0.003
28.438	4.056	0.795	0.003
26.849	3.738	0.798	0.003
25.953	3.257	0.801	0.003
25.241	2.615	0.803	0.003
24.087	1.875	0.805	0.003
22.424	1.207	0.807	0.002
20.811	0.815	0.809	0.002
19.747	0.785	0.811	0.002
19.034	1.028	0.812	0.002
18.125	1.375	0.814	0.002
16.783	1.712	0.816	0.002
15.410	2.031	0.818	0.002
14.469	2.344	0.819	0.002
14.019	2.600	0.820	0.002
13.765	2.707	0.822	0.002
13.363	2.614	0.822	0.002
12.801	2.378	0.823	0.002
12.315	2.128	0.823	0.002
12.057	1.961	0.824	0.002
11.938	1.869	0.824	0.002
11.722	1.779	0.825	0.002
11.273	1.642	0.825	0.002
10.651	1.473	0.825	0.002
10.145	1.313	0.824	0.002
9.903	1.169	0.824	0.002
9.895	1.023	0.824	0.002
9.969	0.876	0.824	0.002
9.975	0.764	0.824	0.002
9.768	0.719	0.824	0.001
9.544	0.726	0.824	0.001
9.527	0.720	0.823	0.001
9.991	0.649	0.822	0.001
10.810	0.538	0.821	0.001
11.636	0.470	0.821	0.001
12.201	0.512	0.820	0.001
12.708	0.648	0.819	0.001
13.315	0.798	0.818	0.001
13.953	0.902	0.817	0.001
14.553	0.981	0.815	0.001
14.939	1.124	0.813	0.001
15.094	1.368	0.809	0.002
15.099	1.631	0.802	0.002
15.016	1.773	0.794	0.002
15.157	1.747	0.784	0.002
15.619	1.650	0.774	0.002
16.081	1.641	0.762	0.002
16.235	1.791	0.750	0.002
16.104	2.154	0.736	0.002
16.077	2.793	0.722	0.002
16.635	3.689	0.707	0.003
18.047	4.596	0.691	0.003
19.503	5.182	0.673	0.003
19.649	5.394	0.655	0.003
18.115	5.692	0.636	0.003
16.023	6.702	0.618	0.004
15.113	8.692	0.599	0.004
15.859	11.386	0.580	0.004
17.157	14.275	0.560	0.005
17.989	17.135	0.539	0.005
18.324	20.148	0.518	0.006
18.912	23.673	0.497	0.006
20.215	27.821	0.476	0.007
21.897	32.239	0.455	0.008
23.161	36.433	0.434	0.008
23.896	40.252	0.414	0.009
24.571	43.903	0.395	0.009
25.096	47.758	0.377	0.010
25.503	51.723	0.361	0.010
25.791	55.139	0.345	0.011
26.091	57.271	0.332	0.011
26.530	57.814	0.320	0.011
26.791	56.899	0.311	0.011
26.587	54.658	0.304	0.011
26.379	50.965	0.299	0.011
27.322	45.754	0.295	0.011
29.372	39.396	0.293	0.011
31.394	32.758	0.292	0.010
32.313	26.772	0.292	0.010
32.129	21.939	0.293	0.009
31.570	18.163	0.295	0.008
31.316	14.960	0.298	0.007
31.467	11.881	0.303	0.007
31.824	8.857	0.308	0.006
32.290	6.181	0.315	0.005
32.797	4.220	0.321	0.005
33.530	3.075	0.328	0.004
34.181	2.512	0.335	0.004
34.650	2.198	0.342	0.003
34.968	1.983	0.350	0.003
35.565	1.944	0.358	0.003
36.833	2.202	0.365	0.002
39.009	2.674	0.373	0.002
40.683	3.143	0.381	0.002
39.649	3.433	0.390	0.002
35.725	3.543	0.399	0.003
31.388	3.582	0.408	0.003
28.831	3.563	0.418	0.003
28.248	3.508	0.427	0.003
28.272	3.531	0.437	0.003
27.297	3.707	0.446	0.003
25.340	4.056	0.455	0.003
23.724	4.502	0.464	0.003
23.244	4.919	0.473	0.003
23.560	5.235	0.481	0.003
23.618	5.353	0.490	0.003
22.818	5.279	0.500	0.003
21.522	5.196	0.511	0.003
20.526	5.335	0.523	0.004
20.168	5.775	0.536	0.004
20.181	6.367	0.550	0.004
20.112	6.854	0.565	0.004
19.751	7.062	0.580	0.004
19.233	6.973	0.596	0.004
18.827	6.725	0.611	0.004
18.550	6.519	0.627	0.004
18.074	6.550	0.643	0.004
17.352	6.942	0.658	0.004
16.422	7.652	0.674	0.004
15.536	8.474	0.690	0.004
14.737	9.094	0.705	0.004
14.246	9.283	0.721	0.004
13.866	9.057	0.736	0.004
13.567	8.627	0.750	0.005
13.393	8.230	0.765	0.005
13.380	7.980	0.779	0.005
13.457	7.844	0.794	0.004
13.477	7.730	0.810	0.004
13.388	7.536	0.826	0.004
13.258	7.205	0.840	0.004
13.142	6.726	0.851	0.004
12.991	6.086	0.860	0.004
12.832	5.281	0.867	0.004
12.676	4.383	0.874	0.004
12.595	3.536	0.879	0.003
12.656	2.876	0.882	0.003
12.900	2.436	0.884	0.003
13.161	2.154	0.884	0.003
13.387	1.998	0.881	0.003
13.601	2.018	0.877	0.002
13.877	2.284	0.871	0.002
14.348	2.811	0.863	0.002
15.015	3.538	0.854	0.003
15.688	4.509	0.843	0.003
16.289	5.934	0.832	0.003
16.962	7.933	0.818	0.004
17.836	10.319	0.803	0.004
18.713	12.733	0.785	0.004
19.344	14.909	0.764	0.005
19.817	16.985	0.742	0.005
20.451	19.093	0.717	0.006
21.711	21.271	0.692	0.006
23.436	23.771	0.665	0.007
25.385	27.179	0.636	0.007
27.177	31.939	0.608	0.008
28.621	38.060	0.578	0.008
29.930	45.145	0.549	0.009
31.296	52.730	0.519	0.010
33.000	60.510	0.489	0.011
35.241	68.225	0.459	0.011
37.755	75.410	0.428	0.012
39.706	81.776	0.397	0.013
40.295	86.979	0.365	0.013
39.870	90.176	0.335	0.014
39.354	90.146	0.306	0.014
40.012	86.097	0.279	0.014
41.720	78.660	0.251	0.014
44.042	69.835	0.224	0.014
46.460	61.274	0.197	0.013
49.672	52.950	0.170	0.013
54.416	43.699	0.143	0.012
61.094	33.146	0.118	0.011
67.500	22.776	0.093	0.010
70.911	14.774	0.068	0.009
70.929	10.039	0.046	0.008
68.501	7.617	0.030	0.007
65.676	5.917	0.025	0.006
63.544	4.212	0.035	0.005
62.031	2.811	0.055	0.004
60.614	2.151	0.078	0.004
59.441	2.095	0.099	0.003
58.679	2.155	0.117	0.003
57.555	2.117	0.133	0.003
54.313	2.144	0.150	0.002
48.584	2.383	0.166	0.002
42.122	2.680	0.182	0.002
37.262	2.867	0.196	0.002
34.970	3.155	0.210	0.003
33.735	4.013	0.224	0.003
31.304	5.619	0.237	0.003
27.288	7.700	0.249	0.003
23.316	9.838	0.261	0.004
20.877	11.905	0.273	0.004
19.866	14.006	0.285	0.005
18.864	16.026	0.297	0.005
17.273	17.539	0.309	0.006
15.770	18.446	0.321	0.006
15.307	19.296	0.332	0.006
15.793	20.719	0.344	0.007
16.191	22.484	0.357	0.007
15.907	23.527	0.368	0.007
15.368	23.167	0.380	0.007
15.375	21.737	0.391	0.007
16.013	20.099	0.402	0.007
16.618	18.837	0.414	0.007
16.642	17.872	0.426	0.007
16.263	16.756	0.439	0.007
16.084	15.170	0.451	0.006
16.348	13.209	0.463	0.006
16.713	11.059	0.476	0.006
16.715	8.980	0.491	0.006
16.223	7.225	0.506	0.005
15.570	5.927	0.522	0.005
15.070	5.002	0.538	0.004
14.731	4.175	0.554	0.004
14.263	3.225	0.570	0.004
13.538	2.233	0.586	0.003
12.755	1.453	0.602	0.003
12.250	1.027	0.617	0.002
12.081	0.860	0.631	0.002
12.089	0.781	0.643	0.002
12.119	0.754	0.654	0.002
11.982	0.886	0.664	0.002
11.766	1.243	0.672	0.002
11.702	1.722	0.680	0.002
11.907	2.229	0.686	0.002
12.145	2.816	0.691	0.002
12.149	3.554	0.694	0.002
11.994	4.314	0.696	0.003
12.020	4.820	0.698	0.003
12.428	4.980	0.698	0.003
12.962	5.219	0.697	0.003
13.330	6.114	0.694	0.004
13.370	7.886	0.689	0.004
13.286	10.216	0.684	0.004
13.338	12.622	0.678	0.005
13.727	14.954	0.670	0.005
14.440	17.514	0.661	0.006
15.302	20.677	0.651	0.006
16.386	24.474	0.640	0.007
17.641	28.512	0.628	0.007
18.843	32.241	0.617	0.008
19.740	35.359	0.605	0.008
20.501	38.189	0.593	0.009
21.556	41.505	0.580	0.009
23.070	45.894	0.566	0.010
24.795	50.980	0.551	0.010
26.482	55.478	0.536	0.011
28.499	58.186	0.519	0.011
30.999	58.860	0.503	0.011
33.550	58.026	0.486	0.011
35.486	56.108	0.470	0.011
36.690	52.873	0.453	0.011
38.871	47.738	0.435	0.011
43.277	40.544	0.416	0.011
48.737	32.098	0.399	0.010
52.340	24.003	0.384	0.009
52.200	17.715	0.370	0.009
49.953	13.662	0.357	0.008
48.912	11.247	0.343	0.007
50.317	9.616	0.328	0.006
52.859	8.349	0.314	0.006
54.584	7.654	0.300	0.005
55.017	7.836	0.287	0.005
55.966	8.735	0.274	0.005
59.178	9.680	0.259	0.005
63.211	9.933	0.243	0.005
62.812	9.237	0.228	0.004
56.754	7.917	0.214	0.004
48.897	6.550	0.200	0.004
43.457	5.441	0.188	0.004
41.101	4.543	0.176	0.004
39.407	3.691	0.165	0.004
35.765	2.865	0.154	0.003
30.849	2.291	0.146	0.003
27.005	2.210	0.140	0.003
25.446	2.598	0.136	0.003
25.080	3.245	0.134	0.003
24.575	4.084	0.136	0.003
24.183	5.414	0.140	0.003
24.988	7.694	0.148	0.003
27.517	10.942	0.158	0.004
30.287	14.513	0.171	0.005
31.946	17.450	0.186	0.005
32.347	19.109	0.202	0.006
32.574	19.583	0.220	0.006
33.405	19.676	0.240	0.006
34.171	20.410	0.260	0.007
33.946	22.339	0.280	0.007
32.408	25.204	0.301	0.007
30.191	28.116	0.321	0.008
28.102	30.173	0.341	0.008
26.365	30.919	0.360	0.008
24.780	30.183	0.379	0.008
23.226	27.826	0.396	0.008
21.937	23.825	0.414	0.008
21.127	18.614	0.431	0.008
20.702	13.245	0.449	0.007
20.411	8.922	0.467	0.006
19.943	6.295	0.484	0.006
19.342	5.140	0.500	0.005
18.786	4.734	0.514	0.005
18.485	4.568	0.526	0.004
18.327	4.716	0.536	0.004
18.042	5.567	0.543	0.004
17.591	7.292	0.548	0.004
17.505	9.709	0.550	0.004
18.071	12.598	0.550	0.005
19.025	15.915	0.547	0.005
20.123	19.633	0.542	0.006
21.451	23.666	0.536	0.006
23.478	28.184	0.530	0.007
25.921	33.689	0.523	0.008
27.916	40.755	0.514	0.008
28.840	49.021	0.503	0.009
29.017	56.720	0.493	0.010
29.473	61.816	0.483	0.011
30.764	63.689	0.472	0.011
32.554	63.427	0.459	0.012
34.407	62.643	0.444	0.012
35.656	61.662	0.429	0.012
36.060	59.483	0.415	0.012
35.919	55.255	0.403	0.012
36.333	49.413	0.391	0.012
38.197	43.363	0.381	0.011
41.255	38.241	0.372	0.011
44.411	34.149	0.362	0.010
46.773	30.456	0.352	0.010
48.210	26.631	0.343	0.009
49.335	22.772	0.333	0.009
51.030	19.283	0.324	0.008
53.449	16.359	0.315	0.007
56.134	13.896	0.304	0.007
58.524	11.682	0.293	0.006
60.084	9.622	0.282	0.006
60.646	7.830	0.270	0.005
60.601	6.517	0.257	0.005
61.265	5.786	0.243	0.005
63.973	5.626	0.227	0.004
66.992	5.979	0.211	0.004
65.932	6.661	0.193	0.004
59.664	7.222	0.174	0.004
52.051	7.123	0.154	0.004
47.734	6.163	0.134	0.004
46.718	4.663	0.112	0.004
45.480	3.150	0.091	0.003
41.079	2.001	0.073	0.003
34.785	1.333	0.064	0.003
30.188	1.093	0.066	0.002
28.632	1.214	0.079	0.002
28.113	1.679	0.100	0.002
26.256	2.551	0.124	0.002
23.500	3.849	0.148	0.002
22.291	5.525	0.172	0.003
23.854	7.525	0.196	0.003
26.922	9.978	0.217	0.004
29.682	12.733	0.238	0.004
31.769	15.312	0.256	0.005
33.952	17.068	0.272	0.005
36.285	17.638	0.287	0.006
38.604	17.112	0.300	0.006
40.570	16.044	0.311	0.006
42.080	14.950	0.322	0.006
42.886	14.141	0.332	0.006
42.761	13.527	0.342	0.006
41.693	12.773	0.351	0.006
39.815	11.607	0.360	0.006
37.701	10.094	0.367	0.005
35.531	8.577	0.373	0.005
33.024	7.424	0.379	0.005
30.387	6.763	0.384	0.005
28.217	6.420	0.389	0.004
27.081	6.098	0.392	0.004
26.940	5.666	0.394	0.004
27.153	5.293	0.396	0.004
27.337	5.315	0.396	0.004
27.215	5.990	0.396	0.004
26.668	7.431	0.396	0.004
25.790	9.738	0.396	0.004
24.938	12.960	0.395	0.005
24.603	17.224	0.394	0.005
25.123	22.720	0.393	0.006
26.319	29.411	0.393	0.007
27.599	36.678	0.392	0.008
28.223	43.356	0.390	0.008
28.346	48.492	0.388	0.009
28.844	52.527	0.385	0.010
29.671	56.770	0.382	0.011
30.301	62.156	0.379	0.011
30.625	68.764	0.375	0.012
31.063	76.000	0.369	0.012
32.203	82.921	0.362	0.013
33.558	88.497	0.351	0.013
34.422	91.984	0.340	0.014
34.636	93.243	0.327	0.014
34.684	92.788	0.314	0.014
35.320	90.824	0.300	0.014
37.312	86.671	0.286	0.014
40.582	79.188	0.270	0.014
43.832	68.000	0.256	0.014
45.517	54.202	0.242	0.013
45.207	39.896	0.230	0.012
43.924	27.171	0.218	0.011
43.435	17.345	0.207	0.010
44.427	10.820	0.197	0.009
46.485	7.214	0.189	0.007
48.616	5.600	0.181	0.006
50.527	4.865	0.174	0.005
52.281	4.207	0.167	0.004
53.992	3.425	0.162	0.004
56.080	2.777	0.158	0.003
58.653	2.593	0.154	0.003
61.441	3.011	0.152	0.003
63.596	4.046	0.149	0.003
63.341	5.660	0.145	0.003
60.624	7.653	0.140	0.003
57.308	9.527	0.134	0.004
54.932	10.738	0.127	0.004
53.368	11.147	0.121	0.004
51.781	11.162	0.116	0.005
49.348	11.263	0.112	0.005
46.255	11.400	0.110	0.005
43.408	11.029	0.110	0.005
41.523	9.742	0.111	0.005
40.524	7.662	0.116	0.005
40.102	5.397	0.124	0.004
39.935	3.692	0.136	0.004
39.699	3.058	0.151	0.004
39.494	3.676	0.168	0.003
39.421	5.330	0.185	0.003
39.055	7.751	0.202	0.003
38.160	10.711	0.219	0.004
36.857	13.973	0.235	0.004
35.893	17.259	0.250	0.005
35.420	20.029	0.264	0.005
35.789	21.494	0.279	0.006
36.197	21.304	0.293	0.006
35.960	19.806	0.307	0.007
35.147	17.900	0.320	0.007
34.226	16.335	0.332	0.007
33.428	15.217	0.344	0.006
32.548	14.068	0.356	0.006
31.316	12.484	0.369	0.006
29.657	10.553	0.382	0.006
27.918	8.679	0.395	0.005
26.285	7.141	0.409	0.005
24.739	5.924	0.423	0.005
23.168	4.895	0.437	0.004
21.528	4.005	0.452	0.004
19.955	3.288	0.467	0.004
18.666	2.788	0.481	0.003
17.650	2.528	0.496	0.003
16.798	2.545	0.509	0.003
16.062	2.883	0.522	0.003
15.433	3.562	0.534	0.003
14.997	4.563	0.547	0.003
14.833	5.852	0.559	0.003
14.933	7.423	0.570	0.004
15.199	9.316	0.580	0.004
15.601	11.612	0.588	0.004
16.093	14.378	0.595	0.005
16.841	17.575	0.600	0.005
18.055	21.035	0.604	0.006
19.595	24.627	0.607	0.007
21.280	28.312	0.606	0.007
22.749	32.325	0.600	0.008
23.678	36.891	0.591	0.008
24.271	41.785	0.580	0.009
24.805	46.201	0.568	0.009
25.362	49.215	0.554	0.010
25.776	50.611	0.538	0.010
25.936	51.406	0.520	0.011
25.822	52.710	0.503	0.011
25.317	54.603	0.486	0.011
24.444	55.824	0.471	0.011
23.496	54.970	0.456	0.011
22.876	51.802	0.442	0.011
22.868	47.398	0.428	0.011
23.411	43.086	0.413	0.011
24.222	39.438	0.399	0.011
25.013	36.158	0.384	0.010
25.694	32.747	0.368	0.010
27.386	29.131	0.351	0.009
30.825	25.490	0.332	0.009
34.791	21.838	0.312	0.008
37.599	17.966	0.291	0.008
38.869	13.854	0.269	0.007
39.282	9.945	0.248	0.006
40.146	6.886	0.226	0.006
41.703	4.958	0.204	0.005
43.559	3.889	0.182	0.005
45.007	3.169	0.159	0.004
46.153	2.559	0.137	0.003
47.387	2.243	0.115	0.003
49.193	2.465	0.094	0.003
51.637	3.148	0.073	0.003
55.322	3.858	0.054	0.003
59.481	4.236	0.040	0.003
60.825	4.380	0.036	0.003
57.136	4.442	0.042	0.003
51.514	4.199	0.056	0.003
47.579	3.341	0.073	0.003
46.211	1.992	0.088	0.003
45.250	0.714	0.101	0.002
41.747	0.035	0.113	0.002
35.562	0.038	0.124	0.002
29.712	0.396	0.135	0.001
26.575	0.733	0.146	0.001
25.686	0.955	0.156	0.001
24.920	1.246	0.166	0.001
23.326	1.884	0.176	0.001
21.932	2.891	0.187	0.002
22.249	4.240	0.197	0.002
24.459	6.143	0.207	0.003
27.450	8.745	0.215	0.003
30.081	11.999	0.224	0.004
32.555	15.507	0.234	0.005
35.340	18.520	0.245	0.005
38.626	20.732	0.256	0.006
41.574	22.101	0.266	0.006
43.641	22.546	0.276	0.007
44.521	22.070	0.285	0.007
44.444	21.154	0.294	0.007
43.295	20.151	0.303	0.007
41.099	18.774	0.313	0.007
38.194	16.344	0.322	0.007
35.364	12.689	0.333	0.006
33.074	8.813	0.345	0.006
30.986	6.277	0.360	0.005
28.622	5.586	0.377	0.005
26.068	5.912	0.395	0.005
23.882	6.103	0.412	0.004
22.620	5.867	0.428	0.004
21.960	5.821	0.443	0.004
21.290	6.586	0.458	0.004
20.480	8.075	0.473	0.004
19.867	9.745	0.488	0.004
19.310	11.338	0.501	0.005
18.523	13.137	0.510	0.005
17.721	15.587	0.517	0.005
17.584	18.910	0.522	0.006
18.259	23.007	0.525	0.006
19.310	27.534	0.527	0.007
20.155	32.037	0.525	0.008
20.646	36.242	0.520	0.008
21.212	40.392	0.513	0.009
22.141	45.168	0.504	0.009
23.218	50.917	0.494	0.010
24.011	57.070	0.482	0.010
24.344	62.334	0.470	0.011
24.368	65.629	0.458	0.011
24.299	66.967	0.447	0.012
24.212	67.395	0.437	0.012
23.901	68.097	0.428	0.012
23.244	69.593	0.420	0.013
22.516	71.102	0.411	0.013
22.197	70.922	0.403	0.013
22.502	67.428	0.395	0.013
23.329	60.118	0.388	0.012
24.167	50.086	0.381	0.012
24.930	39.568	0.375	0.011
25.904	30.630	0.367	0.011
27.442	24.129	0.358	0.010
28.902	19.619	0.348	0.009
29.481	16.160	0.336	0.008
29.105	13.177	0.322	0.007
28.721	10.588	0.308	0.007
29.519	8.429	0.290	0.006
31.680	6.632	0.269	0.005
34.775	5.102	0.246	0.005
37.976	3.846	0.222	0.004
41.345	2.976	0.196	0.004
45.348	2.490	0.170	0.003
49.929	2.230	0.143	0.003
54.308	2.051	0.116	0.003
58.859	1.960	0.088	0.002
63.887	2.004	0.062	0.002
65.911	2.098	0.039	0.002
63.440	2.079	0.029	0.002
59.639	1.886	0.039	0.002
56.711	1.609	0.067	0.002
54.716	1.335	0.103	0.002
51.742	1.064	0.137	0.002
46.931	0.805	0.165	0.002
42.007	0.675	0.190	0.002
39.416	0.879	0.215	0.002
39.480	1.574	0.242	0.002
40.062	2.796	0.266	0.002
39.102	4.511	0.288	0.002
36.879	6.583	0.307	0.003
34.989	8.632	0.327	0.003
34.176	10.149	0.346	0.004
33.878	10.981	0.365	0.004
33.313	11.463	0.381	0.005
32.796	12.016	0.396	0.005
33.008	12.493	0.411	0.005
34.110	12.342	0.425	0.005
35.396	11.366	0.436	0.005
36.181	10.081	0.445	0.005
36.380	9.216	0.452	0.005
36.486	8.982	0.459	0.005
36.619	8.889	0.467	0.005
36.581	8.420	0.474	0.005
36.137	7.663	0.480	0.005
35.329	7.249	0.486	0.004
34.220	7.245	0.493	0.004
32.961	7.410	0.500	0.004
31.708	7.739	0.509	0.004
30.603	8.620	0.519	0.004
29.784	10.236	0.528	0.005
29.337	11.992	0.537	0.005
29.144	12.859	0.545	0.005
28.957	12.938	0.552	0.005
28.957	13.236	0.559	0.005
29.347	14.648	0.565	0.006
30.100	17.100	0.569	0.006
30.527	19.819	0.571	0.006
30.043	22.290	0.571	0.007
29.109	24.866	0.569	0.007
28.795	28.301	0.567	0.007
29.496	33.013	0.564	0.008
30.497	38.926	0.558	0.009
30.750	45.865	0.551	0.009
30.106	53.811	0.542	0.010
29.396	62.621	0.532	0.011
29.126	71.699	0.521	0.011
29.287	79.783	0.509	0.012
29.692	85.171	0.497	0.013
29.927	86.322	0.485	0.013
30.238	82.638	0.472	0.013
30.517	74.876	0.460	0.013
30.449	64.871	0.449	0.013
29.914	54.567	0.437	0.013
29.273	45.286	0.426	0.012
29.231	37.623	0.415	0.011
30.456	31.609	0.405	0.011
32.799	26.941	0.394	0.010
35.647	23.064	0.382	0.009
38.269	19.378	0.368	0.008
40.333	15.636	0.352	0.008
42.094	12.121	0.336	0.007
44.227	9.436	0.320	0.006
47.074	7.944	0.304	0.006
50.489	7.369	0.288	0.005
53.867	7.064	0.271	0.005
56.592	6.618	0.253	0.004
59.857	6.092	0.233	0.004
62.164	5.738	0.212	0.004
62.157	5.552	0.191	0.004
60.870	5.258	0.170	0.004
60.822	4.889	0.150	0.004
61.964	4.917	0.134	0.004
60.235	5.635	0.120	0.004
55.376	6.539	0.110	0.004
49.966	6.704	0.104	0.004
46.285	5.705	0.101	0.004
44.593	4.097	0.101	0.003
42.988	2.838	0.105	0.003
39.374	2.381	0.109	0.003
34.982	2.491	0.115	0.003
31.746	2.745	0.122	0.003
30.147	3.120	0.129	0.003
29.359	3.968	0.136	0.003
28.631	5.487	0.144	0.003
28.622	7.626	0.153	0.003
30.509	10.010	0.162	0.004
33.879	11.895	0.172	0.004
37.676	12.664	0.182	0.005
41.043	12.501	0.192	0.005
44.114	12.676	0.203	0.005
47.094	14.705	0.213	0.006
49.708	18.447	0.224	0.006
51.363	21.765	0.235	0.006
51.541	21.967	0.246	0.006
50.740	18.784	0.258	0.006
49.416	14.674	0.270	0.006
47.489	12.402	0.284	0.006
44.515	12.539	0.300	0.006
40.342	12.915	0.317	0.006
35.567	11.367	0.335	0.006
31.315	8.214	0.353	0.005
28.213	5.559	0.371	0.005
26.112	4.743	0.389	0.005
24.384	5.164	0.406	0.004
22.701	5.436	0.423	0.004
21.125	5.172	0.437	0.004
19.768	5.203	0.450	0.004
18.582	6.226	0.461	0.004
17.670	7.894	0.471	0.004
17.345	9.417	0.478	0.004
17.718	10.482	0.484	0.004
18.589	11.460	0.488	0.005
19.644	12.875	0.490	0.005
20.778	15.074	0.489	0.005
22.365	18.419	0.487	0.006
24.647	23.345	0.483	0.007
27.176	29.576	0.477	0.007
29.086	36.036	0.468	0.008
30.012	41.650	0.458	0.008
30.532	46.357	0.448	0.009
31.602	50.929	0.438	0.010
33.331	55.903	0.427	0.010
35.070	60.856	0.417	0.011
36.237	65.106	0.406	0.011
36.783	68.641	0.395	0.012
37.292	71.432	0.384	0.012
38.205	72.855	0.374	0.012
39.814	71.575	0.365	0.013
41.920	66.705	0.356	0.013
44.356	58.910	0.347	0.012
46.687	50.038	0.339	0.012
49.299	41.945	0.331	0.011
52.254	35.307	0.321	0.011
55.566	29.474	0.311	0.010
59.472	23.419	0.300	0.009
64.037	16.911	0.289	0.008
69.083	10.703	0.278	0.007
73.584	5.836	0.266	0.006
76.614	2.815	0.255	0.005
78.339	1.449	0.244	0.004
80.067	1.375	0.233	0.003
82.679	2.596	0.221	0.003
86.868	5.379	0.210	0.003
91.487	9.575	0.198	0.003
94.168	14.324	0.186	0.004
91.384	18.695	0.176	0.004
84.053	22.054	0.168	0.005
76.440	23.851	0.162	0.006
71.083	23.155	0.159	0.006
67.272	19.565	0.157	0.006
62.492	13.963	0.158	0.006
55.806	8.636	0.160	0.006
48.869	5.687	0.164	0.005
43.887	5.282	0.170	0.005
41.193	6.051	0.177	0.005
39.677	6.660	0.185	0.004
37.750	6.820	0.193	0.004
35.587	7.138	0.202	0.004
34.426	8.106	0.211	0.004
35.146	9.529	0.219	0.004
36.878	10.862	0.228	0.005
38.489	11.847	0.236	0.005
39.516	12.586	0.245	0.005
40.165	13.166	0.254	0.005
40.813	13.428	0.262	0.005
41.646	13.136	0.270	0.005
42.431	12.255	0.278	0.005
42.774	10.979	0.288	0.005
42.394	9.553	0.297	0.005
41.446	7.991	0.307	0.005
40.211	6.176	0.317	0.005
38.839	4.403	0.328	0.004
37.583	3.312	0.338	0.004
36.554	3.182	0.349	0.004
35.739	3.607	0.360	0.003
34.986	4.173	0.370	0.003
34.171	4.982	0.379	0.003
33.411	6.439	0.385	0.003
32.843	8.795	0.389	0.004
32.405	11.775	0.390	0.004
32.240	14.719	0.389	0.005
32.411	17.143	0.388	0.005
33.034	19.148	0.385	0.006
34.131	21.408	0.382	0.006
35.831	24.696	0.377	0.007
37.636	29.325	0.372	0.007
39.140	35.123	0.366	0.008
40.257	41.723	0.361	0.009
40.963	48.946	0.355	0.009
41.035	56.949	0.349	0.010
40.155	66.013	0.343	0.011
38.799	76.188	0.337	0.012
37.833	86.970	0.331	0.013
37.972	97.423	0.325	0.013
38.824	105.309	0.319	0.014
39.489	107.977	0.313	0.015
39.243	103.684	0.308	0.015
38.115	94.777	0.304	0.015
36.712	86.444	0.299	0.015
35.789	80.944	0.295	0.015
35.812	74.480	0.290	0.014
36.853	62.194	0.287	0.013
38.738	44.585	0.284	0.012
41.158	28.278	0.281	0.011
43.781	18.953	0.277	0.010
46.419	15.990	0.274	0.009
49.298	14.278	0.269	0.008
52.436	10.501	0.265	0.007
55.072	6.053	0.261	0.006
56.689	4.042	0.257	0.005
57.668	4.943	0.253	0.005
58.833	6.304	0.248	0.004
61.130	6.176	0.243	0.004
64.165	5.319	0.237	0.004
67.119	5.620	0.231	0.004
68.919	7.391	0.224	0.004
69.193	9.088	0.217	0.004
68.957	9.396	0.211	0.004
69.327	8.630	0.205	0.004
71.442	7.930	0.200	0.004
74.632	7.791	0.196	0.004
75.928	7.701	0.193	0.004
72.572	7.065	0.192	0.004
66.972	5.958	0.193	0.004
62.417	4.771	0.197	0.004
60.480	3.679	0.203	0.004
59.871	2.623	0.211	0.003
58.133	1.688	0.220	0.003
54.696	1.155	0.232	0.003
51.004	1.107	0.245	0.002
48.113	1.294	0.259	0.002
45.702	1.458	0.274	0.002
42.777	1.587	0.289	0.002
39.276	1.888	0.304	0.002
36.263	2.513	0.320	0.002
34.676	3.489	0.335	0.002
34.375	4.738	0.351	0.003
34.897	6.404	0.365	0.003
36.063	8.883	0.379	0.004
37.940	12.413	0.392	0.004
40.377	16.550	0.406	0.005
42.163	20.556	0.421	0.006
43.350	24.222	0.435	0.006
44.262	27.924	0.449	0.007
45.002	31.590	0.463	0.007
44.913	33.825	0.474	0.008
43.669	33.161	0.485	0.008
41.422	29.562	0.496	0.008
38.852	24.660	0.508	0.008
36.980	20.126	0.521	0.008
35.357	16.298	0.535	0.007
32.990	12.509	0.549	0.007
29.757	8.648	0.562	0.006
26.697	5.776	0.572	0.006
24.722	5.153	0.581	0.005
23.648	6.528	0.588	0.005
22.635	8.345	0.594	0.005
21.098	9.243	0.598	0.004
19.378	9.202	0.600	0.004
18.498	9.278	0.601	0.005
18.975	10.253	0.600	0.005
20.615	11.968	0.597	0.005
22.604	13.785	0.594	0.005
23.923	15.473	0.589	0.006
24.456	17.479	0.584	0.006
25.113	20.103	0.577	0.006
26.700	23.039	0.568	0.007
29.131	25.932	0.557	0.007
31.714	29.194	0.543	0.008
33.827	34.039	0.527	0.008
35.319	41.384	0.509	0.009
36.497	50.449	0.491	0.010
37.500	59.432	0.472	0.010
38.080	66.777	0.453	0.011
37.554	71.933	0.434	0.012
36.218	75.013	0.416	0.012
34.714	76.123	0.398	0.013
33.775	75.174	0.382	0.013
33.175	72.608	0.366	0.013
32.562	69.600	0.350	0.013
31.775	67.420	0.334	0.013
30.947	66.221	0.317	0.013
30.590	64.614	0.301	0.013
31.436	60.876	0.285	0.012
34.112	54.731	0.268	0.012
38.402	47.533	0.249	0.012
43.272	41.368	0.229	0.011
47.583	36.754	0.207	0.011
50.983	32.029	0.185	0.010
54.284	25.326	0.163	0.009
57.399	16.820	0.141	0.008
60.128	8.989	0.121	0.007
62.486	4.476	0.102	0.006
64.895	3.612	0.087	0.005
67.593	4.512	0.078	0.005
70.347	5.203	0.075	0.004
72.787	5.372	0.078	0.004
74.896	5.972	0.086	0.003
76.790	7.624	0.097	0.004
78.993	9.851	0.109	0.004
81.706	11.837	0.121	0.004
84.436	13.356	0.133	0.005
84.836	14.684	0.145	0.005
81.198	15.851	0.158	0.005
75.262	16.329	0.171	0.006
69.929	15.791	0.185	0.006
67.220	14.559	0.199	0.006
65.800	13.380	0.213	0.006
63.595	12.680	0.228	0.006
59.681	12.333	0.242	0.006
56.063	11.885	0.255	0.006
54.222	11.083	0.268	0.005
53.947	10.075	0.281	0.005
53.431	9.206	0.294	0.005
51.436	8.720	0.307	0.005
48.552	8.748	0.319	0.005
46.203	9.454	0.331	0.005
45.062	10.950	0.342	0.005
44.284	12.908	0.354	0.005
42.894	14.492	0.368	0.005
40.943	14.899	0.382	0.005
39.265	14.008	0.396	0.005
38.627	12.488	0.410	0.005
38.752	11.221	0.424	0.005
38.892	10.561	0.439	0.005
38.781	10.206	0.453	0.005
38.334	9.710	0.468	0.005
37.929	8.971	0.484	0.005
37.553	8.220	0.500	0.005
36.648	7.659	0.519	0.005
34.933	7.232	0.538	0.004
32.787	6.763	0.557	0.004
30.756	6.197	0.576	0.004
28.975	5.647	0.594	0.004
27.300	5.227	0.612	0.004
25.495	4.922	0.629	0.004
23.543	4.616	0.645	0.004
21.836	4.237	0.661	0.003
20.650	3.818	0.677	0.003
19.913	3.443	0.694	0.003
19.308	3.230	0.711	0.003
18.628	3.258	0.727	0.003
17.946	3.473	0.742	0.003
17.447	3.705	0.757	0.003
17.133	3.722	0.770	0.003
16.886	3.515	0.781	0.003
16.600	3.401	0.787	0.003
16.234	3.740	0.791	0.003
15.929	4.584	0.792	0.003
15.820	5.650	0.793	0.003
16.039	6.641	0.792	0.004
16.585	7.616	0.789	0.004
17.401	8.889	0.780	0.004
18.393	10.649	0.768	0.004
19.286	12.840	0.753	0.005
20.139	15.407	0.735	0.005
21.362	18.503	0.716	0.006
23.217	22.272	0.695	0.006
25.372	26.576	0.672	0.007
27.317	31.038	0.646	0.007
29.045	35.530	0.618	0.008
30.667	40.336	0.589	0.009
32.397	45.576	0.559	0.009
34.399	50.616	0.527	0.010
36.510	55.153	0.493	0.010
38.134	59.290	0.459	0.011
38.672	62.827	0.425	0.011
38.305	64.724	0.391	0.012
37.699	63.790	0.358	0.012
37.555	60.317	0.324	0.012
37.143	56.365	0.290	0.012
36.064	53.581	0.257	0.012
34.897	51.673	0.224	0.012
34.369	48.772	0.192	0.011
34.197	43.939	0.161	0.011
33.708	38.662	0.132	0.011
32.776	35.479	0.109	0.010
32.230	34.985	0.091	0.010
32.587	35.020	0.081	0.010
33.313	32.713	0.078	0.009
33.369	27.523	0.083	0.009
32.558	21.475	0.094	0.008
31.887	16.924	0.109	0.008
33.034	14.402	0.124	0.007
36.330	12.699	0.138	0.007
40.199	10.591	0.152	0.006
42.671	8.061	0.166	0.006
43.072	5.893	0.180	0.005
42.840	4.554	0.193	0.004
43.920	3.836	0.203	0.004
47.159	3.472	0.212	0.004
52.496	3.585	0.219	0.003
56.986	4.335	0.227	0.003
58.381	5.438	0.234	0.003
58.412	6.418	0.240	0.003
60.080	7.180	0.246	0.003
62.114	8.003	0.252	0.004
60.506	8.972	0.257	0.004
54.770	9.794	0.262	0.004
47.913	10.189	0.268	0.004
43.305	10.288	0.274	0.005
41.248	10.397	0.281	0.005
39.110	10.495	0.289	0.005
34.498	10.203	0.297	0.005
28.318	9.294	0.306	0.005
23.095	8.104	0.316	0.005
19.993	7.321	0.326	0.005
18.209	7.365	0.338	0.005
16.436	8.032	0.351	0.005
14.469	8.721	0.367	0.004
13.228	8.968	0.383	0.004
13.655	8.727	0.401	0.004
15.652	8.234	0.419	0.004
18.277	7.662	0.436	0.004
20.918	7.020	0.454	0.004
23.521	6.288	0.471	0.004
25.899	5.691	0.487	0.004
28.404	5.484	0.502	0.004
30.984	5.612	0.517	0.004
33.325	5.717	0.531	0.004
34.992	5.498	0.544	0.004
35.770	5.016	0.557	0.004
35.959	4.660	0.570	0.004
35.799	4.509	0.582	0.003
35.568	4.373	0.594	0.003
35.070	3.890	0.605	0.003
34.033	3.133	0.614	0.003
32.564	2.637	0.622	0.003
31.069	2.932	0.630	0.003
29.785	4.070	0.638	0.003
28.850	5.592	0.645	0.003
27.856	6.924	0.650	0.003
26.787	8.056	0.652	0.004
26.170	9.349	0.652	0.004
25.934	11.046	0.650	0.004
25.547	13.048	0.644	0.005
24.834	15.183	0.636	0.005
24.457	17.887	0.625	0.006
25.149	22.254	0.611	0.006
27.171	29.085	0.595	0.007
29.949	37.629	0.576	0.008
32.500	45.552	0.554	0.009
34.161	50.859	0.529	0.009
35.119	53.582	0.503	0.010
36.080	55.729	0.476	0.011
37.331	59.444	0.448	0.011
38.332	64.164	0.420	0.012
38.704	67.246	0.393	0.012
38.452	67.176	0.366	0.012
37.638	65.607	0.339	0.012
36.391	65.943	0.314	0.013
34.895	69.684	0.289	0.013
33.741	74.053	0.265	0.013
33.710	75.221	0.240	0.013
34.852	71.674	0.215	0.013
36.050	64.902	0.189	0.013
36.176	57.205	0.164	0.012
35.163	49.787	0.138	0.012
34.324	42.905	0.114	0.012
34.976	37.029	0.091	0.011
37.356	32.867	0.068	0.010
40.644	30.240	0.047	0.010
44.098	27.708	0.029	0.009
47.720	23.894	0.024	0.008
51.781	18.935	0.034	0.008
55.853	14.339	0.057	0.007
58.973	11.414	0.084	0.007
60.121	10.102	0.107	0.006
60.347	9.396	0.127	0.006
61.307	8.594	0.145	0.005
63.474	7.875	0.164	0.005
65.809	7.628	0.183	0.005
67.789	7.787	0.200	0.004
69.360	7.955	0.215	0.004
68.749	7.953	0.230	0.004
64.723	7.989	0.244	0.004
59.433	8.254	0.257	0.004
54.950	8.604	0.269	0.004
52.938	8.677	0.280	0.004
52.572	8.379	0.291	0.004
52.214	7.964	0.300	0.004
49.957	7.689	0.308	0.004
46.011	7.574	0.313	0.004
42.044	7.576	0.318	0.004
39.129	7.869	0.321	0.004
37.072	8.657	0.324	0.004
35.079	9.649	0.326	0.004
32.745	10.174	0.326	0.005
30.307	9.636	0.325	0.005
28.369	8.163	0.324	0.004
27.299	6.429	0.324	0.004
26.574	5.009	0.325	0.004
25.673	3.983	0.326	0.004
24.828	3.145	0.328	0.004
24.842	2.403	0.331	0.003
26.058	2.010	0.335	0.003
28.028	2.203	0.340	0.003
29.662	2.758	0.346	0.003
30.556	3.125	0.352	0.003
31.210	2.977	0.359	0.003
32.365	2.567	0.366	0.003
33.899	2.439	0.373	0.003
35.008	2.838	0.381	0.003
35.359	3.452	0.389	0.003
35.328	3.873	0.397	0.003
35.651	4.073	0.404	0.003
36.422	4.326	0.410	0.003
37.127	5.125	0.415	0.003
37.269	6.366	0.422	0.003
36.968	7.335	0.429	0.004
36.661	7.461	0.436	0.004
36.553	7.013	0.443	0.004
36.398	6.983	0.449	0.004
35.892	8.183	0.454	0.004
34.950	10.245	0.460	0.005
33.908	12.264	0.465	0.005
33.201	13.905	0.469	0.005
33.104	15.783	0.471	0.006
33.415	18.768	0.471	0.006
33.914	23.160	0.468	0.007
34.771	28.773	0.463	0.007
36.320	35.545	0.454	0.008
38.563	43.660	0.443	0.009
40.679	52.976	0.431	0.010
41.926	62.701	0.417	0.010
42.572	71.974	0.402	0.011
43.262	80.896	0.387	0.012
44.457	90.352	0.372	0.013
45.627	100.610	0.358	0.014
45.929	110.022	0.344	0.015
44.756	115.617	0.332	0.015
42.385	115.190	0.320	0.016
39.523	109.160	0.310	0.016
36.678	100.357	0.300	0.016
34.604	91.818	0.291	0.016
33.738	84.613	0.282	0.015
34.214	77.633	0.273	0.015
35.633	69.222	0.263	0.014
37.331	59.090	0.252	0.013
38.914	48.530	0.242	0.013
40.274	38.954	0.232	0.012
41.750	30.691	0.222	0.011
43.235	23.362	0.213	0.010
44.906	16.807	0.206	0.009
46.624	11.505	0.200	0.008
48.926	7.948	0.196	0.007
51.386	5.944	0.193	0.006
53.991	4.780	0.191	0.005
56.085	3.926	0.191	0.004
57.833	3.394	0.192	0.004
59.689	3.427	0.195	0.003
61.049	4.020	0.201	0.003
60.949	4.836	0.208	0.003
59.393	5.496	0.219	0.003
58.086	5.903	0.232	0.003
58.262	6.216	0.248	0.003
57.419	6.502	0.266	0.004
52.657	6.483	0.286	0.004
45.378	5.767	0.307	0.004
39.439	4.353	0.327	0.003
37.416	2.745	0.348	0.003
38.512	1.573	0.369	0.003
39.687	1.186	0.390	0.003
39.058	1.543	0.409	0.002
37.777	2.365	0.427	0.002
38.038	3.366	0.443	0.002
40.000	4.400	0.458	0.002
41.797	5.515	0.471	0.003
42.100	6.842	0.482	0.003
41.221	8.431	0.491	0.004
40.555	10.196	0.498	0.004
40.727	11.979	0.503	0.005
41.050	13.655	0.508	0.005
40.732	15.293	0.512	0.005
39.880	17.015	0.514	0.006
38.748	18.454	0.515	0.006
38.081	18.969	0.517	0.006
38.032	18.415	0.519	0.006
37.819	17.402	0.522	0.006
37.018	16.978	0.526	0.007
35.696	17.221	0.531	0.007
34.165	17.491	0.538	0.006
32.749	16.942	0.547	0.006
31.587	15.306	0.557	0.006
30.498	12.902	0.567	0.006
29.218	10.310	0.578	0.006
27.780	8.013	0.590	0.005
26.242	6.273	0.605	0.005
24.621	5.143	0.621	0.005
22.967	4.546	0.638	0.004
21.405	4.300	0.655	0.004
20.043	4.212	0.671	0.004
18.900	4.227	0.686	0.003
17.971	4.425	0.698	0.003
17.346	4.909	0.710	0.003
17.161	5.707	0.722	0.004
17.605	6.779	0.731	0.004
18.757	8.105	0.738	0.004
20.299	9.762	0.740	0.004
21.412	11.925	0.738	0.005
21.692	14.743	0.732	0.005
21.738	18.240	0.724	0.006
22.796	22.342	0.714	0.006
25.215	27.001	0.702	0.007
28.205	32.258	0.687	0.008
30.766	38.173	0.670	0.008
32.576	44.680	0.651	0.009
34.092	51.575	0.630	0.010
35.490	58.588	0.609	0.010
36.562	65.352	0.587	0.011
37.248	71.552	0.565	0.012
37.801	76.957	0.544	0.012
38.632	81.280	0.523	0.013
39.207	83.338	0.503	0.013
38.911	84.322	0.484	0.014
37.749	87.387	0.466	0.014
36.675	92.592	0.448	0.014
36.854	94.073	0.429	0.014
38.715	85.307	0.408	0.014
41.430	66.965	0.386	0.014
43.728	48.744	0.364	0.013
45.013	39.233	0.343	0.012
45.317	37.566	0.322	0.012
45.566	35.929	0.302	0.011
46.293	28.983	0.282	0.010
47.289	19.070	0.264	0.009
47.618	12.190	0.248	0.008
47.298	10.589	0.232	0.007
47.682	10.985	0.218	0.006
49.487	9.480	0.205	0.006
52.159	6.062	0.193	0.005
55.071	3.529	0.182	0.005
57.497	3.344	0.171	0.004
59.108	4.060	0.161	0.004
60.305	3.677	0.151	0.003
61.152	2.282	0.142	0.003
62.034	1.664	0.133	0.003
63.205	2.885	0.125	0.003
65.229	4.975	0.119	0.003
67.109	6.191	0.113	0.003
66.421	5.939	0.108	0.003
63.217	5.311	0.103	0.003
59.482	5.617	0.099	0.004
57.009	6.967	0.098	0.004
56.143	8.358	0.099	0.004
55.283	8.982	0.104	0.004
53.300	8.977	0.111	0.004
50.661	9.193	0.120	0.004
48.467	10.197	0.130	0.005
47.160	11.848	0.140	0.005
46.232	13.771	0.152	0.005
44.698	15.875	0.165	0.006
42.806	18.392	0.179	0.006
41.218	21.458	0.194	0.006
40.116	24.474	0.209	0.007
39.089	25.860	0.224	0.007
38.077	24.945	0.240	0.007
37.371	22.840	0.256	0.007
37.408	21.673	0.272	0.007
38.116	22.449	0.287	0.007
38.953	23.700	0.303	0.007
39.459	23.069	0.319	0.007
39.515	20.235	0.336	0.007
39.123	17.084	0.352	0.007
38.191	15.351	0.369	0.007
36.747	14.728	0.386	0.006
35.281	13.399	0.402	0.006
34.158	10.543	0.419	0.006
33.315	7.498	0.437	0.005
32.583	6.141	0.454	0.005
31.556	6.684	0.472	0.005
30.403	7.824	0.489	0.005
29.439	8.330	0.506	0.005
28.877	8.458	0.522	0.004
28.557	9.153	0.537	0.005
28.217	10.631	0.553	0.005
27.952	12.282	0.567	0.005
27.991	13.682	0.580	0.005
28.492	15.152	0.590	0.005
29.504	17.314	0.596	0.006
30.946	20.250	0.599	0.006
32.686	23.511	0.599	0.007
34.618	26.924	0.595	0.007
36.152	31.083	0.587	0.008
36.441	36.904	0.577	0.008
35.732	44.755	0.564	0.009
35.057	54.080	0.550	0.010
35.317	63.839	0.535	0.011
36.459	73.050	0.518	0.011
37.427	81.130	0.499	0.012
37.457	87.552	0.480	0.013
36.501	91.604	0.461	0.013
34.878	91.925	0.443	0.014
32.841	88.121	0.425	0.014
30.603	80.983	0.409	0.014
28.659	72.638	0.394	0.014
26.590	64.276	0.380	0.014
24.540	57.128	0.366	0.013
22.928	51.628	0.352	0.013
21.945	47.331	0.337	0.012
21.699	42.750	0.323	0.011
21.533	36.910	0.309	0.011
21.070	30.224	0.295	0.010
20.537	24.639	0.281	0.009
20.582	21.241	0.266	0.009
21.516	19.432	0.251	0.008
23.100	17.639	0.236	0.008
24.782	14.944	0.221	0.007
25.697	11.708	0.205	0.006
25.406	8.886	0.191	0.006
24.425	6.895	0.178	0.005
23.345	5.443	0.167	0.005
22.458	4.197	0.159	0.004
21.600	3.276	0.153	0.004
20.449	2.918	0.151	0.004
18.912	2.948	0.152	0.003
17.288	2.840	0.155	0.003
15.945	2.261	0.161	0.003
15.136	1.412	0.168	0.002
14.736	0.778	0.178	0.002
14.761	0.591	0.191	0.002
15.202	0.691	0.205	0.002
16.162	0.793	0.221	0.002
17.319	0.776	0.236	0.001
18.313	0.723	0.252	0.001
18.847	0.763	0.268	0.001
19.126	0.938	0.283	0.001
19.673	1.291	0.296	0.002
20.679	1.878	0.308	0.002
21.848	2.709	0.318	0.002
22.597	3.684	0.327	0.002
23.120	4.646	0.334	0.003
23.674	5.467	0.340	0.003
24.004	6.090	0.346	0.003
23.443	6.433	0.349	0.003
22.305	6.394	0.352	0.004
21.787	5.991	0.354	0.004
22.361	5.498	0.356	0.004
23.526	5.373	0.358	0.004
24.213	5.821	0.359	0.004
23.778	6.558	0.360	0.004
23.105	6.975	0.361	0.004
22.927	6.660	0.361	0.004
23.161	5.757	0.363	0.004
23.119	4.871	0.365	0.004
22.542	4.626	0.368	0.004
21.908	5.197	0.373	0.004
21.900	6.302	0.378	0.004
22.419	7.563	0.384	0.004
23.181	8.798	0.391	0.004
23.947	10.060	0.398	0.004
24.917	11.432	0.407	0.005
27.103	12.898	0.417	0.005
30.083	14.356	0.429	0.005
32.916	15.516	0.443	0.005
34.620	15.874	0.459	0.006
35.192	15.906	0.474	0.006
35.222	16.394	0.490	0.006
35.773	16.955	0.506	0.006
37.054	16.757	0.523	0.006
38.371	16.103	0.540	0.006
38.947	14.834	0.557	0.006
38.625	13.749	0.573	0.006
37.907	13.646	0.588	0.006
37.123	13.384	0.601	0.005
36.280	11.351	0.613	0.005
35.117	7.946	0.624	0.005
33.491	5.198	0.632	0.005
31.604	4.705	0.638	0.004
29.839	6.015	0.641	0.004
28.388	7.247	0.642	0.004
27.409	7.348	0.640	0.004
27.033	7.007	0.634	0.004
27.286	7.474	0.626	0.004
27.710	9.031	0.616	0.004
27.444	11.078	0.604	0.005
26.538	13.403	0.591	0.005
26.008	16.639	0.576	0.006
26.752	21.312	0.559	0.006
28.685	26.827	0.540	0.007
30.827	31.980	0.519	0.007
32.706	36.588	0.496	0.008
34.578	42.011	0.471	0.009
36.692	49.926	0.445	0.010
38.613	59.346	0.416	0.010
39.615	68.428	0.387	0.011
39.811	77.093	0.357	0.012
39.723	85.926	0.327	0.013
39.521	93.107	0.297	0.013
39.006	94.389	0.269	0.014
37.633	87.050	0.242	0.014
35.573	75.192	0.217	0.014
33.968	65.842	0.193	0.014
33.459	62.662	0.171	0.013
33.884	63.003	0.151	0.013
34.702	61.540	0.133	0.013
35.813	55.816	0.118	0.012
37.684	47.935	0.106	0.012
40.538	41.241	0.097	0.011
43.631	36.583	0.093	0.011
46.046	32.205	0.093	0.010
47.318	26.452	0.097	0.009
48.066	19.593	0.103	0.009
48.950	13.212	0.111	0.008
50.262	8.446	0.118	0.007
51.633	5.260	0.126	0.006
52.716	3.084	0.134	0.005
53.694	1.576	0.144	0.004
55.251	0.717	0.154	0.003
57.001	0.420	0.164	0.003
58.535	0.415	0.173	0.002
59.544	0.494	0.183	0.002
60.432	0.708	0.194	0.001
62.494	1.233	0.206	0.001
64.918	2.140	0.219	0.002
64.601	3.359	0.233	0.002
61.044	4.787	0.248	0.002
56.428	6.345	0.262	0.003
53.150	7.946	0.276	0.003
51.414	9.374	0.290	0.004
49.546	10.507	0.302	0.004
45.883	11.397	0.315	0.004
40.989	11.843	0.327	0.005
37.305	11.939	0.341	0.005
35.665	11.765	0.354	0.005
34.787	11.551	0.366	0.005
33.067	11.331	0.378	0.005
30.477	11.300	0.390	0.005
28.311	11.507	0.402	0.005
27.396	11.754	0.413	0.005
27.382	12.000	0.425	0.005
27.390	12.079	0.437	0.005
27.214	11.818	0.448	0.005
27.119	11.178	0.460	0.005
27.323	10.298	0.472	0.005
27.671	9.378	0.484	0.005
27.777	8.711	0.495	0.005
27.719	8.590	0.506	0.005
27.954	9.154	0.517	0.005
28.419	10.072	0.527	0.005
28.432	10.477	0.537	0.005
27.583	9.664	0.545	0.005
26.215	7.797	0.554	0.005
24.934	5.774	0.563	0.004
24.059	4.449	0.571	0.004
23.422	3.904	0.581	0.004
22.772	3.554	0.590	0.004
21.987	2.838	0.600	0.003
21.191	1.759	0.609	0.003
20.570	0.753	0.618	0.002
19.975	0.208	0.627	0.002
19.357	0.158	0.637	0.002
18.811	0.454	0.648	0.002
18.429	1.175	0.659	0.002
18.243	2.601	0.671	0.002
18.143	4.662	0.682	0.002
17.970	6.657	0.693	0.003
17.691	7.633	0.704	0.003
17.334	7.168	0.713	0.003
16.963	6.015	0.720	0.004
16.701	5.693	0.725	0.004
16.593	7.121	0.729	0.004
16.594	9.670	0.731	0.004
16.802	11.770	0.732	0.004
17.398	12.606	0.730	0.005
18.715	12.990	0.725	0.005
20.631	14.539	0.716	0.005
22.525	18.129	0.705	0.006
23.919	23.201	0.690	0.006
25.227	28.546	0.673	0.007
27.183	33.360	0.652	0.008
29.962	38.091	0.630	0.008
33.040	43.957	0.605	0.009
35.602	51.767	0.579	0.010
37.187	61.063	0.553	0.011
37.938	70.222	0.526	0.011
38.268	77.718	0.500	0.012
38.302	83.383	0.474	0.013
37.843	87.870	0.448	0.013
36.998	91.337	0.423	0.014
36.225	92.871	0.398	0.014
35.831	91.459	0.374	0.014
35.533	87.071	0.350	0.014
34.873	80.531	0.326	0.014
33.892	72.667	0.303	0.014
33.139	63.936	0.280	0.013
33.270	54.883	0.259	0.013
34.401	46.509	0.237	0.012
35.967	39.795	0.216	0.012
37.534	34.742	0.197	0.011
38.945	30.206	0.180	0.010
40.042	24.975	0.165	0.009
40.668	18.992	0.152	0.008
40.816	13.382	0.140	0.008
40.883	9.428	0.129	0.007
41.513	7.481	0.120	0.006
43.200	6.851	0.113	0.006
45.720	6.602	0.108	0.005
48.197	6.189	0.105	0.004
49.604	5.521	0.105	0.004
49.847	4.609	0.106	0.004
50.118	3.491	0.110	0.003
52.840	2.313	0.115	0.003
57.017	1.319	0.121	0.003
56.633	0.696	0.127	0.002
50.088	0.426	0.134	0.002
41.456	0.310	0.141	0.002
36.106	0.235	0.149	0.001
35.675	0.327	0.159	0.001
37.007	0.818	0.170	0.001
36.055	1.776	0.181	0.001
32.849	3.036	0.193	0.002
30.447	4.424	0.207	0.002
30.610	5.920	0.222	0.003
31.929	7.710	0.238	0.003
32.107	9.954	0.256	0.004
30.960	12.558	0.274	0.004
29.989	15.386	0.294	0.005
30.250	18.548	0.314	0.006
31.250	22.119	0.333	0.006
31.548	25.608	0.353	0.007
30.915	27.953	0.372	0.007
30.344	28.272	0.391	0.007
30.655	26.617	0.410	0.008
31.278	23.882	0.427	0.008
31.357	20.901	0.445	0.007
30.398	17.812	0.463	0.007
29.416	14.430	0.481	0.007
29.014	10.926	0.499	0.006
29.007	7.911	0.516	0.006
28.384	5.882	0.533	0.005
26.842	4.749	0.551	0.005
25.045	3.974	0.571	0.004
23.743	3.137	0.591	0.004
23.015	2.276	0.611	0.003
22.214	1.697	0.629	0.003
20.857	1.596	0.647	0.003
19.320	1.868	0.665	0.002
18.250	2.238	0.682	0.002
17.730	2.544	0.698	0.002
17.297	2.846	0.712	0.002
16.434	3.275	0.725	0.003
15.153	3.903	0.737	0.003
14.039	4.676	0.748	0.003
13.589	5.556	0.757	0.003
13.839	6.644	0.764	0.003
14.349	8.084	0.768	0.004
14.747	9.810	0.769	0.004
15.143	11.580	0.768	0.005
15.921	13.278	0.765	0.005
17.157	15.153	0.761	0.005
18.563	17.645	0.754	0.006
19.576	21.008	0.745	0.006
20.550	25.205	0.734	0.007
21.912	30.056	0.722	0.007
23.565	35.409	0.709	0.008
25.213	41.173	0.694	0.009
26.637	47.261	0.679	0.009
27.878	53.630	0.663	0.010
28.993	60.332	0.647	0.011
30.327	67.302	0.630	0.011
31.701	74.298	0.611	0.012
32.901	80.835	0.592	0.013
33.602	86.175	0.572	0.013
33.941	89.521	0.552	0.014
34.497	90.420	0.533	0.014
35.273	89.077	0.513	0.014
36.040	86.314	0.494	0.014
36.378	82.907	0.473	0.014
36.533	78.845	0.453	0.014
37.370	73.232	0.433	0.014
39.446	65.086	0.412	0.013
42.147	54.448	0.392	0.013
44.511	42.781	0.371	0.012
46.047	32.135	0.352	0.011
46.762	23.880	0.333	0.010
47.265	18.089	0.314	0.009
47.595	14.007	0.295	0.008
47.517	10.913	0.276	0.007
46.926	8.540	0.257	0.006
46.304	6.866	0.239	0.006
45.743	5.791	0.220	0.005
45.340	5.062	0.201	0.004
45.648	4.506	0.183	0.004
46.390	4.093	0.166	0.004
47.336	3.895	0.150	0.003
47.632	4.117	0.132	0.003
46.934	5.083	0.113	0.003
47.262	6.953	0.094	0.003
49.042	9.557	0.079	0.004
50.853	12.121	0.069	0.004
51.586	13.748	0.068	0.005
50.827	14.205	0.074	0.005
49.495	14.215	0.087	0.005
48.803	14.849	0.105	0.006
48.771	16.841	0.125	0.006
48.230	20.210	0.145	0.006
46.651	24.628	0.165	0.007
44.763	28.961	0.184	0.007
43.693	31.477	0.202	0.007
43.439	30.930	0.220	0.008
43.043	27.671	0.238	0.008
41.834	23.453	0.256	0.008
40.102	19.973	0.273	0.008
38.314	17.587	0.289	0.007
36.835	15.527	0.304	0.007
35.475	13.247	0.319	0.007
33.993	11.145	0.333	0.006
32.418	9.910	0.347	0.006
30.950	9.524	0.361	0.005
29.833	9.117	0.375	0.005
28.979	7.947	0.389	0.005
28.320	6.132	0.404	0.004
27.722	4.397	0.418	0.004
27.060	3.304	0.434	0.004
26.311	2.913	0.450	0.004
25.620	3.050	0.467	0.003
25.213	3.625	0.485	0.003
25.185	4.329	0.502	0.003
25.399	4.713	0.520	0.003
25.582	4.638	0.537	0.003
25.540	4.196	0.553	0.003
25.247	3.912	0.569	0.003
24.826	4.324	0.584	0.003
24.424	5.477	0.598	0.003
24.138	6.912	0.611	0.004
23.890	8.031	0.623	0.004
23.532	8.444	0.634	0.004
23.011	8.581	0.643	0.004
22.514	9.115	0.649	0.004
22.244	10.387	0.653	0.005
22.318	12.228	0.655	0.005
22.627	14.248	0.656	0.005
23.017	16.209	0.653	0.006
23.439	18.207	0.648	0.006
24.113	20.553	0.641	0.006
25.120	23.511	0.632	0.007
26.324	27.137	0.620	0.007
27.504	31.381	0.605	0.008
28.733	36.092	0.588	0.008
30.647	41.038	0.569	0.009
33.428	46.067	0.550	0.009
36.527	51.277	0.530	0.010
39.162	56.945	0.510	0.011
41.074	63.196	0.490	0.011
42.457	69.740	0.470	0.012
43.402	76.153	0.450	0.012
43.845	82.126	0.430	0.013
43.846	87.202	0.411	0.013
43.374	90.295	0.392	0.014
42.763	90.088	0.374	0.014
42.387	86.222	0.357	0.014
42.515	79.846	0.341	0.014
43.374	72.404	0.324	0.014
44.739	63.877	0.307	0.013
46.719	53.003	0.290	0.013
49.689	39.516	0.274	0.012
53.686	25.759	0.258	0.011
57.669	15.332	0.243	0.010
60.398	9.993	0.228	0.008
61.746	8.277	0.213	0.007
62.597	7.304	0.198	0.006
63.595	5.589	0.181	0.005
64.850	3.852	0.163	0.005
66.070	3.357	0.146	0.004
66.970	4.066	0.129	0.004
67.753	4.764	0.113	0.003
69.101	4.555	0.096	0.003
71.544	3.771	0.079	0.003
72.491	3.261	0.062	0.003
68.059	3.278	0.046	0.003
59.477	3.283	0.034	0.003
51.467	2.766	0.030	0.003
47.382	1.877	0.035	0.003
46.386	1.244	0.050	0.002
44.851	1.311	0.069	0.002
40.801	2.066	0.089	0.002
35.704	3.334	0.107	0.002
32.273	5.092	0.125	0.003
31.245	7.443	0.143	0.003
30.748	10.371	0.161	0.004
29.575	13.648	0.179	0.004
28.552	16.974	0.194	0.005
29.082	20.104	0.209	0.006
31.482	22.770	0.222	0.006
34.243	24.696	0.236	0.007
35.964	25.649	0.249	0.007
36.652	25.446	0.263	0.007
37.185	23.921	0.278	0.007
38.030	21.022	0.295	0.007
39.605	17.035	0.312	0.007
41.079	12.711	0.328	0.007
41.543	8.882	0.345	0.006
40.831	6.026	0.363	0.006
39.170	4.125	0.382	0.005
37.079	2.934	0.402	0.004
34.836	2.283	0.423	0.004
32.566	2.110	0.442	0.003
30.283	2.290	0.460	0.003
27.967	2.636	0.478	0.003
25.791	3.057	0.495	0.003
24.207	3.628	0.513	0.003
23.429	4.444	0.529	0.003
22.968	5.413	0.545	0.003
22.211	6.797	0.558	0.004
21.149	9.427	0.569	0.004
20.368	13.644	0.577	0.005
20.460	18.146	0.581	0.005
21.271	20.731	0.583	0.006
22.214	20.670	0.583	0.006
22.935	20.465	0.581	0.007
23.756	23.458	0.578	0.007
24.938	30.344	0.572	0.008
26.407	38.594	0.563	0.008
27.585	45.203	0.553	0.009
28.130	49.722	0.543	0.010
28.182	54.206	0.531	0.010
28.246	60.457	0.519	0.011
28.596	67.820	0.507	0.011
29.005	73.898	0.493	0.012
29.132	77.142	0.480	0.013
28.917	78.480	0.467	0.013
28.593	80.313	0.454	0.013
28.490	83.939	0.441	0.014
28.730	87.977	0.427	0.014
28.989	89.363	0.414	0.014
29.150	85.864	0.401	0.014
29.490	77.943	0.388	0.014
30.616	68.133	0.377	0.014
33.009	58.911	0.366	0.013
36.560	51.009	0.355	0.013
40.586	43.583	0.344	0.012
44.458	35.610	0.333	0.011
48.117	27.116	0.322	0.010
52.056	19.143	0.312	0.009
56.310	12.652	0.301	0.008
59.519	7.874	0.289	0.007
60.664	4.630	0.276	0.006
60.157	2.835	0.262	0.005
59.348	2.471	0.246	0.004
59.619	3.198	0.229	0.004
60.827	4.408	0.212	0.003
62.191	5.563	0.193	0.003
63.610	6.443	0.175	0.003
64.140	7.052	0.155	0.003
64.228	7.451	0.136	0.004
63.271	7.717	0.116	0.004
61.636	7.959	0.097	0.004
59.909	8.285	0.080	0.004
58.299	8.683	0.069	0.004
56.531	9.036	0.067	0.004
53.959	9.283	0.075	0.004
50.503	9.346	0.090	0.004
46.893	9.128	0.109	0.005
44.005	8.714	0.128	0.005
41.983	8.396	0.146	0.005
40.249	8.573	0.164	0.005
38.477	9.349	0.182	0.005
36.938	10.367	0.199	0.005
35.718	11.157	0.214	0.005
35.050	11.492	0.227	0.005
34.789	11.368	0.242	0.005
34.842	11.001	0.257	0.005
35.376	10.609	0.272	0.005
36.544	10.315	0.288	0.005
37.933	10.093	0.303	0.005
38.735	9.761	0.318	0.005
38.767	9.018	0.333	0.005
38.356	7.849	0.347	0.005
37.661	6.576	0.362	0.004
36.613	5.585	0.377	0.004
35.165	4.995	0.392	0.004
33.450	4.542	0.407	0.004
31.728	3.915	0.422	0.004
30.205	3.133	0.438	0.003
28.772	2.507	0.453	0.003
27.261	2.243	0.468	0.003
25.803	2.201	0.484	0.003
24.712	2.074	0.500	0.002
23.973	1.728	0.516	0.002
23.317	1.321	0.532	0.002
22.579	1.119	0.548	0.002
21.848	1.272	0.565	0.002
21.265	1.751	0.582	0.002
20.829	2.441	0.599	0.002
20.366	3.164	0.615	0.002
19.672	3.751	0.631	0.002
18.712	4.184	0.646	0.003
17.734	4.698	0.661	0.003
16.976	5.636	0.673	0.003
16.517	7.087	0.685	0.004
16.248	8.716	0.694	0.004
16.188	10.070	0.703	0.004
16.383	11.059	0.708	0.005
16.906	12.060	0.711	0.005
17.695	13.523	0.710	0.005
18.489	15.579	0.705	0.006
19.180	18.049	0.696	0.006
19.741	20.748	0.685	0.006
20.282	23.641	0.670	0.007
21.109	26.797	0.653	0.007
22.438	30.358	0.635	0.008
24.182	34.589	0.616	0.008
26.024	39.796	0.595	0.009
27.608	45.916	0.574	0.009
28.712	52.213	0.552	0.010
29.102	57.480	0.531	0.010
29.154	61.006	0.509	0.011
29.049	62.957	0.489	0.011
28.980	64.768	0.469	0.012
28.845	67.305	0.450	0.012
28.755	69.723	0.431	0.012
29.335	69.756	0.411	0.012
30.872	65.641	0.390	0.012
32.943	57.635	0.368	0.012
35.207	48.197	0.345	0.012
37.909	39.653	0.321	0.011
41.129	32.849	0.297	0.011
44.609	27.150	0.273	0.010
47.852	21.846	0.250	0.009
50.759	16.983	0.228	0.008
54.073	13.029	0.208	0.007
58.612	10.166	0.189	0.007
64.666	8.047	0.171	0.006
72.690	6.181	0.153	0.005
79.768	4.452	0.137	0.005
83.320	3.162	0.123	0.004
84.260	2.570	0.113	0.004
84.957	2.621	0.107	0.003
88.099	2.976	0.105	0.003
92.166	3.193	0.106	0.003
90.623	2.918	0.110	0.002
81.757	2.085	0.117	0.002
70.496	1.021	0.124	0.002
63.293	0.210	0.131	0.002
61.582	-0.074	0.138	0.002
61.294	0.078	0.144	0.001
58.271	0.458	0.150	0.001
52.495	1.158	0.158	0.001
47.290	2.654	0.167	0.002
44.469	5.210	0.176	0.002
42.658	8.586	0.186	0.003
39.828	12.086	0.197	0.004
35.998	15.269	0.207	0.004
33.046	18.288	0.217	0.005
32.378	21.509	0.228	0.006
33.437	24.904	0.238	0.006
34.465	27.933	0.249	0.007
34.702	29.774	0.261	0.007
34.947	29.941	0.274	0.008
35.962	28.430	0.286	0.008
37.818	25.540	0.299	0.008
39.493	21.759	0.312	0.008
39.960	17.612	0.326	0.007
38.995	13.574	0.339	0.007
37.125	9.988	0.353	0.006
35.006	7.041	0.367	0.006
32.805	4.771	0.382	0.005
30.688	3.111	0.396	0.004
28.769	1.932	0.410	0.004
27.196	1.133	0.424	0.003
25.816	0.671	0.438	0.003
24.495	0.567	0.454	0.002
23.230	0.823	0.471	0.002
22.044	1.298	0.489	0.002
21.094	1.791	0.508	0.002
20.302	2.240	0.527	0.002
19.473	2.773	0.544	0.002
18.558	3.565	0.559	0.002
17.786	4.635	0.573	0.003
17.251	5.807	0.583	0.003
17.102	6.877	0.592	0.003
17.230	7.839	0.597	0.004
17.380	8.850	0.600	0.004
17.569	10.096	0.600	0.004
18.075	11.737	0.598	0.005
19.048	13.927	0.593	0.005
19.523	16.726	0.587	0.006
19.006	20.041	0.578	0.006
18.119	23.718	0.568	0.007
18.038	27.711	0.558	0.007
19.464	32.227	0.546	0.008
22.808	37.574	0.533	0.008
26.846	43.783	0.518	0.009
28.898	50.451	0.501	0.010
28.183	56.944	0.484	0.010
26.319	62.832	0.466	0.011
25.680	67.935	0.449	0.012
27.128	72.216	0.433	0.012
29.306	75.634	0.416	0.013
30.170	78.237	0.399	0.013
29.376	80.236	0.384	0.013
28.246	81.816	0.369	0.014
28.039	82.640	0.355	0.014
28.807	82.132	0.341	0.014
29.823	79.717	0.328	0.014
31.019	75.184	0.315	0.014
33.127	68.566	0.302	0.013
36.320	59.830	0.289	0.013
40.255	48.806	0.275	0.012
44.061	35.887	0.260	0.011
47.409	22.671	0.247	0.010
49.782	11.614	0.235	0.009
50.774	4.610	0.225	0.008
50.872	1.770	0.215	0.006
51.491	1.577	0.205	0.005
52.780	2.174	0.194	0.004
53.800	2.510	0.183	0.003
54.129	2.492	0.171	0.003
54.438	2.457	0.158	0.003
55.906	2.725	0.145	0.003
59.389	3.588	0.132	0.003
62.360	5.271	0.118	0.003
60.556	7.663	0.105	0.003
54.319	10.246	0.091	0.004
47.534	12.284	0.078	0.004
43.394	13.567	0.066	0.005
41.865	14.370	0.056	0.005
40.394	14.870	0.048	0.005
37.227	14.957	0.044	0.006
33.377	14.440	0.045	0.006
30.945	13.657	0.052	0.006
30.778	13.371	0.063	0.006
31.399	13.851	0.078	0.006
31.257	14.525	0.094	0.006
30.531	14.617	0.112	0.006
30.422	14.053	0.131	0.006
31.384	13.486	0.151	0.006
32.705	13.446	0.172	0.006
33.172	13.580	0.193	0.006
32.481	13.127	0.216	0.006
32.026	11.989	0.238	0.006
32.666	10.934	0.260	0.005
33.844	10.708	0.282	0.005
34.064	11.102	0.302	0.005
32.792	11.039	0.321	0.005
30.798	10.020	0.338	0.005
29.187	8.598	0.355	0.005
28.183	7.625	0.372	0.005
27.294	7.248	0.389	0.005
26.032	6.891	0.406	0.004
24.695	6.001	0.423	0.004
23.749	4.668	0.440	0.004
23.365	3.422	0.457	0.004
23.100	2.624	0.473	0.003
22.515	2.248	0.490	0.003
21.704	2.135	0.508	0.003
21.044	2.279	0.525	0.003
20.665	2.782	0.541	0.003
20.389	3.619	0.555	0.003
20.054	4.620	0.567	0.003
19.865	5.650	0.578	0.003
20.185	6.761	0.586	0.003
21.116	8.192	0.593	0.004
22.296	10.224	0.596	0.004
23.235	12.982	0.596	0.005
23.750	16.683	0.594	0.005
24.376	21.688	0.588	0.006
25.721	28.052	0.580	0.007
27.773	35.085	0.568	0.008
29.997	41.681	0.554	0.008
31.746	47.384	0.536	0.009
32.982	53.308	0.518	0.010
34.005	60.852	0.499	0.011
35.099	70.104	0.479	0.011
36.172	79.838	0.459	0.012
36.909	88.643	0.439	0.013
37.101	95.627	0.419	0.014
36.515	100.054	0.400	0.014
35.063	100.852	0.382	0.015
33.290	97.409	0.365	0.015
31.684	90.775	0.348	0.015
30.777	83.348	0.332	0.015
31.049	76.935	0.317	0.014
32.652	71.251	0.302	0.014
36.165	64.591	0.287	0.013
40.690	55.958	0.272	0.013
45.439	46.166	0.257	0.012
50.385	36.770	0.241	0.011
56.114	28.387	0.226	0.010
62.438	20.645	0.211	0.009
68.937	13.365	0.196	0.008
75.130	7.281	0.182	0.007
80.099	3.378	0.168	0.006
83.496	1.750	0.155	0.005
85.613	1.439	0.145	0.004
87.794	1.412	0.136	0.003
88.520	1.343	0.131	0.003
90.641	1.439	0.128	0.002
90.489	1.807	0.129	0.002
87.028	2.233	0.134	0.002
81.405	2.521	0.144	0.002
76.391	2.767	0.158	0.002
73.160	3.291	0.174	0.002
70.942	4.289	0.192	0.003
67.773	5.720	0.212	0.003
62.533	7.651	0.233	0.003
56.267	10.459	0.253	0.004
50.904	14.464	0.273	0.005
46.529	19.244	0.292	0.005
42.185	23.454	0.309	0.006
37.421	25.712	0.323	0.006
33.171	25.617	0.335	0.007
30.794	23.848	0.345	0.007
29.920	21.354	0.354	0.007
29.436	18.541	0.363	0.007
28.412	15.295	0.371	0.007
26.915	11.576	0.378	0.006
25.958	7.840	0.386	0.006
25.998	4.790	0.393	0.005
26.127	2.828	0.402	0.005
25.533	1.818	0.410	0.004
24.355	1.352	0.419	0.003
23.395	1.141	0.426	0.003
23.224	1.119	0.434	0.002
23.508	1.258	0.441	0.002
23.470	1.438	0.448	0.002
22.723	1.545	0.454	0.002
21.735	1.622	0.461	0.002
21.324	1.825	0.468	0.002
21.429	2.212	0.475	0.002
21.629	2.623	0.483	0.002
21.608	2.895	0.491	0.002
21.457	3.069	0.498	0.002
21.433	3.349	0.505	0.003
21.557	3.837	0.513	0.003
21.378	4.412	0.521	0.003
20.765	4.944	0.529	0.003
20.180	5.539	0.537	0.003
19.989	6.454	0.545	0.004
20.267	7.800	0.551	0.004
20.949	9.437	0.556	0.004
22.056	11.225	0.560	0.005
23.247	13.308	0.563	0.005
24.050	15.991	0.563	0.005
24.419	19.327	0.562	0.006
24.778	23.045	0.560	0.006
25.546	26.907	0.556	0.007
27.008	31.163	0.551	0.008
28.831	36.325	0.544	0.008
30.241	42.355	0.535	0.009
30.685	48.326	0.525	0.009
30.726	53.098	0.515	0.010
31.077	56.383	0.503	0.011
32.322	59.156	0.491	0.011
34.266	62.618	0.477	0.011
36.122	66.824	0.463	0.012
37.700	70.572	0.447	0.012
38.765	72.765	0.432	0.013
39.723	73.568	0.417	0.013
39.898	73.988	0.400	0.013
38.608	74.346	0.383	0.013
36.861	73.507	0.366	0.013
37.411	69.889	0.349	0.013
41.818	63.022	0.332	0.013
48.565	53.784	0.314	0.012
54.324	43.379	0.296	0.012
56.632	32.553	0.277	0.011
56.014	21.878	0.260	0.010
54.821	12.471	0.242	0.009
54.546	5.824	0.225	0.007
55.952	2.720	0.209	0.006
58.927	2.479	0.193	0.005
63.481	3.598	0.177	0.004
68.747	4.907	0.163	0.004
71.352	6.190	0.149	0.004
68.944	7.716	0.136	0.004
63.265	9.519	0.126	0.004
58.304	11.167	0.118	0.004
55.173	12.250	0.113	0.005
52.626	12.644	0.112	0.005
48.572	12.542	0.114	0.005
42.661	11.979	0.119	0.005
36.711	10.832	0.126	0.005
32.440	9.059	0.135	0.005
29.676	6.970	0.144	0.005
27.217	5.281	0.154	0.005
24.699	4.582	0.165	0.004
22.911	5.008	0.178	0.004
22.415	6.231	0.192	0.004
22.682	7.585	0.208	0.004
23.113	8.859	0.224	0.004
23.666	10.408	0.241	0.004
24.788	12.475	0.257	0.005
26.349	14.598	0.273	0.005
27.532	15.838	0.288	0.005
27.559	15.599	0.303	0.005
27.022	14.181	0.318	0.006
26.897	12.461	0.332	0.006
27.724	11.108	0.347	0.006
28.567	10.159	0.362	0.005
28.443	9.305	0.376	0.005
27.225	8.346	0.390	0.005
25.547	7.329	0.404	0.005
23.998	6.321	0.420	0.004
22.682	5.264	0.436	0.004
21.317	4.108	0.452	0.004
19.794	3.008	0.469	0.004
18.230	2.220	0.487	0.003
16.769	1.853	0.505	0.003
15.356	1.775	0.525	0.003
14.001	1.797	0.546	0.002
12.741	1.857	0.568	0.002
11.729	1.985	0.592	0.002
10.860	2.152	0.618	0.002
9.946	2.233	0.644	0.002
8.957	2.143	0.670	0.002
8.164	1.948	0.695	0.002
7.782	1.780	0.720	0.002
7.753	1.805	0.745	0.002
7.848	2.070	0.768	0.002
7.805	2.450	0.789	0.002
7.567	2.718	0.806	0.002
7.190	2.737	0.822	0.002
6.834	2.566	0.836	0.002
6.643	2.427	0.847	0.002
6.754	2.438	0.856	0.002
7.021	2.548	0.859	0.002
7.301	2.673	0.858	0.003
7.451	2.714	0.853	0.003
7.562	2.817	0.845	0.003
7.803	3.005	0.835	0.003
8.291	3.109	0.823	0.003
8.791	2.958	0.810	0.003
9.127	2.636	0.797	0.003
9.266	2.430	0.784	0.003
9.266	2.559	0.770	0.003
9.165	2.951	0.756	0.003
8.999	3.319	0.742	0.003
8.781	3.453	0.728	0.003
8.561	3.350	0.714	0.003
8.452	3.119	0.701	0.003
8.427	2.810	0.688	0.003
8.369	2.431	0.675	0.003
8.269	2.035	0.662	0.003
8.479	1.752	0.650	0.002
8.846	1.644	0.639	0.002
9.203	1.605	0.628	0.002
9.419	1.446	0.617	0.002
9.595	1.106	0.607	0.002
10.022	0.743	0.596	0.002
11.040	0.580	0.586	0.002
12.035	0.670	0.576	0.002
12.524	0.860	0.565	0.001
12.550	0.950	0.555	0.001
12.485	0.870	0.544	0.001
12.623	0.722	0.534	0.001
13.005	0.664	0.524	0.001
13.464	0.789	0.514	0.001
13.682	1.093	0.502	0.002
13.573	1.491	0.490	0.002
13.206	1.862	0.478	0.002
12.911	2.133	0.466	0.002
12.570	2.356	0.453	0.002
12.045	2.575	0.441	0.002
11.381	2.823	0.427	0.002
10.723	3.054	0.413	0.002
10.120	3.196	0.400	0.003
9.639	3.185	0.388	0.003
9.186	3.103	0.377	0.003
8.763	3.103	0.366	0.003
8.315	3.427	0.357	0.003
7.864	4.158	0.348	0.003
7.530	5.259	0.340	0.003
7.385	6.602	0.332	0.003
7.330	8.030	0.325	0.004
7.296	9.330	0.318	0.004
7.308	10.260	0.311	0.004
7.482	10.696	0.304	0.004
7.718	10.745	0.297	0.005
7.916	10.682	0.291	0.005
8.033	10.722	0.285	0.005
8.189	10.801	0.279	0.005
8.402	10.616	0.273	0.005
8.592	9.893	0.268	0.005
8.644	8.600	0.262	0.005
8.630	7.031	0.255	0.005
8.621	5.583	0.247	0.004
8.740	4.445	0.237	0.004
8.652	3.542	0.226	0.004
8.241	2.676	0.213	0.003
7.699	1.797	0.200	0.003
7.361	1.083	0.186	0.003
7.314	0.696	0.171	0.002
7.277	0.593	0.156	0.002
6.899	0.570	0.142	0.002
6.232	0.481	0.128	0.001
5.628	0.392	0.116	0.001
5.271	0.460	0.106	0.001
5.037	0.716	0.100	0.001
4.682	1.008	0.097	0.001
4.140	1.140	0.098	0.001
3.624	1.047	0.102	0.001
3.341	0.822	0.109	0.001
3.267	0.595	0.117	0.001
3.174	0.421	0.127	0.001
2.917	0.291	0.137	0.001
2.546	0.188	0.147	0.001
2.275	0.119	0.156	0.001
2.118	0.089	0.165	0.001
1.973	0.077	0.172	0.001
1.756	0.057	0.179	0.001
1.500	0.028	0.186	0.000
1.289	0.011	0.192	0.000
1.163	0.020	0.198	0.000
1.059	0.048	0.203	0.000
0.926	0.080	0.207	0.000
0.768	0.113	0.212	0.000
0.626	0.157	0.215	0.000
0.525	0.212	0.218	0.001
0.455	0.261	0.219	0.001
0.391	0.287	0.221	0.001
0.335	0.290	0.223	0.001
0.301	0.284	0.225	0.001
0.284	0.285	0.226	0.001
0.263	0.293	0.226	0.001
0.225	0.299	0.226	0.001
0.178	0.292	0.225	0.001
0.140	0.263	0.224	0.001
0.115	0.209	0.222	0.001
0.100	0.137	0.221	0.001
0.088	0.068	0.221	0.001
0.077	0.022	0.222	0.001
0.064	0.004	0.225	0.000
0.050	0.003	0.231	0.000
0.036	0.006	0.239	0.000
0.025	0.006	0.250	0.000
0.019	0.008	0.262	0.000
0.018	0.012	0.275	0.000
0.018	0.015	0.289	0.000
0.018	0.012	0.305	0.000
0.019	0.006	0.322	0.000
0.019	0.001	0.341	0.000
0.017	0.001	0.360	0.000
0.013	0.003	0.377	0.000
0.008	0.005	0.393	0.000
0.007	0.006	0.409	0.000
0.009	0.008	0.426	0.000
0.011	0.015	0.443	0.000
0.011	0.024	0.458	0.000
0.009	0.032	0.473	0.000
0.008	0.034	0.489	0.000
0.008	0.032	0.505	0.000
0.008	0.029	0.522	0.000
0.008	0.027	0.540	0.000
0.007	0.028	0.557	0.000
0.007	0.028	0.574	0.000
0.008	0.027	0.591	0.000
0.009	0.022	0.608	0.000
0.008	0.015	0.624	0.000
0.008	0.010	0.638	0.000
0.008	0.006	0.651	0.000
0.009	0.006	0.661	0.000
0.009	0.005	0.670	0.000
0.008	0.004	0.677	0.000
0.007	0.002	0.683	0.000
0.005	0.001	0.688	0.000
0.004	0.001	0.691	0.000
0.004	0.001	0.691	0.000
0.004	0.002	0.689	0.000
0.004	0.003	0.686	0.000
0.004	0.003	0.682	0.000
0.004	0.003	0.676	0.000
0.004	0.003	0.669	0.000
0.005	0.002	0.660	0.000
0.005	0.001	0.650	0.000
0.005	0.000	0.640	0.000
0.005	0.000	0.630	0.000
0.005	0.000	0.620	0.000
0.005	0.000	0.610	0.000
0.004	0.000	0.599	0.000
0.004	0.001	0.589	0.000
0.004	0.004	0.578	0.000
0.005	0.008	0.567	0.000
0.005	0.012	0.556	0.000
0.005	0.014	0.545	0.000
0.005	0.014	0.535	0.000
0.006	0.014	0.525	0.000
0.008	0.017	0.516	0.000
0.010	0.025	0.509	0.000
0.011	0.032	0.503	0.000
0.011	0.036	0.501	0.000
0.011	0.038	0.503	0.000
0.011	0.039	0.509	0.000
0.010	0.040	0.520	0.000
0.010	0.039	0.534	0.000
0.010	0.035	0.550	0.000
0.011	0.030	0.565	0.000
0.012	0.028	0.580	0.000
0.012	0.028	0.593	0.000
0.012	0.030	0.604	0.000
0.012	0.030	0.613	0.000
0.012	0.030	0.621	0.000
0.012	0.030	0.626	0.000
