0.001	0.000	0.000	0.000
0.001	0.000	0.000	0.000
0.002	0.001	0.000	0.000
0.003	0.002	0.000	0.000
0.003	0.004	0.000	0.000
0.003	0.005	0.000	0.000
0.003	0.006	0.000	0.000
0.003	0.007	0.000	0.000
0.004	0.007	0.000	0.000
0.004	0.007	0.000	0.000
0.004	0.007	0.000	0.000
0.003	0.006	0.000	0.000
0.003	0.006	0.000	0.000
0.004	0.007	0.000	0.000
0.004	0.008	0.000	0.000
0.004	0.008	0.000	0.000
0.004	0.009	0.000	0.000
0.004	0.010	0.000	0.000
0.004	0.010	0.000	0.000
0.004	0.010	0.000	0.000
0.004	0.009	0.000	0.000
0.004	0.007	0.000	0.000
0.005	0.005	0.000	0.000
0.005	0.004	0.000	0.000
0.005	0.004	0.000	0.000
0.005	0.003	0.000	0.000
0.004	0.002	0.000	0.000
0.003	0.001	0.000	0.000
0.003	0.001	0.000	0.000
0.003	0.000	0.000	0.000
0.002	0.001	0.000	0.000
0.002	0.001	0.000	0.000
0.001	0.002	0.000	0.000
0.001	0.002	0.000	0.000
0.002	0.003	0.000	0.000
0.002	0.003	0.000	0.000
0.002	0.003	0.000	0.000
0.002	0.004	0.000	0.000
0.002	0.004	0.000	0.000
0.002	0.004	0.000	0.000
0.002	0.004	0.000	0.000
0.002	0.005	0.000	0.000
0.002	0.005	0.000	0.000
0.002	0.007	0.000	0.000
0.002	0.008	0.000	0.000
0.002	0.008	0.000	0.000
0.001	0.007	0.000	0.000
0.001	0.007	0.000	0.000
0.001	0.006	0.000	0.000
0.001	0.005	0.000	0.000
0.001	0.005	0.000	0.000
0.001	0.005	0.000	0.000
0.001	0.005	0.000	0.000
0.001	0.005	0.000	0.000
0.001	0.005	0.000	0.000
0.001	0.004	0.000	0.000
0.001	0.004	0.000	0.000
0.002	0.004	0.000	0.000
0.003	0.005	0.000	0.000
0.008	0.006	0.000	0.000
0.021	0.008	0.000	0.000
0.054	0.011	0.000	0.000
0.117	0.014	0.000	0.000
0.231	0.018	0.000	0.000
0.404	0.023	0.000	0.000
0.701	0.032	0.000	0.000
1.050	0.045	0.000	0.000
1.375	0.055	0.000	0.000
1.699	0.059	0.000	0.000
2.032	0.055	0.000	0.000
2.418	0.049	0.000	0.000
2.837	0.046	0.000	0.000
3.210	0.044	0.000	0.000
3.500	0.041	0.000	0.000
3.702	0.037	0.000	0.000
3.855	0.035	0.000	0.000
3.969	0.037	0.000	0.000
4.024	0.041	0.000	0.000
4.013	0.042	0.000	0.000
3.916	0.038	0.000	0.000
3.778	0.034	0.000	0.000
3.586	0.030	0.000	0.000
3.398	0.031	0.000	0.000
3.260	0.037	0.000	0.000
3.170	0.044	0.000	0.000
3.070	0.044	0.000	0.000
2.897	0.033	0.000	0.000
2.621	0.015	0.000	0.000
2.337	0.000	0.000	0.000
2.188	-0.004	0.000	0.000
2.147	0.000	0.000	0.000
2.124	0.006	0.000	0.000
1.994	0.008	0.000	0.000
1.756	0.007	0.000	0.000
1.495	0.008	0.000	0.000
1.320	0.013	0.000	0.000
1.217	0.018	0.000	0.000
1.110	0.018	0.000	0.000
0.961	0.014	0.000	0.000
0.798	0.008	0.000	0.000
0.672	0.003	0.136	0.000
0.597	0.002	0.417	0.000
0.537	0.003	0.714	0.000
0.458	0.004	0.865	0.000
0.368	0.005	0.837	0.000
0.297	0.007	0.733	0.000
0.255	0.010	0.689	0.000
0.228	0.011	0.732	0.000
0.199	0.011	0.784	0.000
0.164	0.010	0.778	0.000
0.138	0.011	0.732	0.000
0.123	0.014	0.707	0.000
0.114	0.018	0.722	0.000
0.099	0.020	0.742	0.000
0.080	0.018	0.726	0.000
0.065	0.013	0.681	0.000
0.058	0.011	0.639	0.000
0.058	0.012	0.615	0.000
0.062	0.015	0.594	0.000
0.068	0.017	0.554	0.000
0.072	0.016	0.497	0.000
0.070	0.015	0.443	0.000
0.062	0.014	0.407	0.000
0.050	0.016	0.383	0.000
0.037	0.018	0.356	0.000
0.026	0.019	0.328	0.000
0.018	0.017	0.305	0.000
0.015	0.014	0.292	0.000
0.012	0.013	0.287	0.000
0.012	0.014	0.279	0.000
0.012	0.017	0.268	0.000
0.012	0.019	0.258	0.000
0.011	0.018	0.254	0.000
0.011	0.017	0.254	0.000
0.011	0.017	0.252	0.000
0.011	0.018	0.248	0.000
0.010	0.019	0.243	0.000
0.009	0.018	0.240	0.000
0.008	0.016	0.241	0.000
0.007	0.015	0.244	0.000
0.009	0.015	0.246	0.000
0.010	0.016	0.248	0.000
0.011	0.013	0.251	0.000
0.009	0.007	0.254	0.000
0.007	0.002	0.256	0.000
0.007	0.002	0.252	0.000
0.012	0.007	0.243	0.000
0.019	0.015	0.230	0.000
0.023	0.024	0.216	0.000
0.023	0.031	0.204	0.000
0.019	0.035	0.195	0.000
0.017	0.037	0.185	0.000
0.018	0.036	0.174	0.000
0.022	0.033	0.160	0.000
0.025	0.028	0.147	0.000
0.024	0.023	0.136	0.000
0.020	0.018	0.127	0.000
0.016	0.013	0.120	0.000
0.013	0.009	0.115	0.000
0.011	0.005	0.111	0.000
0.009	0.003	0.109	0.000
0.009	0.002	0.107	0.000
0.009	0.003	0.106	0.000
0.011	0.004	0.104	0.000
0.011	0.007	0.103	0.000
0.011	0.011	0.103	0.000
0.010	0.018	0.104	0.000
0.009	0.026	0.107	0.000
0.009	0.033	0.110	0.000
0.009	0.035	0.113	0.000
0.009	0.031	0.117	0.000
0.008	0.025	0.121	0.000
0.008	0.022	0.126	0.000
0.008	0.022	0.132	0.000
0.007	0.023	0.138	0.000
0.007	0.023	0.146	0.000
0.007	0.021	0.155	0.000
0.007	0.018	0.164	0.000
0.007	0.018	0.171	0.000
0.006	0.021	0.178	0.000
0.005	0.028	0.183	0.000
0.005	0.033	0.188	0.000
0.005	0.034	0.193	0.000
0.005	0.029	0.196	0.000
0.006	0.024	0.199	0.000
0.006	0.022	0.202	0.000
0.005	0.023	0.205	0.000
0.004	0.021	0.209	0.000
0.004	0.018	0.214	0.000
0.005	0.016	0.219	0.000
0.005	0.016	0.226	0.000
0.004	0.017	0.235	0.000
0.003	0.018	0.248	0.000
0.002	0.014	0.264	0.000
0.002	0.009	0.282	0.000
0.002	0.005	0.301	0.000
0.001	0.004	0.323	0.000
0.001	0.006	0.347	0.000
0.001	0.007	0.373	0.000
0.002	0.006	0.402	0.000
0.002	0.004	0.432	0.000
0.002	0.003	0.464	0.000
0.003	0.004	0.494	0.000
0.004	0.006	0.522	0.000
0.005	0.007	0.545	0.000
0.005	0.006	0.562	0.000
0.004	0.004	0.572	0.000
0.004	0.003	0.575	0.000
0.005	0.002	0.573	0.000
0.006	0.002	0.567	0.000
0.007	0.003	0.559	0.000
0.007	0.003	0.549	0.000
0.007	0.003	0.536	0.000
0.007	0.004	0.520	0.000
0.007	0.004	0.501	0.000
0.008	0.004	0.480	0.000
0.007	0.004	0.457	0.000
0.006	0.005	0.432	0.000
0.006	0.006	0.404	0.000
0.006	0.007	0.371	0.000
0.007	0.007	0.335	0.000
0.008	0.007	0.297	0.000
0.007	0.007	0.264	0.000
0.006	0.008	0.239	0.000
0.006	0.008	0.224	0.000
0.006	0.007	0.215	0.000
0.006	0.005	0.209	0.000
0.005	0.004	0.202	0.000
0.004	0.004	0.193	0.000
0.003	0.004	0.182	0.000
0.004	0.004	0.173	0.000
0.005	0.003	0.168	0.000
0.005	0.002	0.167	0.000
0.004	0.002	0.169	0.000
0.003	0.002	0.173	0.000
0.003	0.002	0.176	0.000
0.003	0.003	0.180	0.000
0.003	0.002	0.182	0.000
0.002	0.002	0.184	0.000
0.002	0.002	0.184	0.000
0.002	0.002	0.183	0.000
0.002	0.002	0.181	0.000
0.003	0.002	0.179	0.000
0.002	0.002	0.176	0.000
0.002	0.002	0.175	0.000
0.002	0.002	0.178	0.000
0.004	0.001	0.187	0.000
0.005	0.001	0.205	0.000
0.005	0.001	0.229	0.000
0.004	0.001	0.256	0.000
0.003	0.001	0.286	0.000
0.004	0.001	0.320	0.000
0.005	0.001	0.361	0.000
0.006	0.002	0.406	0.000
0.004	0.002	0.455	0.000
0.002	0.002	0.502	0.000
0.000	0.001	0.544	0.000
0.001	0.001	0.579	0.000
0.002	0.000	0.605	0.000
0.003	0.000	0.624	0.000
0.003	0.001	0.634	0.000
0.002	0.001	0.640	0.000
0.002	0.003	0.642	0.000
0.003	0.004	0.643	0.000
0.003	0.006	0.643	0.000
0.003	0.006	0.644	0.000
0.003	0.005	0.645	0.000
0.004	0.004	0.649	0.000
0.004	0.005	0.655	0.000
0.004	0.006	0.662	0.000
0.004	0.007	0.670	0.000
0.003	0.008	0.679	0.000
0.003	0.009	0.690	0.000
0.003	0.009	0.703	0.000
0.004	0.010	0.719	0.000
0.003	0.011	0.736	0.000
0.003	0.010	0.753	0.000
0.003	0.010	0.768	0.000
0.004	0.009	0.781	0.000
0.005	0.009	0.791	0.000
0.008	0.009	0.799	0.000
0.011	0.009	0.806	0.000
0.013	0.010	0.812	0.000
0.017	0.011	0.817	0.000
0.021	0.013	0.823	0.000
0.026	0.014	0.827	0.000
0.031	0.015	0.831	0.000
0.055	0.016	0.834	0.000
0.083	0.019	0.836	0.000
0.095	0.024	0.838	0.000
0.086	0.030	0.839	0.000
0.081	0.035	0.841	0.000
0.088	0.036	0.842	0.000
0.103	0.034	0.844	0.000
0.112	0.031	0.847	0.000
0.111	0.030	0.849	0.000
0.109	0.032	0.851	0.000
0.120	0.035	0.854	0.000
0.140	0.037	0.858	0.000
0.156	0.035	0.864	0.000
0.162	0.033	0.870	0.000
0.170	0.030	0.874	0.000
0.190	0.030	0.878	0.000
0.214	0.030	0.881	0.000
0.229	0.029	0.884	0.000
0.227	0.027	0.887	0.000
0.223	0.027	0.890	0.000
0.229	0.029	0.892	0.000
0.249	0.036	0.895	0.000
0.273	0.044	0.897	0.000
0.290	0.051	0.899	0.000
0.297	0.055	0.902	0.000
0.298	0.057	0.904	0.000
0.298	0.058	0.905	0.000
0.297	0.061	0.906	0.000
0.300	0.070	0.908	0.000
0.309	0.083	0.909	0.000
0.326	0.092	0.910	0.000
0.334	0.093	0.911	0.000
0.327	0.085	0.912	0.000
0.312	0.077	0.913	0.000
0.307	0.077	0.914	0.000
0.318	0.089	0.914	0.000
0.336	0.108	0.915	0.000
0.353	0.125	0.916	0.000
0.373	0.138	0.916	0.001
0.420	0.147	0.917	0.001
0.467	0.159	0.918	0.001
0.482	0.175	0.919	0.001
0.456	0.191	0.920	0.001
0.415	0.204	0.921	0.001
0.399	0.215	0.922	0.001
0.421	0.227	0.924	0.001
0.473	0.242	0.925	0.001
0.518	0.262	0.927	0.001
0.545	0.285	0.928	0.001
0.555	0.310	0.929	0.001
0.557	0.330	0.929	0.001
0.556	0.341	0.929	0.001
0.547	0.343	0.929	0.001
0.536	0.338	0.929	0.001
0.529	0.333	0.929	0.001
0.523	0.334	0.930	0.001
0.517	0.351	0.930	0.001
0.511	0.390	0.931	0.001
0.509	0.445	0.932	0.001
0.519	0.500	0.933	0.001
0.542	0.535	0.933	0.001
0.572	0.552	0.934	0.001
0.599	0.562	0.934	0.001
0.616	0.579	0.934	0.001
0.623	0.604	0.934	0.001
0.633	0.638	0.934	0.001
0.649	0.688	0.934	0.001
0.659	0.758	0.934	0.001
0.649	0.846	0.933	0.001
0.621	0.927	0.933	0.001
0.590	0.978	0.933	0.001
0.576	1.002	0.932	0.001
0.576	1.022	0.932	0.001
0.576	1.059	0.931	0.002
0.564	1.103	0.931	0.002
0.546	1.120	0.931	0.002
0.534	1.095	0.931	0.002
0.528	1.052	0.931	0.002
0.522	1.027	0.931	0.002
0.510	1.035	0.931	0.002
0.494	1.056	0.931	0.002
0.477	1.058	0.931	0.002
0.464	1.028	0.931	0.002
0.451	0.977	0.930	0.002
0.432	0.929	0.929	0.002
0.410	0.895	0.929	0.002
0.393	0.872	0.928	0.002
0.388	0.852	0.927	0.001
0.394	0.836	0.926	0.001
0.402	0.834	0.925	0.001
0.409	0.851	0.924	0.001
0.417	0.876	0.922	0.001
0.427	0.902	0.921	0.001
0.429	0.932	0.920	0.001
0.415	0.974	0.918	0.001
0.390	1.018	0.917	0.002
0.373	1.044	0.916	0.002
0.372	1.040	0.915	0.002
0.381	1.020	0.915	0.002
0.385	1.005	0.914	0.002
0.379	1.000	0.914	0.002
0.369	0.997	0.914	0.002
0.364	0.982	0.914	0.002
0.365	0.954	0.914	0.002
0.367	0.925	0.914	0.002
0.365	0.902	0.915	0.002
0.361	0.884	0.915	0.001
0.356	0.864	0.916	0.001
0.346	0.840	0.916	0.001
0.333	0.814	0.917	0.001
0.317	0.785	0.918	0.001
0.302	0.750	0.919	0.001
0.288	0.707	0.919	0.001
0.278	0.662	0.920	0.001
0.277	0.627	0.921	0.001
0.280	0.604	0.921	0.001
0.280	0.589	0.921	0.001
0.275	0.573	0.922	0.001
0.270	0.552	0.923	0.001
0.270	0.537	0.924	0.001
0.275	0.534	0.925	0.001
0.283	0.534	0.926	0.001
0.286	0.523	0.927	0.001
0.280	0.488	0.928	0.001
0.272	0.436	0.929	0.001
0.268	0.382	0.930	0.001
0.270	0.336	0.930	0.001
0.273	0.299	0.931	0.001
0.265	0.264	0.932	0.001
0.244	0.228	0.933	0.001
0.220	0.195	0.933	0.001
0.205	0.169	0.934	0.001
0.202	0.148	0.934	0.001
0.203	0.132	0.935	0.001
0.200	0.120	0.935	0.001
0.199	0.111	0.936	0.001
0.200	0.106	0.937	0.001
0.199	0.099	0.937	0.001
0.189	0.090	0.938	0.001
0.173	0.078	0.939	0.000
0.160	0.067	0.940	0.000
0.155	0.059	0.941	0.000
0.155	0.051	0.942	0.000
0.154	0.042	0.944	0.000
0.147	0.033	0.945	0.000
0.137	0.026	0.946	0.000
0.128	0.022	0.947	0.000
0.118	0.021	0.949	0.000
0.105	0.021	0.950	0.000
0.093	0.021	0.951	0.000
0.084	0.020	0.952	0.000
0.079	0.018	0.952	0.000
0.076	0.013	0.953	0.000
0.070	0.009	0.954	0.000
0.063	0.006	0.954	0.000
0.058	0.005	0.955	0.000
0.055	0.005	0.956	0.000
0.054	0.006	0.957	0.000
0.052	0.009	0.957	0.000
0.050	0.012	0.958	0.000
0.050	0.014	0.958	0.000
0.051	0.014	0.958	0.000
0.050	0.012	0.958	0.000
0.051	0.012	0.959	0.000
0.053	0.014	0.959	0.000
0.055	0.018	0.958	0.000
0.062	0.019	0.958	0.000
0.090	0.017	0.956	0.000
0.196	0.017	0.954	0.000
0.413	0.024	0.951	0.000
0.855	0.042	0.945	0.000
1.722	0.070	0.938	0.000
3.295	0.105	0.929	0.000
5.668	0.146	0.918	0.000
8.583	0.194	0.907	0.001
11.406	0.246	0.896	0.001
13.421	0.297	0.884	0.001
14.167	0.332	0.872	0.001
13.603	0.326	0.859	0.001
11.994	0.271	0.845	0.001
9.866	0.218	0.831	0.001
7.765	0.259	0.817	0.001
6.005	0.442	0.806	0.001
4.736	0.708	0.797	0.001
3.943	0.933	0.789	0.001
3.520	1.050	0.781	0.001
3.315	1.103	0.772	0.001
3.229	1.170	0.763	0.001
3.169	1.268	0.752	0.002
3.150	1.340	0.738	0.002
3.171	1.321	0.723	0.002
3.126	1.219	0.706	0.002
2.998	1.105	0.690	0.002
2.864	1.042	0.674	0.002
2.783	1.020	0.657	0.002
2.742	0.991	0.637	0.002
2.675	0.941	0.615	0.002
2.545	0.901	0.591	0.002
2.383	0.899	0.566	0.002
2.309	0.914	0.540	0.002
2.300	0.915	0.513	0.002
2.296	0.909	0.486	0.002
2.204	0.941	0.461	0.002
2.082	1.036	0.437	0.002
2.080	1.165	0.416	0.002
2.284	1.272	0.397	0.002
2.640	1.332	0.380	0.002
2.955	1.367	0.364	0.002
3.091	1.400	0.349	0.002
3.060	1.416	0.336	0.002
2.995	1.384	0.325	0.002
2.977	1.301	0.317	0.002
2.990	1.213	0.310	0.002
3.004	1.185	0.306	0.002
3.066	1.254	0.303	0.002
3.224	1.405	0.303	0.002
3.443	1.589	0.305	0.002
3.629	1.753	0.308	0.002
3.711	1.865	0.313	0.002
3.730	1.932	0.319	0.002
3.773	1.983	0.326	0.002
3.913	2.041	0.336	0.002
4.140	2.115	0.347	0.002
4.317	2.207	0.361	0.002
4.388	2.327	0.376	0.002
4.365	2.483	0.392	0.002
4.304	2.675	0.411	0.002
4.235	2.892	0.430	0.002
4.173	3.134	0.450	0.003
4.138	3.423	0.470	0.003
4.117	3.784	0.491	0.003
4.102	4.210	0.512	0.003
4.115	4.662	0.533	0.003
4.505	5.120	0.554	0.003
5.079	5.606	0.576	0.003
5.498	6.175	0.597	0.004
5.524	6.842	0.618	0.004
5.363	7.570	0.639	0.004
5.347	8.315	0.659	0.004
5.636	9.094	0.677	0.004
6.054	10.002	0.695	0.005
6.323	11.148	0.713	0.005
6.420	12.569	0.730	0.005
6.557	14.189	0.746	0.005
6.876	15.862	0.761	0.006
7.316	17.443	0.775	0.006
7.717	18.813	0.788	0.006
7.973	19.854	0.799	0.006
8.140	20.446	0.809	0.007
8.327	20.652	0.819	0.007
8.535	20.673	0.827	0.007
8.677	20.775	0.835	0.007
8.693	21.106	0.843	0.007
8.636	21.634	0.849	0.007
8.591	22.283	0.855	0.007
8.613	23.080	0.861	0.007
8.647	24.028	0.865	0.007
8.631	25.028	0.870	0.007
8.591	25.812	0.875	0.008
8.576	26.160	0.879	0.008
8.629	26.109	0.883	0.008
8.745	25.926	0.887	0.008
8.835	25.867	0.891	0.008
8.839	25.979	0.895	0.008
8.772	26.133	0.899	0.008
8.690	26.191	0.903	0.008
8.619	26.133	0.906	0.008
8.580	25.972	0.909	0.008
8.606	25.689	0.912	0.008
8.724	25.300	0.915	0.008
8.881	24.873	0.918	0.008
9.014	24.447	0.922	0.008
9.084	23.980	0.925	0.008
9.124	23.369	0.928	0.008
9.099	22.629	0.932	0.008
8.994	21.952	0.935	0.007
8.874	21.570	0.937	0.007
8.808	21.520	0.939	0.007
8.807	21.605	0.940	0.007
8.813	21.567	0.942	0.007
8.792	21.300	0.944	0.007
8.778	20.882	0.947	0.007
8.791	20.490	0.951	0.007
8.833	20.273	0.954	0.007
8.836	20.275	0.958	0.007
8.714	20.403	0.961	0.007
8.454	20.421	0.964	0.007
8.150	20.120	0.967	0.007
7.865	19.508	0.969	0.007
7.647	18.814	0.971	0.007
7.492	18.253	0.973	0.007
7.303	17.836	0.974	0.007
7.051	17.409	0.975	0.007
6.804	16.923	0.976	0.007
6.616	16.518	0.976	0.006
6.525	16.312	0.976	0.006
6.559	16.219	0.976	0.006
6.610	16.019	0.975	0.006
6.574	15.595	0.975	0.006
6.434	15.068	0.975	0.006
6.253	14.593	0.975	0.006
6.114	14.165	0.975	0.006
6.048	13.677	0.975	0.006
5.999	13.136	0.974	0.006
5.907	12.764	0.974	0.006
5.716	12.801	0.974	0.006
5.503	13.248	0.974	0.006
5.355	13.542	0.974	0.006
5.265	13.039	0.974	0.006
5.161	11.724	0.973	0.005
4.980	10.347	0.973	0.005
4.767	9.766	0.973	0.005
4.601	10.125	0.973	0.005
4.490	10.500	0.973	0.005
4.516	10.026	0.973	0.005
4.444	8.841	0.973	0.005
4.240	7.908	0.973	0.005
3.901	7.921	0.972	0.005
3.541	8.500	0.972	0.005
3.248	8.618	0.972	0.005
3.059	7.838	0.972	0.004
2.902	6.728	0.972	0.004
2.718	6.095	0.971	0.004
2.509	6.079	0.971	0.004
2.325	6.142	0.971	0.004
2.176	5.804	0.970	0.004
2.045	5.174	0.970	0.004
1.912	4.700	0.970	0.004
1.765	4.547	0.970	0.004
1.615	4.458	0.969	0.003
1.470	4.139	0.969	0.003
1.339	3.610	0.969	0.003
1.219	3.112	0.969	0.003
1.105	2.778	0.969	0.003
1.004	2.503	0.968	0.003
0.908	2.132	0.968	0.003
0.819	1.668	0.968	0.002
0.736	1.255	0.968	0.002
0.660	0.993	0.968	0.002
0.611	0.852	0.967	0.002
0.584	0.751	0.967	0.002
0.574	0.682	0.967	0.002
0.564	0.708	0.966	0.001
0.564	0.873	0.966	0.001
0.575	1.143	0.966	0.001
0.604	1.447	0.965	0.002
0.635	1.730	0.964	0.002
0.676	1.997	0.962	0.002
0.739	2.279	0.959	0.002
0.836	2.596	0.955	0.002
0.942	2.938	0.950	0.002
1.039	3.293	0.944	0.003
1.125	3.665	0.938	0.003
1.221	4.067	0.931	0.003
1.358	4.514	0.922	0.003
1.529	4.998	0.913	0.003
1.675	5.486	0.903	0.003
1.919	5.937	0.892	0.003
2.162	6.332	0.880	0.004
2.290	6.693	0.867	0.004
2.288	7.059	0.854	0.004
2.271	7.442	0.840	0.004
2.344	7.832	0.825	0.004
2.582	8.243	0.809	0.004
2.906	8.746	0.792	0.004
3.201	9.415	0.775	0.005
3.509	10.259	0.756	0.005
4.055	11.204	0.737	0.005
5.287	12.138	0.718	0.005
7.649	12.932	0.699	0.005
10.789	13.407	0.681	0.005
13.560	13.332	0.663	0.005
15.309	12.591	0.645	0.005
15.903	11.178	0.627	0.005
15.148	9.223	0.610	0.005
12.612	7.038	0.592	0.005
8.710	5.126	0.574	0.005
4.864	3.996	0.556	0.004
2.595	3.942	0.537	0.004
2.408	5.048	0.516	0.004
3.498	7.401	0.494	0.004
4.770	10.909	0.470	0.004
5.961	14.817	0.442	0.005
7.685	17.853	0.411	0.005
10.485	19.259	0.376	0.006
14.036	19.627	0.338	0.006
17.354	20.431	0.297	0.006
19.690	22.596	0.254	0.007
21.027	25.532	0.213	0.007
21.811	27.804	0.175	0.007
22.319	28.515	0.142	0.008
22.480	28.073	0.117	0.008
22.193	27.709	0.103	0.008
21.471	28.116	0.104	0.008
20.672	29.237	0.117	0.008
19.715	30.489	0.140	0.008
18.444	31.387	0.168	0.008
16.869	31.787	0.196	0.009
15.232	31.765	0.224	0.009
13.999	31.494	0.251	0.009
13.326	31.312	0.279	0.009
12.948	31.278	0.306	0.009
12.425	31.247	0.332	0.009
11.615	31.010	0.358	0.009
10.795	30.509	0.383	0.009
10.185	29.834	0.408	0.009
9.812	29.126	0.432	0.009
9.480	28.447	0.456	0.008
9.109	27.771	0.479	0.008
8.751	27.087	0.502	0.008
8.563	26.404	0.525	0.008
8.543	25.736	0.548	0.008
8.515	25.106	0.571	0.008
8.350	24.533	0.593	0.008
8.083	24.060	0.614	0.008
7.830	23.671	0.636	0.008
7.642	23.298	0.657	0.008
7.490	22.910	0.677	0.008
7.346	22.580	0.697	0.008
7.145	22.369	0.715	0.007
6.877	22.198	0.733	0.007
6.595	21.880	0.750	0.007
6.338	21.316	0.766	0.007
6.130	20.682	0.782	0.007
5.987	20.273	0.797	0.007
5.887	20.181	0.811	0.007
5.735	20.193	0.824	0.007
5.535	20.011	0.837	0.007
5.311	19.517	0.849	0.007
5.081	18.849	0.861	0.007
4.867	18.187	0.872	0.007
4.683	17.535	0.883	0.007
4.512	16.753	0.892	0.007
4.342	15.775	0.902	0.006
4.156	14.719	0.910	0.006
3.966	13.786	0.918	0.006
3.782	13.068	0.925	0.006
3.695	12.479	0.931	0.006
3.690	11.872	0.936	0.006
3.635	11.195	0.941	0.006
3.417	10.517	0.945	0.005
3.089	9.929	0.948	0.005
2.786	9.407	0.950	0.005
2.613	8.894	0.952	0.005
2.531	8.387	0.953	0.005
2.423	7.945	0.953	0.005
2.242	7.558	0.954	0.005
2.079	7.113	0.954	0.004
2.016	6.487	0.955	0.004
2.076	5.754	0.956	0.004
2.242	5.091	0.957	0.004
2.567	4.636	0.957	0.004
3.115	4.406	0.958	0.004
3.956	4.388	0.958	0.004
5.110	4.612	0.958	0.004
6.462	5.181	0.958	0.004
7.864	6.170	0.958	0.004
9.090	7.541	0.958	0.004
10.026	9.194	0.959	0.004
10.538	11.349	0.959	0.004
10.442	13.466	0.960	0.005
9.746	14.103	0.960	0.005
8.631	12.327	0.960	0.005
7.379	9.068	0.960	0.005
6.224	6.745	0.961	0.005
5.288	7.227	0.961	0.005
4.587	9.517	0.961	0.005
4.154	11.240	0.962	0.005
4.066	11.136	0.962	0.005
4.452	10.105	0.963	0.005
5.350	9.834	0.963	0.005
6.737	10.949	0.964	0.005
8.266	12.731	0.964	0.005
9.664	14.488	0.963	0.006
11.253	16.568	0.962	0.006
14.269	19.630	0.959	0.006
19.368	23.377	0.956	0.006
25.537	26.318	0.952	0.007
30.766	28.254	0.946	0.007
33.530	29.900	0.940	0.008
33.808	30.948	0.932	0.008
32.921	29.442	0.924	0.008
31.959	24.068	0.914	0.008
31.165	16.502	0.905	0.007
29.860	10.581	0.894	0.007
27.697	8.542	0.883	0.007
24.856	9.196	0.872	0.006
22.092	9.680	0.859	0.006
19.909	8.658	0.847	0.005
18.253	7.231	0.833	0.005
16.718	6.985	0.820	0.005
15.055	7.863	0.807	0.004
13.365	8.472	0.793	0.004
11.981	7.951	0.780	0.004
10.969	6.891	0.767	0.004
10.091	6.372	0.754	0.004
9.190	6.660	0.741	0.004
8.407	7.116	0.728	0.004
7.955	7.228	0.716	0.004
7.823	7.166	0.703	0.004
7.729	7.388	0.689	0.004
7.491	7.958	0.677	0.004
7.148	8.474	0.665	0.004
6.896	8.589	0.653	0.004
6.835	8.398	0.643	0.004
6.823	8.223	0.633	0.004
6.696	8.237	0.623	0.004
6.418	8.332	0.614	0.004
6.166	8.356	0.605	0.004
6.078	8.320	0.596	0.004
6.137	8.347	0.588	0.004
6.234	8.487	0.579	0.005
6.117	8.653	0.571	0.005
5.740	8.717	0.563	0.005
5.211	8.642	0.555	0.005
4.732	8.475	0.548	0.005
4.295	8.265	0.541	0.004
3.800	7.935	0.534	0.004
3.239	7.391	0.527	0.004
2.743	6.704	0.522	0.004
2.454	6.101	0.516	0.004
2.330	5.767	0.511	0.004
2.321	5.654	0.506	0.004
2.288	5.481	0.502	0.004
2.212	5.048	0.498	0.004
2.129	4.454	0.494	0.004
2.098	4.002	0.491	0.003
2.109	3.890	0.487	0.003
2.114	4.026	0.485	0.003
2.146	4.128	0.482	0.003
2.216	4.011	0.480	0.003
2.304	3.768	0.478	0.003
2.364	3.605	0.476	0.003
2.392	3.620	0.475	0.003
2.405	3.737	0.474	0.003
2.436	3.825	0.473	0.003
2.502	3.823	0.472	0.003
2.556	3.750	0.470	0.003
2.573	3.650	0.468	0.003
2.556	3.568	0.465	0.003
2.616	3.524	0.463	0.003
2.662	3.502	0.460	0.003
2.600	3.463	0.458	0.003
2.408	3.368	0.456	0.003
2.205	3.214	0.455	0.003
2.129	3.024	0.454	0.003
2.210	2.824	0.453	0.003
2.319	2.643	0.453	0.003
2.329	2.549	0.452	0.003
2.225	2.617	0.452	0.003
2.068	2.837	0.452	0.003
1.998	3.056	0.453	0.003
2.043	3.070	0.454	0.003
2.200	2.813	0.457	0.003
2.356	2.431	0.460	0.003
2.489	2.126	0.464	0.002
2.613	1.964	0.470	0.002
2.732	1.859	0.478	0.002
2.882	1.714	0.488	0.002
3.054	1.530	0.500	0.002
3.235	1.365	0.514	0.002
3.354	1.235	0.529	0.002
3.378	1.103	0.546	0.002
3.419	0.946	0.564	0.002
3.705	0.795	0.582	0.002
4.189	0.692	0.600	0.002
4.668	0.639	0.616	0.001
4.976	0.602	0.632	0.001
5.084	0.570	0.646	0.001
5.130	0.573	0.658	0.001
5.337	0.664	0.668	0.001
5.490	0.871	0.675	0.001
5.288	1.176	0.679	0.001
4.734	1.526	0.679	0.002
4.181	1.851	0.677	0.002
3.958	2.065	0.672	0.002
4.032	2.106	0.666	0.002
4.081	1.976	0.657	0.002
3.860	1.759	0.647	0.002
3.449	1.601	0.637	0.002
3.110	1.632	0.626	0.002
2.980	1.872	0.616	0.002
2.951	2.175	0.606	0.002
2.849	2.326	0.597	0.002
2.647	2.222	0.588	0.002
2.434	1.954	0.579	0.002
2.298	1.707	0.571	0.002
2.215	1.573	0.562	0.002
2.133	1.488	0.553	0.002
2.029	1.345	0.544	0.002
1.984	1.123	0.535	0.002
2.046	0.894	0.526	0.002
2.247	0.733	0.518	0.002
2.688	0.654	0.510	0.002
3.610	0.622	0.502	0.001
5.423	0.604	0.493	0.001
8.361	0.589	0.485	0.001
12.570	0.571	0.476	0.001
17.752	0.553	0.466	0.001
22.931	0.551	0.455	0.001
26.676	0.591	0.443	0.001
27.419	0.697	0.430	0.001
24.914	0.890	0.418	0.001
20.379	1.190	0.406	0.001
15.420	1.617	0.394	0.002
11.133	2.137	0.382	0.002
7.746	2.607	0.371	0.002
5.102	2.821	0.360	0.002
3.173	2.670	0.350	0.002
2.135	2.245	0.340	0.002
1.798	1.772	0.330	0.002
1.750	1.426	0.321	0.002
1.613	1.216	0.312	0.002
1.361	1.048	0.304	0.002
1.199	0.864	0.295	0.002
1.250	0.699	0.286	0.002
1.376	0.616	0.276	0.002
1.385	0.614	0.266	0.001
1.280	0.636	0.257	0.001
1.172	0.628	0.248	0.001
1.147	0.591	0.239	0.001
1.178	0.560	0.230	0.001
1.186	0.549	0.221	0.001
1.151	0.546	0.213	0.001
1.143	0.536	0.206	0.001
1.192	0.522	0.200	0.001
1.240	0.517	0.194	0.001
1.228	0.523	0.189	0.001
1.176	0.530	0.185	0.001
1.160	0.530	0.183	0.001
1.214	0.528	0.181	0.001
1.288	0.529	0.180	0.001
1.342	0.535	0.180	0.001
1.367	0.535	0.180	0.001
1.400	0.515	0.181	0.001
1.455	0.471	0.184	0.001
1.478	0.412	0.187	0.001
1.429	0.364	0.192	0.001
1.340	0.353	0.199	0.001
1.287	0.386	0.207	0.001
1.300	0.443	0.216	0.001
1.344	0.485	0.226	0.001
1.357	0.491	0.236	0.001
1.311	0.474	0.248	0.001
1.248	0.458	0.261	0.001
1.214	0.437	0.275	0.001
1.191	0.387	0.289	0.001
1.158	0.294	0.304	0.001
1.088	0.190	0.321	0.001
1.011	0.125	0.339	0.001
0.966	0.120	0.359	0.001
0.962	0.148	0.377	0.001
0.969	0.167	0.396	0.001
0.969	0.163	0.414	0.001
0.955	0.156	0.432	0.001
0.935	0.167	0.451	0.001
0.914	0.186	0.470	0.001
0.907	0.185	0.486	0.001
0.914	0.159	0.500	0.001
0.931	0.130	0.512	0.001
0.950	0.125	0.521	0.001
0.980	0.147	0.526	0.001
1.030	0.174	0.529	0.001
1.093	0.189	0.529	0.001
1.187	0.190	0.528	0.001
1.269	0.187	0.524	0.001
1.309	0.182	0.518	0.001
1.300	0.173	0.511	0.001
1.275	0.158	0.503	0.001
1.264	0.145	0.494	0.001
1.265	0.136	0.485	0.001
1.250	0.130	0.477	0.001
1.198	0.122	0.470	0.001
1.129	0.110	0.464	0.001
1.065	0.100	0.461	0.001
1.013	0.096	0.462	0.001
0.974	0.098	0.469	0.001
0.930	0.100	0.480	0.001
0.875	0.099	0.495	0.000
0.828	0.094	0.512	0.000
0.806	0.088	0.531	0.000
0.805	0.083	0.551	0.000
0.804	0.077	0.570	0.000
0.785	0.072	0.588	0.000
0.756	0.067	0.604	0.000
0.737	0.064	0.618	0.000
0.734	0.064	0.633	0.000
0.735	0.065	0.649	0.000
0.740	0.066	0.668	0.000
0.745	0.065	0.688	0.000
0.754	0.062	0.706	0.000
0.766	0.058	0.720	0.000
0.775	0.056	0.730	0.000
0.777	0.058	0.736	0.000
0.780	0.064	0.740	0.000
0.783	0.070	0.743	0.000
0.780	0.076	0.746	0.000
0.757	0.082	0.749	0.000
0.710	0.090	0.751	0.000
0.661	0.101	0.751	0.000
0.628	0.115	0.750	0.000
0.616	0.127	0.748	0.001
0.653	0.139	0.749	0.001
0.702	0.153	0.752	0.001
0.735	0.169	0.756	0.001
0.790	0.178	0.760	0.001
0.852	0.173	0.763	0.001
0.889	0.160	0.764	0.001
0.896	0.151	0.765	0.001
0.890	0.157	0.767	0.001
0.900	0.173	0.769	0.001
0.926	0.187	0.773	0.001
0.946	0.198	0.778	0.001
0.944	0.214	0.785	0.001
0.932	0.234	0.794	0.001
0.927	0.251	0.803	0.001
0.935	0.278	0.811	0.001
0.932	0.315	0.819	0.001
0.911	0.337	0.827	0.001
0.884	0.323	0.836	0.001
0.866	0.292	0.845	0.001
0.861	0.311	0.852	0.001
0.850	0.435	0.859	0.001
0.823	0.609	0.866	0.001
0.790	0.724	0.872	0.001
0.773	0.718	0.878	0.001
0.780	0.632	0.883	0.001
0.790	0.553	0.887	0.001
0.785	0.535	0.891	0.001
0.768	0.556	0.895	0.001
0.748	0.572	0.899	0.001
0.738	0.576	0.902	0.001
0.744	0.587	0.906	0.001
0.756	0.610	0.909	0.001
0.762	0.624	0.911	0.001
0.761	0.619	0.914	0.001
0.751	0.613	0.915	0.001
0.733	0.626	0.917	0.001
0.716	0.643	0.919	0.001
0.710	0.626	0.920	0.001
0.713	0.567	0.921	0.001
0.697	0.510	0.923	0.001
0.651	0.495	0.925	0.001
0.589	0.514	0.927	0.001
0.540	0.518	0.930	0.001
0.523	0.482	0.932	0.001
0.513	0.429	0.934	0.001
0.487	0.402	0.935	0.001
0.448	0.405	0.936	0.001
0.426	0.401	0.937	0.001
0.442	0.355	0.937	0.001
0.475	0.279	0.937	0.001
0.506	0.215	0.936	0.001
0.522	0.189	0.935	0.001
0.536	0.193	0.934	0.001
0.562	0.196	0.933	0.001
0.582	0.187	0.932	0.001
0.582	0.177	0.930	0.001
0.549	0.184	0.927	0.001
0.508	0.216	0.924	0.001
0.491	0.261	0.920	0.001
0.520	0.305	0.917	0.001
0.584	0.337	0.912	0.001
0.642	0.361	0.907	0.001
0.667	0.384	0.901	0.001
0.660	0.404	0.896	0.001
0.643	0.416	0.891	0.001
0.637	0.411	0.886	0.001
0.667	0.394	0.881	0.001
0.706	0.380	0.875	0.001
0.707	0.388	0.869	0.001
0.663	0.422	0.863	0.001
0.615	0.471	0.858	0.001
0.627	0.511	0.853	0.001
0.742	0.534	0.847	0.001
0.939	0.558	0.841	0.001
1.202	0.602	0.835	0.001
1.682	0.674	0.828	0.001
2.600	0.761	0.820	0.001
4.271	0.853	0.810	0.001
7.172	0.949	0.796	0.001
11.566	1.027	0.780	0.001
16.998	1.003	0.762	0.001
22.570	0.920	0.749	0.001
27.076	0.767	0.742	0.001
29.879	0.665	0.742	0.001
30.799	0.717	0.745	0.001
30.311	0.905	0.747	0.001
28.867	1.130	0.749	0.001
26.692	1.345	0.749	0.001
24.480	1.586	0.749	0.002
22.119	1.909	0.750	0.002
19.556	2.335	0.750	0.002
17.061	2.857	0.749	0.002
15.045	3.489	0.750	0.002
13.919	4.274	0.751	0.003
13.577	5.203	0.753	0.003
13.433	6.174	0.754	0.003
12.861	7.080	0.754	0.004
11.837	7.896	0.755	0.004
10.874	8.653	0.756	0.004
10.376	9.231	0.757	0.004
10.198	9.512	0.758	0.004
9.951	9.573	0.758	0.005
9.386	9.649	0.759	0.005
8.685	9.949	0.759	0.005
8.206	10.477	0.760	0.005
8.026	11.021	0.761	0.005
7.908	11.412	0.762	0.005
7.752	11.694	0.762	0.005
7.428	11.965	0.763	0.005
6.973	12.201	0.764	0.005
6.482	12.253	0.766	0.005
6.042	12.044	0.767	0.005
5.626	11.683	0.769	0.005
5.261	11.373	0.771	0.005
4.967	11.190	0.773	0.005
4.741	11.047	0.775	0.005
4.583	10.810	0.777	0.005
4.398	10.457	0.779	0.005
4.116	10.115	0.782	0.005
3.784	9.942	0.784	0.005
3.507	9.992	0.786	0.005
3.329	10.132	0.788	0.005
3.280	10.161	0.791	0.005
3.205	9.993	0.793	0.005
3.011	9.724	0.795	0.005
2.713	9.498	0.798	0.005
2.428	9.330	0.800	0.005
2.232	9.104	0.803	0.005
2.133	8.787	0.805	0.005
2.071	8.509	0.808	0.005
2.053	8.415	0.811	0.005
1.995	8.471	0.813	0.005
1.896	8.512	0.816	0.005
1.810	8.433	0.819	0.005
1.779	8.346	0.822	0.005
1.809	8.484	0.825	0.005
1.883	8.965	0.828	0.005
1.958	9.674	0.830	0.005
2.029	10.376	0.833	0.005
2.127	10.923	0.835	0.005
2.249	11.366	0.837	0.005
2.374	11.789	0.839	0.005
2.465	12.117	0.841	0.005
2.521	12.173	0.842	0.005
2.548	11.942	0.843	0.005
2.585	11.660	0.843	0.005
2.634	11.585	0.844	0.005
2.686	11.732	0.844	0.005
2.695	11.888	0.844	0.005
2.695	11.856	0.844	0.005
2.719	11.668	0.843	0.005
2.796	11.496	0.843	0.005
2.906	11.488	0.843	0.005
2.928	11.667	0.842	0.005
2.888	11.938	0.841	0.005
2.861	12.100	0.840	0.005
2.924	11.935	0.839	0.005
3.054	11.373	0.839	0.005
3.154	10.591	0.838	0.005
3.134	9.826	0.837	0.005
3.055	9.145	0.836	0.005
3.020	8.419	0.835	0.005
3.065	7.591	0.834	0.005
3.184	6.870	0.832	0.005
3.219	6.542	0.831	0.004
3.093	6.614	0.831	0.004
2.922	6.788	0.830	0.004
2.858	6.794	0.829	0.004
2.960	6.677	0.829	0.004
3.239	6.684	0.828	0.004
3.546	6.932	0.828	0.004
3.729	7.279	0.828	0.004
3.816	7.543	0.828	0.004
3.833	7.687	0.827	0.004
3.790	7.784	0.827	0.004
3.700	7.848	0.827	0.004
3.589	7.826	0.827	0.004
3.634	7.726	0.828	0.004
3.794	7.669	0.830	0.004
3.924	7.748	0.832	0.004
3.928	7.893	0.836	0.004
3.847	7.907	0.840	0.004
3.768	7.674	0.845	0.004
3.756	7.268	0.847	0.004
3.807	6.891	0.849	0.004
3.814	6.693	0.848	0.004
3.692	6.663	0.847	0.004
3.525	6.670	0.844	0.004
3.430	6.605	0.841	0.004
3.389	6.476	0.837	0.004
3.357	6.348	0.834	0.004
3.335	6.277	0.830	0.004
3.348	6.221	0.826	0.004
3.400	6.075	0.823	0.004
3.446	5.754	0.819	0.004
3.420	5.385	0.815	0.004
3.349	5.153	0.812	0.004
3.296	5.135	0.808	0.004
3.302	5.201	0.805	0.004
3.345	5.143	0.803	0.004
3.389	4.887	0.801	0.004
3.428	4.615	0.799	0.003
3.467	4.485	0.797	0.003
3.507	4.492	0.796	0.003
3.552	4.531	0.796	0.003
3.612	4.575	0.796	0.003
3.689	4.703	0.796	0.003
3.785	4.956	0.797	0.003
3.897	5.202	0.799	0.003
3.987	5.213	0.800	0.003
4.069	4.957	0.802	0.003
4.179	4.611	0.804	0.003
4.256	4.353	0.807	0.003
4.290	4.226	0.810	0.003
4.241	4.112	0.814	0.003
4.040	3.856	0.818	0.003
3.780	3.427	0.822	0.003
3.703	2.884	0.827	0.003
3.851	2.396	0.832	0.003
3.962	2.165	0.837	0.003
3.785	2.182	0.842	0.003
3.459	2.232	0.847	0.002
3.316	2.146	0.852	0.002
3.603	1.838	0.857	0.002
4.016	1.450	0.861	0.002
4.140	1.216	0.865	0.002
3.919	1.273	0.869	0.002
3.656	1.699	0.873	0.002
3.687	2.083	0.875	0.002
4.013	2.170	0.877	0.002
4.330	1.930	0.878	0.002
4.311	1.631	0.879	0.002
4.099	1.484	0.880	0.002
4.145	1.505	0.879	0.002
4.645	1.438	0.877	0.002
5.389	1.101	0.874	0.002
5.970	0.626	0.872	0.002
6.139	0.359	0.870	0.002
5.987	0.544	0.868	0.002
5.864	1.061	0.865	0.001
5.997	1.486	0.863	0.002
6.316	1.548	0.860	0.002
6.617	1.350	0.858	0.002
6.735	1.157	0.857	0.002
6.666	1.098	0.855	0.002
6.508	1.150	0.853	0.002
6.233	1.146	0.852	0.002
5.812	1.070	0.851	0.002
5.265	1.051	0.850	0.002
4.734	1.148	0.849	0.002
4.279	1.279	0.847	0.002
3.950	1.317	0.846	0.002
3.605	1.224	0.845	0.002
3.234	1.078	0.845	0.002
2.849	0.969	0.845	0.002
2.534	0.924	0.845	0.002
2.297	0.921	0.846	0.002
2.113	0.931	0.848	0.002
1.961	0.932	0.850	0.002
1.833	0.913	0.852	0.001
1.722	0.884	0.854	0.001
1.653	0.889	0.856	0.002
1.650	0.987	0.858	0.002
1.695	1.204	0.860	0.002
1.783	1.500	0.861	0.002
1.929	1.788	0.860	0.002
2.159	2.014	0.858	0.002
2.437	2.216	0.855	0.002
2.719	2.481	0.851	0.002
2.981	2.867	0.846	0.002
3.248	3.344	0.840	0.003
3.520	3.839	0.833	0.003
3.772	4.384	0.826	0.003
3.973	5.113	0.818	0.003
4.140	6.052	0.809	0.003
4.283	7.000	0.800	0.004
4.427	7.689	0.790	0.004
4.550	8.055	0.780	0.004
4.691	8.334	0.770	0.004
4.810	8.851	0.760	0.004
4.883	9.651	0.750	0.005
4.977	10.567	0.743	0.005
5.063	10.891	0.736	0.005
5.073	10.341	0.731	0.005
5.007	9.526	0.726	0.005
4.965	9.301	0.721	0.005
5.017	9.936	0.716	0.005
5.190	10.986	0.710	0.005
5.351	11.380	0.704	0.005
5.508	10.935	0.698	0.005
5.606	10.426	0.692	0.005
5.647	10.765	0.686	0.005
5.733	12.430	0.680	0.005
6.050	15.058	0.674	0.006
6.627	17.748	0.668	0.006
7.285	19.997	0.663	0.006
7.968	21.884	0.658	0.006
8.546	23.648	0.654	0.007
9.008	25.340	0.650	0.007
9.438	26.793	0.648	0.007
9.873	27.801	0.646	0.008
10.210	28.390	0.645	0.008
10.425	28.823	0.644	0.008
10.565	29.433	0.644	0.008
10.698	30.441	0.644	0.008
10.934	31.811	0.645	0.008
11.213	33.208	0.647	0.009
11.440	34.146	0.649	0.009
11.675	34.865	0.652	0.009
11.921	36.332	0.655	0.009
12.146	39.148	0.659	0.009
12.274	42.514	0.664	0.010
12.217	44.596	0.669	0.010
12.065	44.314	0.675	0.010
11.996	42.763	0.681	0.010
12.034	41.863	0.688	0.010
12.082	42.406	0.695	0.010
12.066	43.478	0.703	0.010
11.999	43.743	0.711	0.010
11.940	42.935	0.718	0.010
11.787	73.512	0.726	0.015
11.472	137.778	0.733	0.031
11.030	289.230	0.740	0.056
10.660	494.047	0.746	0.084
10.529	664.681	0.753	0.106
10.611	728.397	0.758	0.117
10.720	697.235	0.764	0.120
10.791	520.087	0.770	0.118
10.941	254.355	0.777	0.112
11.291	17.336	0.784	0.100
12.590	-90.686	0.789	0.080
17.098	-67.862	0.793	0.057
23.986	150.551	0.793	0.042
30.380	480.529	0.789	0.047
33.955	764.454	0.782	0.072
34.532	882.847	0.772	0.103
33.816	847.663	0.762	0.126
33.813	724.015	0.752	0.135
34.665	725.980	0.742	0.134
35.321	704.401	0.732	0.130
35.086	527.439	0.722	0.122
34.683	220.724	0.713	0.105
34.530	-16.866	0.706	0.079
34.202	-45.234	0.700	0.047
32.950	86.018	0.695	0.021
31.038	191.720	0.691	0.009
29.003	163.951	0.687	0.010
27.308	70.181	0.684	0.015
25.721	35.299	0.682	0.018
23.766	83.476	0.680	0.016
21.533	133.164	0.679	0.014
19.550	117.775	0.679	0.014
18.065	62.544	0.679	0.015
16.815	34.879	0.679	0.015
15.414	54.999	0.678	0.014
13.734	81.857	0.677	0.012
12.072	75.523	0.675	0.012
10.811	44.532	0.675	0.012
9.967	25.177	0.674	0.012
9.238	31.966	0.673	0.011
8.441	45.048	0.672	0.010
7.600	41.774	0.671	0.009
6.848	24.913	0.670	0.009
6.263	14.069	0.669	0.009
5.832	18.492	0.668	0.009
5.487	27.823	0.666	0.008
5.176	28.355	0.665	0.007
4.875	19.846	0.664	0.007
4.591	12.861	0.664	0.007
4.319	13.872	0.663	0.007
4.056	18.544	0.663	0.007
3.792	19.403	0.662	0.006
3.518	15.477	0.662	0.006
3.253	11.902	0.662	0.006
3.061	12.272	0.662	0.006
2.913	14.526	0.662	0.006
2.755	14.667	0.662	0.006
2.562	12.115	0.663	0.006
2.365	9.801	0.664	0.006
2.216	9.958	0.665	0.005
2.129	11.509	0.666	0.005
2.078	11.957	0.668	0.005
2.028	10.603	0.670	0.005
1.941	8.979	0.673	0.005
1.835	8.533	0.676	0.005
1.739	8.922	0.678	0.005
1.671	8.815	0.680	0.005
1.605	7.734	0.683	0.005
1.532	6.494	0.685	0.004
1.441	5.992	0.687	0.004
1.330	6.127	0.689	0.004
1.214	6.123	0.691	0.004
1.119	5.575	0.693	0.004
1.063	4.830	0.695	0.004
1.036	4.419	0.697	0.004
1.019	4.404	0.699	0.004
0.996	4.418	0.701	0.003
0.963	4.204	0.703	0.003
0.922	3.891	0.705	0.003
0.880	3.751	0.707	0.003
0.844	3.842	0.710	0.003
0.810	3.977	0.712	0.003
0.783	3.974	0.714	0.003
0.758	3.849	0.716	0.003
0.753	3.760	0.718	0.003
0.757	3.762	0.721	0.003
0.755	3.751	0.723	0.003
0.730	3.619	0.725	0.003
0.692	3.409	0.727	0.003
0.658	3.269	0.730	0.003
0.647	3.283	0.733	0.003
0.660	3.371	0.736	0.003
0.673	3.412	0.739	0.003
0.672	3.377	0.743	0.003
0.654	3.351	0.747	0.003
0.630	3.372	0.751	0.003
0.619	3.412	0.756	0.003
0.623	3.421	0.761	0.003
0.635	3.409	0.766	0.003
0.640	3.409	0.772	0.003
0.642	3.384	0.777	0.003
0.645	3.214	0.783	0.003
0.643	2.871	0.789	0.003
0.649	2.475	0.795	0.003
0.643	2.214	0.801	0.003
0.613	2.135	0.807	0.003
0.565	2.099	0.813	0.002
0.520	1.954	0.819	0.002
0.490	1.684	0.826	0.002
0.475	1.398	0.832	0.002
0.467	1.199	0.838	0.002
0.461	1.093	0.843	0.002
0.462	1.032	0.846	0.002
0.474	0.989	0.849	0.002
0.484	0.965	0.850	0.002
0.488	0.960	0.851	0.002
0.484	0.945	0.851	0.002
0.487	0.884	0.851	0.002
0.498	0.782	0.851	0.001
0.512	0.690	0.850	0.001
0.528	0.656	0.847	0.001
0.552	0.694	0.844	0.001
0.586	0.805	0.839	0.001
0.630	0.983	0.834	0.001
0.680	1.182	0.829	0.001
0.741	1.307	0.822	0.002
0.800	1.283	0.814	0.002
0.849	1.153	0.806	0.002
0.886	1.050	0.797	0.002
0.928	1.074	0.788	0.002
0.998	1.209	0.777	0.002
1.088	1.379	0.765	0.002
1.179	1.523	0.753	0.002
1.255	1.625	0.739	0.002
1.306	1.694	0.725	0.002
1.335	1.738	0.710	0.002
1.359	1.770	0.694	0.002
1.376	1.819	0.678	0.002
1.373	1.889	0.662	0.002
1.342	1.951	0.647	0.002
1.292	1.965	0.632	0.002
1.241	1.932	0.618	0.002
1.201	1.896	0.606	0.002
1.187	1.908	0.594	0.002
1.180	1.982	0.583	0.002
1.143	2.086	0.573	0.002
1.067	2.176	0.565	0.002
0.980	2.220	0.560	0.002
0.897	2.202	0.556	0.002
0.835	2.147	0.554	0.002
0.788	2.113	0.554	0.002
0.769	2.134	0.555	0.002
0.752	2.183	0.557	0.002
0.748	2.197	0.560	0.002
0.760	2.149	0.564	0.002
0.785	2.083	0.569	0.002
0.789	2.062	0.573	0.002
0.767	2.112	0.578	0.002
0.737	2.213	0.583	0.002
0.716	2.334	0.588	0.002
0.699	2.454	0.594	0.002
0.667	2.556	0.602	0.002
0.633	2.640	0.610	0.002
0.696	2.725	0.620	0.002
1.016	2.841	0.629	0.003
1.731	2.988	0.638	0.003
2.768	3.103	0.648	0.003
4.063	3.126	0.657	0.003
5.726	3.100	0.667	0.003
7.982	3.163	0.677	0.003
10.949	3.434	0.687	0.003
14.574	3.843	0.696	0.003
18.545	4.122	0.705	0.003
22.291	4.037	0.714	0.003
25.067	3.606	0.722	0.003
26.185	3.096	0.730	0.003
25.474	2.766	0.738	0.003
23.525	2.678	0.745	0.003
21.533	2.742	0.752	0.003
20.440	2.904	0.758	0.003
20.208	3.149	0.763	0.003
19.908	3.335	0.768	0.003
18.528	3.259	0.773	0.003
15.814	2.839	0.777	0.003
12.352	2.243	0.779	0.003
9.059	1.762	0.781	0.002
6.570	1.626	0.781	0.002
5.095	1.850	0.778	0.002
4.652	2.136	0.769	0.002
5.247	2.144	0.750	0.002
6.879	1.811	0.720	0.002
9.569	1.438	0.679	0.002
12.881	1.472	0.630	0.002
16.311	2.119	0.576	0.002
19.440	3.151	0.521	0.002
22.073	4.172	0.471	0.003
24.254	4.918	0.432	0.003
25.781	5.366	0.406	0.003
26.305	5.634	0.396	0.003
25.598	5.832	0.398	0.003
23.779	5.955	0.409	0.004
21.339	5.887	0.424	0.004
18.782	5.504	0.441	0.004
16.397	4.825	0.457	0.004
14.365	4.042	0.473	0.003
12.836	3.362	0.486	0.003
11.837	2.889	0.499	0.003
11.202	2.727	0.510	0.003
10.638	2.976	0.520	0.003
9.944	3.468	0.530	0.003
9.082	3.751	0.538	0.003
8.220	3.487	0.545	0.003
7.478	2.854	0.551	0.003
6.845	2.423	0.556	0.003
6.284	2.538	0.560	0.003
5.860	2.960	0.563	0.003
5.503	3.193	0.565	0.003
5.164	3.051	0.566	0.003
4.837	2.776	0.566	0.003
4.593	2.674	0.565	0.003
4.531	2.785	0.563	0.003
4.714	3.005	0.560	0.003
5.090	3.373	0.554	0.003
5.548	4.049	0.546	0.003
6.031	5.090	0.534	0.003
6.532	6.366	0.521	0.003
7.056	7.778	0.505	0.004
7.587	9.425	0.489	0.004
8.140	11.449	0.471	0.004
8.745	13.775	0.452	0.005
9.355	15.945	0.431	0.005
10.047	17.450	0.410	0.006
10.712	18.172	0.387	0.006
11.256	18.501	0.363	0.006
11.649	19.007	0.338	0.006
11.924	19.943	0.314	0.007
12.060	21.080	0.289	0.007
12.076	22.169	0.265	0.007
11.977	23.246	0.242	0.007
11.832	24.493	0.219	0.007
11.742	25.836	0.198	0.007
11.822	26.862	0.177	0.008
12.119	27.246	0.159	0.008
12.578	27.171	0.142	0.008
13.014	27.056	0.128	0.008
13.285	27.154	0.118	0.008
13.412	27.404	0.113	0.008
13.618	27.802	0.113	0.008
13.965	28.575	0.118	0.008
14.303	30.102	0.126	0.008
14.470	32.274	0.138	0.008
14.484	34.401	0.151	0.009
14.455	35.738	0.165	0.009
14.420	36.077	0.179	0.009
14.273	35.844	0.194	0.009
14.096	35.616	0.208	0.009
13.999	35.530	0.223	0.009
14.113	35.319	0.238	0.009
14.289	34.719	0.254	0.009
14.234	33.681	0.269	0.009
13.792	32.380	0.283	0.009
13.105	30.943	0.296	0.009
12.435	29.290	0.309	0.009
11.915	27.221	0.321	0.009
11.429	24.775	0.333	0.008
10.837	22.351	0.344	0.008
10.131	20.492	0.355	0.008
9.406	19.421	0.365	0.007
8.646	18.897	0.374	0.007
7.958	18.455	0.383	0.007
7.404	17.832	0.390	0.007
7.020	17.159	0.397	0.007
6.694	16.774	0.404	0.007
6.352	16.833	0.410	0.007
5.962	17.155	0.415	0.006
5.644	17.404	0.419	0.006
5.503	17.374	0.423	0.006
5.475	17.122	0.427	0.006
5.384	16.788	0.430	0.006
5.173	16.408	0.433	0.006
4.943	15.912	0.436	0.006
4.802	15.282	0.438	0.006
4.731	14.578	0.441	0.006
4.613	13.885	0.443	0.006
4.400	13.234	0.446	0.006
4.139	12.635	0.449	0.006
3.921	12.092	0.452	0.006
3.772	11.581	0.455	0.006
3.612	11.001	0.461	0.005
3.455	10.304	0.468	0.005
3.277	9.571	0.477	0.005
3.091	8.965	0.489	0.005
2.909	8.556	0.503	0.005
2.768	8.272	0.520	0.005
2.703	7.997	0.539	0.005
2.715	7.688	0.560	0.005
2.725	7.378	0.583	0.004
2.670	7.106	0.607	0.004
2.581	6.846	0.631	0.004
2.509	6.560	0.655	0.004
2.439	6.235	0.677	0.004
2.412	5.891	0.697	0.004
2.362	5.554	0.715	0.004
2.247	5.237	0.731	0.004
2.085	4.951	0.744	0.004
1.930	4.720	0.757	0.004
1.855	4.600	0.768	0.004
1.845	4.650	0.779	0.003
1.844	4.831	0.790	0.003
1.824	5.001	0.800	0.003
1.794	5.013	0.809	0.003
1.779	4.848	0.817	0.003
1.785	4.643	0.824	0.003
1.795	4.500	0.831	0.003
1.791	4.425	0.836	0.003
1.787	4.381	0.839	0.003
1.794	4.365	0.841	0.003
1.795	4.376	0.842	0.003
1.784	4.345	0.841	0.003
1.765	4.170	0.840	0.003
1.744	3.864	0.838	0.003
1.715	3.569	0.835	0.003
1.639	3.419	0.831	0.003
1.533	3.399	0.828	0.003
1.474	3.378	0.824	0.003
1.532	3.271	0.821	0.003
1.719	3.123	0.818	0.003
1.981	3.018	0.815	0.003
2.236	2.971	0.812	0.003
2.490	2.938	0.809	0.003
2.745	2.916	0.806	0.003
3.017	2.970	0.803	0.003
3.314	3.123	0.800	0.003
3.636	3.301	0.797	0.003
3.969	3.402	0.795	0.003
4.321	3.419	0.792	0.003
4.679	3.468	0.789	0.003
5.096	3.654	0.785	0.003
5.527	3.955	0.781	0.003
5.943	4.237	0.776	0.003
6.350	4.395	0.771	0.003
6.754	4.466	0.765	0.003
7.149	4.577	0.759	0.003
7.553	4.796	0.753	0.003
7.930	5.079	0.746	0.003
8.361	5.330	0.738	0.003
8.882	5.533	0.730	0.004
9.475	5.723	0.721	0.004
9.992	5.899	0.712	0.004
10.374	6.024	0.702	0.004
10.638	6.132	0.693	0.004
10.944	6.337	0.684	0.004
11.386	6.739	0.675	0.004
11.957	7.275	0.665	0.004
12.498	7.779	0.656	0.004
12.930	8.135	0.647	0.004
13.369	8.407	0.637	0.004
13.921	8.767	0.628	0.004
14.622	9.283	0.620	0.005
15.381	9.851	0.613	0.005
16.074	10.246	0.608	0.005
16.603	10.276	0.603	0.005
17.139	9.937	0.599	0.005
17.698	9.438	0.596	0.005
18.101	9.122	0.594	0.005
18.240	9.159	0.592	0.005
17.847	9.467	0.591	0.005
17.322	9.704	0.591	0.005
17.133	9.487	0.589	0.005
17.535	8.814	0.589	0.005
18.075	8.281	0.589	0.005
18.232	8.605	0.590	0.005
17.859	9.834	0.592	0.005
17.528	10.969	0.593	0.005
17.501	10.930	0.593	0.005
17.480	9.826	0.594	0.005
17.199	8.848	0.595	0.005
16.660	8.982	0.597	0.005
16.155	10.056	0.598	0.005
15.986	11.066	0.600	0.005
16.015	11.400	0.601	0.005
15.761	11.442	0.603	0.005
15.067	11.910	0.606	0.005
14.370	12.926	0.609	0.005
14.001	13.985	0.611	0.005
13.757	14.680	0.614	0.006
13.303	15.028	0.616	0.006
12.706	15.302	0.618	0.006
12.477	15.721	0.620	0.006
12.922	16.401	0.623	0.006
13.782	17.477	0.625	0.006
14.634	18.786	0.627	0.006
15.133	19.781	0.630	0.007
15.413	20.075	0.632	0.007
15.663	19.943	0.634	0.007
15.944	19.935	0.637	0.007
16.197	20.213	0.640	0.007
16.401	20.339	0.643	0.007
16.569	19.983	0.646	0.007
17.186	19.547	0.648	0.007
17.845	19.724	0.651	0.007
18.180	20.718	0.653	0.007
17.850	21.991	0.656	0.007
17.533	22.775	0.658	0.007
17.578	22.827	0.659	0.007
17.935	22.513	0.660	0.007
18.075	22.258	0.661	0.007
17.887	22.237	0.662	0.007
17.767	22.272	0.663	0.007
17.910	22.167	0.663	0.007
18.148	21.958	0.663	0.007
17.812	21.797	0.663	0.007
16.996	21.805	0.663	0.007
16.393	22.015	0.663	0.007
16.640	22.325	0.663	0.007
17.481	22.667	0.662	0.007
18.210	23.097	0.660	0.007
18.503	23.707	0.659	0.007
18.653	24.431	0.658	0.008
19.022	25.006	0.656	0.008
19.668	25.198	0.655	0.008
20.129	25.078	0.653	0.008
19.985	24.971	0.650	0.008
19.461	25.156	0.648	0.008
19.327	25.643	0.645	0.008
19.869	26.245	0.642	0.008
20.738	26.766	0.639	0.008
21.368	27.163	0.636	0.008
21.498	27.504	0.633	0.008
21.434	27.851	0.631	0.008
21.500	28.130	0.628	0.008
21.701	28.131	0.626	0.008
22.052	27.852	0.624	0.008
22.505	27.302	0.622	0.008
23.203	26.405	0.620	0.008
23.994	25.187	0.618	0.008
24.035	23.755	0.618	0.008
22.996	22.213	0.617	0.008
21.411	20.602	0.617	0.007
20.167	19.015	0.617	0.007
20.247	17.807	0.618	0.007
20.701	17.408	0.619	0.007
20.436	17.767	0.621	0.007
19.317	18.178	0.623	0.007
18.180	17.780	0.625	0.007
17.694	16.526	0.627	0.006
17.675	14.991	0.629	0.006
17.822	13.801	0.632	0.006
17.638	13.143	0.634	0.006
17.118	12.789	0.636	0.006
16.774	12.375	0.638	0.006
16.576	11.720	0.640	0.006
16.279	10.792	0.642	0.005
15.817	9.782	0.644	0.005
15.304	8.936	0.645	0.005
14.879	8.374	0.647	0.005
14.550	8.015	0.649	0.005
14.222	7.752	0.652	0.005
13.902	7.545	0.654	0.005
13.672	7.436	0.656	0.004
13.991	7.447	0.658	0.004
14.437	7.484	0.660	0.004
14.384	7.415	0.662	0.004
13.593	7.223	0.664	0.004
12.651	7.006	0.666	0.004
12.181	6.887	0.668	0.004
12.262	6.902	0.670	0.004
12.322	6.993	0.671	0.004
11.840	7.059	0.672	0.004
11.126	7.040	0.674	0.004
10.492	6.950	0.675	0.004
10.092	6.855	0.677	0.004
9.670	6.802	0.679	0.004
9.101	6.784	0.680	0.004
8.526	6.753	0.682	0.004
8.197	6.678	0.683	0.004
8.078	6.551	0.684	0.004
7.876	6.378	0.686	0.004
7.410	6.187	0.687	0.004
6.889	6.016	0.688	0.004
6.461	5.868	0.689	0.004
6.302	5.691	0.691	0.004
6.116	5.434	0.693	0.004
5.680	5.118	0.694	0.004
4.943	4.862	0.695	0.004
4.336	4.758	0.696	0.004
4.165	4.781	0.697	0.004
4.327	4.815	0.698	0.003
4.426	4.784	0.699	0.003
4.296	4.708	0.700	0.003
4.265	4.684	0.701	0.003
4.234	4.757	0.702	0.003
4.206	4.863	0.704	0.003
3.979	4.920	0.706	0.003
3.542	4.901	0.707	0.003
3.094	4.836	0.709	0.003
2.844	4.791	0.711	0.003
2.774	4.802	0.714	0.003
2.729	4.768	0.716	0.003
2.603	4.586	0.719	0.003
2.472	4.293	0.722	0.003
2.410	4.116	0.725	0.003
2.426	4.175	0.728	0.003
2.454	4.394	0.731	0.003
2.461	4.550	0.734	0.003
2.478	4.534	0.736	0.003
2.547	4.435	0.738	0.003
2.615	4.399	0.740	0.003
2.616	4.475	0.741	0.003
2.531	4.594	0.742	0.003
2.419	4.663	0.743	0.003
2.343	4.642	0.744	0.003
2.307	4.555	0.745	0.003
2.232	4.456	0.745	0.003
2.125	4.370	0.745	0.003
2.087	4.283	0.745	0.003
2.188	4.192	0.745	0.003
2.317	4.115	0.744	0.003
2.336	4.077	0.742	0.003
2.216	4.076	0.741	0.003
2.061	4.067	0.739	0.003
1.988	3.998	0.737	0.003
2.010	3.853	0.734	0.003
2.054	3.666	0.731	0.003
2.059	3.493	0.727	0.003
2.065	3.363	0.724	0.003
2.140	3.272	0.719	0.003
2.268	3.194	0.714	0.003
2.377	3.119	0.709	0.003
2.423	3.044	0.703	0.003
2.424	2.961	0.696	0.003
2.408	2.835	0.690	0.003
2.362	2.632	0.683	0.003
2.277	2.361	0.676	0.003
2.143	2.076	0.669	0.002
2.004	1.847	0.663	0.002
1.914	1.712	0.656	0.002
1.885	1.668	0.649	0.002
1.890	1.692	0.643	0.002
1.888	1.763	0.636	0.002
1.883	1.868	0.630	0.002
1.907	1.994	0.624	0.002
1.976	2.146	0.619	0.002
2.061	2.345	0.613	0.002
2.181	2.608	0.607	0.002
2.544	2.919	0.601	0.002
3.544	3.239	0.595	0.003
5.676	3.554	0.590	0.003
8.740	3.933	0.584	0.003
11.585	4.527	0.579	0.003
13.032	5.430	0.573	0.003
12.892	6.544	0.568	0.003
12.142	7.535	0.562	0.004
11.820	8.090	0.556	0.004
12.099	8.376	0.550	0.004
12.449	9.143	0.546	0.004
12.420	11.051	0.544	0.005
12.121	13.957	0.543	0.005
12.000	17.029	0.544	0.005
12.267	19.593	0.545	0.006
12.708	21.939	0.547	0.006
13.020	25.105	0.550	0.007
13.157	29.660	0.554	0.007
13.291	34.892	0.559	0.008
13.464	39.193	0.564	0.008
13.623	41.252	0.570	0.009
13.658	40.891	0.577	0.009
13.567	39.021	0.585	0.009
13.360	36.942	0.593	0.009
13.062	35.596	0.602	0.010
12.676	35.216	0.611	0.009
12.214	35.236	0.621	0.009
11.698	34.872	0.631	0.009
11.197	33.758	0.640	0.009
10.766	32.177	0.650	0.009
10.350	30.661	0.660	0.009
9.902	29.440	0.669	0.009
9.353	28.302	0.679	0.009
8.642	26.996	0.688	0.008
7.838	25.650	0.697	0.008
7.103	24.674	0.706	0.008
6.510	24.280	0.715	0.008
6.055	24.231	0.723	0.008
5.717	24.094	0.731	0.008
5.441	23.723	0.738	0.008
5.145	23.348	0.745	0.008
4.827	23.191	0.751	0.008
4.532	23.125	0.757	0.008
4.292	22.823	0.763	0.007
4.092	22.222	0.769	0.007
3.994	21.659	0.776	0.007
3.877	21.428	0.782	0.007
3.778	21.411	0.788	0.007
3.663	21.163	0.793	0.007
3.545	20.388	0.798	0.007
3.357	19.224	0.803	0.007
3.091	18.028	0.807	0.007
2.811	17.036	0.812	0.007
2.577	16.232	0.817	0.007
2.413	15.463	0.821	0.006
2.271	14.639	0.825	0.006
2.122	13.802	0.829	0.006
2.087	13.049	0.832	0.006
2.107	12.436	0.836	0.006
2.069	11.934	0.840	0.006
1.845	11.448	0.843	0.006
1.644	10.878	0.846	0.005
1.555	10.192	0.849	0.005
1.565	9.450	0.853	0.005
1.540	8.759	0.856	0.005
1.401	8.186	0.859	0.005
1.218	7.703	0.862	0.005
1.121	7.237	0.866	0.004
1.134	6.767	0.870	0.004
1.140	6.341	0.874	0.004
1.069	6.020	0.878	0.004
0.955	5.790	0.880	0.004
0.909	5.552	0.883	0.004
0.960	5.251	0.885	0.004
1.038	4.960	0.888	0.004
1.058	4.808	0.891	0.004
1.017	4.829	0.893	0.004
0.979	4.899	0.894	0.003
0.994	4.853	0.896	0.003
1.037	4.655	0.897	0.003
1.045	4.406	0.899	0.003
0.986	4.209	0.900	0.003
0.893	4.075	0.902	0.003
0.835	3.940	0.903	0.003
0.837	3.763	0.904	0.003
0.875	3.558	0.905	0.003
0.906	3.352	0.905	0.003
0.916	3.139	0.904	0.003
0.932	2.915	0.903	0.003
0.966	2.705	0.902	0.003
1.011	2.548	0.900	0.003
1.036	2.436	0.898	0.003
1.035	2.318	0.896	0.003
1.036	2.166	0.894	0.002
1.061	2.018	0.891	0.002
1.099	1.932	0.888	0.002
1.124	1.919	0.885	0.002
1.149	1.952	0.881	0.002
1.198	2.010	0.877	0.002
1.290	2.042	0.872	0.002
1.381	2.058	0.867	0.002
1.420	2.048	0.863	0.002
1.395	2.001	0.858	0.002
1.347	1.935	0.855	0.002
1.317	1.866	0.852	0.002
1.310	1.817	0.849	0.002
1.309	1.798	0.847	0.002
1.304	1.798	0.844	0.002
1.297	1.788	0.841	0.002
1.295	1.757	0.836	0.002
1.303	1.732	0.831	0.002
1.323	1.776	0.825	0.002
1.388	1.894	0.819	0.002
1.459	2.035	0.812	0.002
1.516	2.171	0.805	0.002
1.570	2.345	0.798	0.002
1.659	2.615	0.790	0.002
1.805	2.947	0.781	0.002
2.013	3.233	0.772	0.003
2.265	3.417	0.762	0.003
2.552	3.629	0.752	0.003
2.867	4.049	0.741	0.003
3.176	4.638	0.730	0.003
3.426	5.117	0.719	0.003
3.621	5.250	0.707	0.003
3.803	5.152	0.696	0.003
4.025	5.194	0.685	0.003
4.300	5.582	0.673	0.004
4.588	6.152	0.662	0.004
4.836	6.583	0.652	0.004
5.030	6.765	0.643	0.004
5.188	6.889	0.635	0.004
5.374	7.179	0.628	0.004
5.625	7.663	0.623	0.004
5.917	8.135	0.620	0.004
6.187	8.398	0.618	0.004
6.399	8.478	0.619	0.004
6.591	8.618	0.621	0.004
6.845	9.074	0.625	0.005
7.248	9.948	0.629	0.005
7.719	11.072	0.634	0.005
8.137	12.178	0.641	0.005
8.464	13.148	0.649	0.005
8.700	14.086	0.658	0.005
8.863	15.135	0.669	0.006
8.973	16.265	0.680	0.006
9.011	17.217	0.691	0.006
9.015	17.700	0.703	0.006
8.988	17.708	0.714	0.006
8.955	17.533	0.726	0.006
8.876	17.568	0.738	0.006
8.708	17.971	0.750	0.007
8.516	18.582	0.761	0.007
8.370	19.054	0.772	0.007
8.408	19.183	0.782	0.007
8.502	18.825	0.793	0.007
8.517	18.932	0.803	0.007
8.373	20.991	0.813	0.007
8.149	24.476	0.822	0.007
7.994	26.051	0.831	0.007
7.925	22.922	0.840	0.007
7.894	17.914	0.849	0.007
7.796	15.439	0.857	0.007
7.655	17.140	0.864	0.007
7.545	20.487	0.871	0.007
7.600	21.928	0.877	0.007
7.799	20.691	0.882	0.007
8.077	19.123	0.886	0.007
8.405	19.436	0.890	0.007
8.802	21.272	0.892	0.007
9.268	22.748	0.895	0.007
9.779	22.992	0.896	0.007
10.283	22.827	0.897	0.007
10.840	23.353	0.897	0.007
11.353	24.566	0.896	0.007
11.819	25.707	0.895	0.008
12.210	26.451	0.892	0.008
12.523	27.282	0.889	0.008
12.832	28.715	0.886	0.008
13.206	30.598	0.882	0.008
13.616	32.321	0.878	0.008
13.919	33.483	0.874	0.009
13.988	34.107	0.870	0.009
13.830	34.359	0.866	0.009
13.566	34.353	0.862	0.009
13.350	34.256	0.858	0.009
13.238	34.391	0.855	0.009
13.118	35.024	0.852	0.009
12.932	36.071	0.849	0.009
12.747	37.153	0.847	0.009
12.674	37.971	0.845	0.009
12.726	38.534	0.844	0.009
12.822	38.947	0.842	0.010
12.752	39.347	0.840	0.010
12.635	39.985	0.838	0.010
12.597	41.048	0.836	0.010
12.639	43.043	0.834	0.010
12.590	44.487	0.831	0.010
12.377	43.027	0.829	0.010
12.117	38.334	0.827	0.010
12.031	33.245	0.826	0.010
11.985	31.614	0.824	0.010
11.939	35.602	0.822	0.010
11.706	42.623	0.820	0.010
11.312	46.372	0.818	0.010
10.929	42.277	0.817	0.009
10.671	33.058	0.815	0.009
10.455	27.144	0.813	0.009
10.104	31.099	0.811	0.010
9.637	42.156	0.810	0.010
9.224	49.771	0.808	0.010
8.986	47.147	0.807	0.010
8.818	37.880	0.805	0.010
8.615	30.764	0.803	0.010
8.259	30.669	0.802	0.009
7.865	34.600	0.800	0.009
7.530	36.659	0.798	0.009
7.355	35.046	0.796	0.009
7.268	32.782	0.795	0.009
7.160	32.872	0.793	0.009
6.984	35.623	0.792	0.009
6.794	37.960	0.790	0.009
6.708	36.421	0.789	0.009
6.732	31.058	0.788	0.009
6.769	27.577	0.787	0.009
6.776	28.142	0.786	0.009
6.771	32.363	0.785	0.009
6.743	36.458	0.784	0.009
6.743	37.819	0.783	0.009
6.756	36.690	0.782	0.009
6.722	35.300	0.781	0.009
6.668	34.834	0.780	0.009
6.674	34.600	0.779	0.009
6.783	33.453	0.777	0.009
6.943	31.365	0.776	0.009
7.065	29.334	0.775	0.009
7.089	28.160	0.774	0.009
7.184	27.764	0.774	0.009
7.447	27.653	0.773	0.008
7.829	27.716	0.772	0.008
8.196	28.228	0.772	0.008
8.438	29.334	0.772	0.008
8.619	30.707	0.772	0.008
8.932	31.836	0.772	0.008
9.380	32.481	0.773	0.009
9.785	32.890	0.774	0.009
10.071	33.464	0.776	0.009
10.326	34.405	0.778	0.009
10.595	35.628	0.780	0.009
10.932	36.973	0.782	0.009
11.215	38.437	0.784	0.009
11.499	40.171	0.787	0.009
11.745	42.161	0.790	0.010
11.878	43.885	0.793	0.010
11.873	44.574	0.797	0.010
11.805	43.848	0.800	0.010
11.727	42.443	0.804	0.010
11.607	41.399	0.808	0.010
11.293	40.900	0.811	0.010
10.698	40.070	0.815	0.010
9.965	38.077	0.819	0.010
9.375	35.202	0.822	0.010
9.068	32.600	0.826	0.009
8.926	30.945	0.829	0.009
8.826	29.881	0.832	0.009
8.713	28.615	0.834	0.009
8.578	26.862	0.836	0.009
8.435	25.017	0.838	0.008
8.233	23.504	0.840	0.008
7.957	22.359	0.841	0.008
7.646	21.387	0.843	0.008
7.337	20.572	0.844	0.007
7.038	20.055	0.845	0.007
6.678	19.825	0.847	0.007
6.277	19.593	0.848	0.007
5.900	19.089	0.849	0.007
5.598	18.341	0.851	0.007
5.403	17.564	0.852	0.007
5.284	16.876	0.854	0.007
5.238	16.168	0.856	0.006
5.211	15.286	0.857	0.006
5.054	14.263	0.859	0.006
4.897	13.301	0.860	0.006
5.023	12.555	0.861	0.006
5.701	12.019	0.863	0.006
7.152	11.614	0.864	0.006
9.339	11.289	0.865	0.005
12.030	11.009	0.867	0.005
15.006	10.650	0.868	0.005
17.891	10.133	0.869	0.005
20.684	9.584	0.870	0.005
23.594	9.293	0.871	0.005
26.665	9.426	0.871	0.005
29.381	9.779	0.872	0.005
31.144	9.986	0.872	0.005
31.444	9.870	0.871	0.005
30.197	9.571	0.871	0.005
28.039	9.353	0.870	0.005
25.364	9.216	0.870	0.005
22.124	8.734	0.870	0.005
18.280	7.582	0.871	0.004
14.222	6.058	0.871	0.004
10.552	4.808	0.873	0.004
7.745	4.246	0.874	0.004
5.868	4.270	0.876	0.004
4.576	4.649	0.877	0.004
3.595	5.089	0.878	0.004
3.002	5.450	0.879	0.003
2.975	5.663	0.879	0.003
3.479	5.709	0.879	0.004
4.322	5.618	0.879	0.004
5.273	5.541	0.879	0.004
6.408	5.582	0.878	0.004
7.687	5.741	0.876	0.004
9.066	5.897	0.873	0.004
10.417	5.802	0.871	0.004
11.273	5.307	0.868	0.004
11.512	4.521	0.865	0.004
11.322	3.757	0.861	0.003
11.225	3.225	0.858	0.003
11.397	2.851	0.854	0.003
11.744	2.453	0.850	0.003
11.921	1.972	0.845	0.003
11.810	1.583	0.841	0.002
11.148	1.496	0.837	0.002
10.787	1.637	0.832	0.002
10.619	1.727	0.828	0.002
10.336	1.589	0.824	0.002
9.788	1.239	0.820	0.002
9.133	0.891	0.816	0.002
8.774	0.634	0.812	0.002
8.845	0.455	0.808	0.001
9.054	0.358	0.804	0.001
9.038	0.401	0.799	0.001
8.757	0.563	0.795	0.001
8.551	0.714	0.791	0.001
8.656	0.721	0.787	0.001
9.036	0.577	0.783	0.001
9.422	0.420	0.779	0.001
9.636	0.406	0.775	0.001
9.555	0.441	0.771	0.001
9.286	0.434	0.766	0.001
9.034	0.341	0.761	0.001
8.828	0.316	0.755	0.001
8.583	0.458	0.750	0.001
7.954	0.665	0.745	0.001
6.878	0.750	0.740	0.001
5.556	0.766	0.735	0.001
4.413	0.856	0.729	0.001
3.713	1.237	0.724	0.002
3.434	1.766	0.719	0.002
3.410	2.192	0.714	0.002
3.549	2.437	0.708	0.002
3.814	2.775	0.701	0.002
4.066	3.574	0.694	0.003
4.189	4.863	0.688	0.003
4.156	6.111	0.681	0.003
4.030	6.598	0.674	0.003
3.867	6.199	0.667	0.003
3.715	5.442	0.661	0.004
3.582	4.997	0.654	0.004
3.475	5.091	0.648	0.004
3.377	5.462	0.642	0.004
3.400	5.769	0.636	0.004
3.451	5.956	0.630	0.004
3.411	6.183	0.625	0.004
3.218	6.527	0.620	0.004
2.991	6.874	0.616	0.004
2.934	7.084	0.612	0.004
3.030	7.139	0.609	0.004
3.165	7.199	0.607	0.004
3.248	7.378	0.604	0.004
3.352	7.569	0.602	0.004
3.606	7.512	0.600	0.004
4.031	7.027	0.599	0.004
4.522	6.235	0.598	0.004
5.024	5.504	0.597	0.004
5.484	5.102	0.596	0.004
5.953	4.997	0.596	0.004
6.407	4.964	0.595	0.004
6.808	4.845	0.594	0.004
7.118	4.694	0.594	0.004
7.346	4.650	0.593	0.003
7.513	4.742	0.592	0.003
7.607	4.822	0.591	0.003
7.638	4.720	0.590	0.003
7.597	4.407	0.589	0.003
7.533	4.047	0.588	0.003
7.499	3.765	0.588	0.003
7.504	3.661	0.587	0.003
7.549	3.626	0.588	0.003
7.669	3.463	0.589	0.003
7.815	3.150	0.590	0.003
7.922	2.909	0.592	0.003
7.971	3.134	0.594	0.003
7.966	3.556	0.596	0.003
7.957	4.051	0.598	0.003
7.982	4.183	0.599	0.003
8.051	3.816	0.600	0.003
8.140	3.189	0.600	0.003
8.223	2.657	0.599	0.003
8.354	2.347	0.597	0.003
8.465	2.165	0.595	0.003
8.488	1.996	0.593	0.003
8.471	1.775	0.591	0.002
8.301	1.557	0.590	0.002
8.064	1.425	0.590	0.002
7.894	1.396	0.590	0.002
7.835	1.408	0.591	0.002
7.796	1.365	0.592	0.002
7.656	1.226	0.594	0.002
7.363	1.053	0.596	0.002
6.976	0.916	0.600	0.002
6.633	0.828	0.605	0.002
6.382	0.755	0.611	0.002
6.187	0.666	0.618	0.001
6.027	0.576	0.627	0.001
5.899	0.522	0.636	0.001
5.784	0.526	0.646	0.001
5.654	0.567	0.656	0.001
5.373	0.595	0.666	0.001
5.257	0.567	0.677	0.001
5.279	0.483	0.689	0.001
5.284	0.388	0.701	0.001
5.087	0.335	0.713	0.001
4.753	0.339	0.725	0.001
4.456	0.365	0.736	0.001
4.362	0.366	0.747	0.001
4.470	0.327	0.757	0.001
4.641	0.286	0.766	0.001
4.749	0.301	0.774	0.001
4.982	0.374	0.781	0.001
5.064	0.437	0.788	0.001
4.882	0.421	0.795	0.001
4.452	0.333	0.801	0.001
4.025	0.261	0.807	0.001
3.856	0.289	0.812	0.001
3.920	0.397	0.817	0.001
3.969	0.499	0.822	0.001
3.833	0.532	0.826	0.001
3.570	0.505	0.830	0.001
3.339	0.471	0.834	0.001
3.199	0.469	0.837	0.001
3.062	0.492	0.840	0.001
2.861	0.516	0.841	0.001
2.592	0.532	0.842	0.001
2.452	0.547	0.843	0.001
2.539	0.566	0.844	0.001
2.732	0.579	0.845	0.001
2.862	0.579	0.845	0.001
2.909	0.573	0.845	0.001
2.958	0.569	0.843	0.001
3.087	0.564	0.842	0.001
3.252	0.547	0.840	0.001
3.331	0.512	0.838	0.001
3.296	0.474	0.835	0.001
3.265	0.448	0.832	0.001
3.354	0.443	0.829	0.001
3.449	0.454	0.826	0.001
3.474	0.475	0.824	0.001
3.362	0.505	0.821	0.001
3.210	0.549	0.818	0.001
3.154	0.615	0.815	0.001
3.217	0.709	0.812	0.001
3.328	0.830	0.809	0.001
3.386	0.954	0.805	0.001
3.435	1.055	0.802	0.001
3.528	1.133	0.798	0.001
3.594	1.219	0.794	0.002
3.556	1.332	0.789	0.002
3.407	1.453	0.784	0.002
3.232	1.524	0.779	0.002
3.105	1.520	0.775	0.002
3.080	1.462	0.770	0.002
3.086	1.390	0.766	0.002
3.047	1.322	0.761	0.002
2.985	1.247	0.757	0.002
2.988	1.151	0.753	0.002
3.112	1.044	0.749	0.002
3.371	0.948	0.744	0.002
3.617	0.876	0.739	0.002
3.731	0.823	0.735	0.002
3.771	0.780	0.730	0.001
3.894	0.749	0.725	0.001
4.219	0.740	0.719	0.001
4.748	0.771	0.713	0.001
5.334	0.847	0.706	0.001
6.421	0.958	0.698	0.001
7.573	1.081	0.688	0.001
8.159	1.198	0.678	0.002
7.888	1.308	0.668	0.002
7.143	1.432	0.659	0.002
6.592	1.584	0.651	0.002
6.651	1.747	0.643	0.002
7.178	1.868	0.635	0.002
8.481	1.897	0.626	0.002
9.841	1.834	0.617	0.002
10.677	1.752	0.608	0.002
10.623	1.747	0.599	0.002
10.244	1.876	0.589	0.002
10.110	2.115	0.580	0.002
10.065	2.407	0.572	0.002
9.562	2.755	0.565	0.002
8.498	3.237	0.560	0.003
7.313	3.919	0.557	0.003
6.586	4.737	0.555	0.003
6.401	5.489	0.554	0.003
6.322	5.968	0.555	0.003
6.070	6.084	0.557	0.003
5.751	5.915	0.560	0.004
5.679	5.749	0.565	0.004
5.784	5.987	0.570	0.004
5.778	6.859	0.575	0.004
5.324	8.118	0.580	0.004
4.696	9.099	0.586	0.004
4.698	9.243	0.593	0.004
5.720	8.555	0.600	0.004
7.170	7.530	0.607	0.004
8.610	6.666	0.614	0.004
9.756	6.056	0.621	0.004
10.468	5.483	0.627	0.004
10.882	4.891	0.633	0.004
10.972	4.554	0.639	0.004
10.689	4.710	0.645	0.004
10.286	5.194	0.649	0.004
10.225	5.550	0.653	0.004
10.192	5.482	0.657	0.003
9.875	5.117	0.662	0.003
9.157	4.750	0.666	0.003
8.350	4.471	0.670	0.003
7.833	4.124	0.674	0.003
7.684	3.589	0.677	0.003
7.559	2.985	0.680	0.003
7.212	2.534	0.683	0.003
6.707	2.312	0.686	0.003
6.322	2.206	0.689	0.003
6.099	2.098	0.691	0.002
5.834	2.010	0.693	0.002
5.380	2.019	0.694	0.002
4.790	2.108	0.695	0.002
4.269	2.162	0.696	0.002
3.953	2.110	0.697	0.002
3.751	2.023	0.697	0.002
3.506	2.034	0.697	0.002
3.196	2.187	0.696	0.002
2.917	2.368	0.695	0.002
2.752	2.405	0.693	0.002
2.674	2.236	0.692	0.002
2.609	1.962	0.690	0.002
2.547	1.742	0.688	0.002
2.559	1.651	0.685	0.002
2.658	1.648	0.683	0.002
2.810	1.663	0.680	0.002
2.991	1.688	0.677	0.002
3.087	1.778	0.674	0.002
3.101	1.964	0.670	0.002
3.101	2.214	0.666	0.002
3.137	2.462	0.662	0.002
3.260	2.662	0.658	0.002
3.476	2.798	0.653	0.002
3.759	2.867	0.649	0.002
4.030	2.866	0.645	0.003
4.317	2.822	0.641	0.003
4.638	2.779	0.637	0.003
5.012	2.764	0.632	0.003
5.381	2.761	0.627	0.003
5.671	2.719	0.622	0.003
5.847	2.610	0.616	0.003
5.954	2.466	0.610	0.003
6.048	2.351	0.604	0.002
6.187	2.295	0.597	0.002
6.328	2.280	0.591	0.002
6.542	2.260	0.583	0.002
6.703	2.210	0.576	0.002
6.805	2.149	0.568	0.002
6.772	2.108	0.560	0.002
6.855	2.115	0.552	0.002
6.810	2.184	0.544	0.002
6.391	2.317	0.535	0.002
5.538	2.444	0.526	0.002
4.510	2.437	0.518	0.002
3.621	2.228	0.510	0.002
3.016	1.918	0.501	0.002
2.543	1.700	0.492	0.002
2.040	1.691	0.483	0.002
1.573	1.800	0.474	0.002
1.318	1.888	0.464	0.002
1.349	1.959	0.454	0.002
1.539	2.132	0.443	0.002
1.679	2.492	0.433	0.002
1.673	2.978	0.424	0.002
1.603	3.463	0.417	0.003
1.602	3.900	0.412	0.003
1.727	4.353	0.407	0.003
1.925	4.894	0.405	0.003
2.105	5.508	0.405	0.003
2.223	6.107	0.407	0.003
2.293	6.608	0.412	0.004
2.350	6.982	0.421	0.004
2.388	7.222	0.432	0.004
2.400	7.349	0.446	0.004
2.409	7.423	0.463	0.004
2.449	7.531	0.481	0.004
2.535	7.724	0.502	0.004
2.629	7.955	0.524	0.004
2.652	8.104	0.547	0.004
2.562	8.076	0.569	0.004
2.428	7.893	0.589	0.004
2.342	7.656	0.607	0.004
2.355	7.461	0.622	0.004
2.428	7.321	0.636	0.004
2.487	7.126	0.649	0.004
2.482	6.713	0.661	0.004
2.408	6.052	0.671	0.004
2.292	5.303	0.681	0.004
2.197	4.699	0.689	0.004
2.159	4.357	0.696	0.004
2.153	4.164	0.701	0.003
2.127	3.925	0.706	0.003
2.059	3.560	0.708	0.003
1.978	3.166	0.709	0.003
1.923	2.898	0.710	0.003
1.896	2.803	0.711	0.003
1.922	2.789	0.713	0.003
2.084	2.741	0.715	0.003
2.191	2.622	0.717	0.003
2.086	2.524	0.719	0.003
1.885	2.548	0.720	0.003
1.702	2.682	0.722	0.003
1.608	2.785	0.724	0.003
1.565	2.713	0.726	0.002
1.491	2.462	0.728	0.002
1.362	2.185	0.730	0.002
1.324	2.022	0.732	0.002
1.348	1.976	0.734	0.002
1.315	1.938	0.736	0.002
1.154	1.824	0.739	0.002
0.947	1.656	0.741	0.002
0.850	1.506	0.744	0.002
0.925	1.399	0.747	0.002
1.071	1.292	0.751	0.002
1.164	1.139	0.756	0.002
1.192	0.959	0.760	0.002
1.245	0.817	0.765	0.002
1.446	0.755	0.769	0.002
1.863	0.756	0.773	0.002
2.528	0.777	0.777	0.001
3.541	0.791	0.780	0.001
5.149	0.791	0.782	0.001
7.598	0.761	0.785	0.001
10.840	0.678	0.787	0.001
14.076	0.536	0.788	0.001
16.546	0.371	0.790	0.001
17.346	0.233	0.791	0.001
15.820	0.151	0.793	0.001
12.949	0.124	0.794	0.001
10.133	0.132	0.795	0.001
8.410	0.154	0.796	0.001
7.619	0.170	0.797	0.001
7.013	0.173	0.798	0.001
6.134	0.169	0.799	0.001
5.222	0.177	0.800	0.001
4.711	0.199	0.800	0.001
4.640	0.217	0.801	0.001
4.703	0.219	0.802	0.001
4.585	0.237	0.803	0.001
4.356	0.316	0.804	0.001
4.232	0.489	0.803	0.001
4.193	0.774	0.799	0.001
4.074	1.180	0.794	0.001
3.771	1.654	0.788	0.001
3.378	2.020	0.782	0.002
3.088	2.074	0.779	0.002
2.961	1.775	0.778	0.002
2.899	1.288	0.778	0.002
2.764	0.851	0.779	0.002
2.577	0.604	0.780	0.002
2.370	0.562	0.783	0.002
2.140	0.653	0.787	0.001
1.887	0.768	0.790	0.001
1.647	0.814	0.793	0.001
1.470	0.737	0.795	0.001
1.391	0.550	0.798	0.001
1.367	0.338	0.800	0.001
1.298	0.195	0.801	0.001
1.210	0.150	0.800	0.001
1.117	0.160	0.800	0.001
1.040	0.170	0.798	0.001
0.981	0.166	0.796	0.001
0.924	0.170	0.793	0.001
0.871	0.199	0.789	0.001
0.838	0.243	0.783	0.001
0.831	0.285	0.777	0.001
0.839	0.318	0.770	0.001
0.842	0.353	0.762	0.001
0.847	0.404	0.753	0.001
0.857	0.463	0.742	0.001
0.868	0.509	0.731	0.001
0.881	0.521	0.721	0.001
0.890	0.506	0.710	0.001
0.894	0.491	0.700	0.001
0.890	0.494	0.691	0.001
0.876	0.503	0.680	0.001
0.849	0.496	0.670	0.001
0.830	0.465	0.659	0.001
0.832	0.427	0.648	0.001
0.846	0.407	0.638	0.001
0.861	0.411	0.627	0.001
0.858	0.416	0.615	0.001
0.842	0.402	0.604	0.001
0.830	0.372	0.593	0.001
0.838	0.348	0.582	0.001
0.865	0.336	0.571	0.001
0.881	0.314	0.560	0.001
0.893	0.267	0.549	0.001
0.892	0.204	0.537	0.001
0.861	0.157	0.527	0.001
0.805	0.145	0.517	0.001
0.749	0.156	0.507	0.001
0.759	0.162	0.498	0.001
0.818	0.153	0.488	0.001
0.865	0.142	0.480	0.001
0.856	0.147	0.472	0.001
0.808	0.170	0.465	0.001
0.800	0.195	0.459	0.001
0.833	0.207	0.454	0.001
0.869	0.207	0.450	0.001
0.896	0.205	0.446	0.001
0.916	0.206	0.442	0.001
0.943	0.214	0.439	0.001
0.984	0.224	0.436	0.001
1.014	0.231	0.432	0.001
1.041	0.236	0.429	0.001
1.062	0.248	0.427	0.001
1.087	0.282	0.425	0.001
1.123	0.339	0.424	0.001
1.173	0.402	0.424	0.001
1.237	0.446	0.424	0.001
1.316	0.457	0.424	0.001
1.402	0.439	0.425	0.001
1.490	0.413	0.426	0.001
1.573	0.398	0.428	0.001
1.656	0.415	0.432	0.001
1.748	0.468	0.437	0.001
1.857	0.535	0.444	0.001
1.966	0.582	0.452	0.001
2.047	0.589	0.462	0.001
2.051	0.576	0.473	0.001
2.015	0.582	0.484	0.001
2.043	0.630	0.496	0.001
2.078	0.691	0.507	0.001
2.100	0.706	0.520	0.001
2.089	0.637	0.533	0.001
2.069	0.509	0.547	0.001
2.029	0.383	0.562	0.001
1.990	0.308	0.577	0.001
1.938	0.280	0.591	0.001
1.884	0.265	0.605	0.001
1.806	0.240	0.619	0.001
1.708	0.210	0.634	0.001
1.584	0.195	0.648	0.001
1.448	0.194	0.659	0.001
1.324	0.188	0.667	0.001
1.242	0.167	0.673	0.001
1.195	0.139	0.678	0.001
1.155	0.120	0.682	0.001
1.117	0.114	0.686	0.001
1.115	0.109	0.689	0.001
1.130	0.097	0.691	0.001
1.143	0.082	0.694	0.001
1.130	0.079	0.698	0.000
1.090	0.088	0.701	0.000
1.043	0.096	0.703	0.000
0.997	0.093	0.703	0.000
0.993	0.086	0.700	0.000
0.977	0.087	0.696	0.000
0.913	0.098	0.690	0.000
0.805	0.106	0.683	0.000
0.701	0.097	0.676	0.000
0.643	0.075	0.668	0.000
0.629	0.054	0.658	0.000
0.672	0.045	0.648	0.000
0.698	0.045	0.639	0.000
0.667	0.043	0.631	0.000
0.603	0.034	0.623	0.000
0.564	0.027	0.615	0.000
0.574	0.032	0.607	0.000
0.609	0.050	0.600	0.000
0.621	0.072	0.594	0.000
0.592	0.090	0.590	0.000
0.546	0.101	0.588	0.000
0.523	0.110	0.589	0.000
0.519	0.118	0.590	0.000
0.510	0.127	0.594	0.001
0.486	0.136	0.599	0.001
0.462	0.151	0.605	0.001
0.460	0.177	0.612	0.001
0.478	0.211	0.620	0.001
0.483	0.240	0.626	0.001
0.449	0.250	0.631	0.001
0.399	0.250	0.636	0.001
0.374	0.262	0.642	0.001
0.394	0.300	0.650	0.001
0.428	0.357	0.658	0.001
0.441	0.421	0.666	0.001
0.425	0.480	0.674	0.001
0.409	0.540	0.684	0.001
0.431	0.596	0.695	0.001
0.479	0.645	0.707	0.001
0.509	0.692	0.719	0.001
0.500	0.739	0.731	0.001
0.473	0.782	0.743	0.001
0.463	0.815	0.756	0.001
0.478	0.830	0.768	0.001
0.496	0.847	0.780	0.001
0.495	0.886	0.791	0.001
0.479	0.957	0.801	0.001
0.472	1.053	0.810	0.002
0.489	1.158	0.818	0.002
0.530	1.266	0.826	0.002
0.579	1.384	0.833	0.002
0.639	1.514	0.838	0.002
0.704	1.662	0.841	0.002
0.779	1.835	0.842	0.002
0.848	2.043	0.842	0.002
0.894	2.292	0.841	0.002
0.908	2.569	0.840	0.002
0.930	2.831	0.839	0.002
0.976	3.044	0.840	0.002
1.037	3.201	0.841	0.003
1.091	3.328	0.843	0.003
1.128	3.451	0.845	0.003
1.170	3.594	0.847	0.003
1.225	3.774	0.850	0.003
1.272	4.000	0.852	0.003
1.335	4.255	0.854	0.003
1.453	4.491	0.856	0.003
1.545	4.651	0.857	0.003
1.538	4.710	0.858	0.003
1.442	4.656	0.859	0.003
1.369	4.515	0.860	0.003
1.393	4.389	0.861	0.003
1.470	4.421	0.863	0.003
1.510	4.685	0.864	0.003
1.493	5.098	0.866	0.003
1.494	5.456	0.868	0.003
1.560	5.623	0.869	0.003
1.652	5.633	0.871	0.004
1.701	5.624	0.872	0.004
1.704	5.688	0.874	0.004
1.725	5.797	0.876	0.004
1.798	5.885	0.878	0.004
1.881	5.943	0.880	0.004
1.910	6.028	0.881	0.004
1.861	6.183	0.883	0.004
1.759	6.381	0.884	0.004
1.672	6.539	0.886	0.004
1.630	6.564	0.887	0.004
1.615	6.420	0.889	0.004
1.582	6.159	0.890	0.004
1.515	5.877	0.891	0.004
1.437	5.633	0.892	0.004
1.381	5.408	0.893	0.004
1.352	5.149	0.894	0.004
1.311	4.843	0.894	0.004
1.236	4.542	0.894	0.004
1.147	4.325	0.895	0.003
1.079	4.218	0.895	0.003
1.053	4.191	0.895	0.003
1.064	4.178	0.894	0.003
1.077	4.138	0.894	0.003
1.077	4.060	0.893	0.003
1.072	3.951	0.892	0.003
1.070	3.816	0.890	0.003
1.060	3.661	0.889	0.003
1.037	3.502	0.888	0.003
1.007	3.359	0.888	0.003
0.982	3.245	0.888	0.003
0.966	3.129	0.888	0.003
0.943	2.962	0.888	0.003
0.907	2.724	0.889	0.003
0.856	2.465	0.890	0.003
0.801	2.273	0.891	0.003
0.762	2.207	0.892	0.002
0.748	2.236	0.893	0.002
0.743	2.279	0.894	0.002
0.727	2.297	0.895	0.002
0.704	2.312	0.897	0.002
0.693	2.353	0.898	0.002
0.685	2.411	0.899	0.002
0.679	2.441	0.900	0.002
0.673	2.410	0.901	0.002
0.669	2.338	0.903	0.002
0.653	2.268	0.904	0.002
0.639	2.216	0.906	0.002
0.631	2.167	0.907	0.002
0.624	2.099	0.909	0.002
0.601	2.008	0.911	0.002
0.556	1.918	0.914	0.002
0.500	1.845	0.917	0.002
0.459	1.775	0.919	0.002
0.439	1.695	0.920	0.002
0.425	1.622	0.921	0.002
0.409	1.589	0.923	0.002
0.400	1.581	0.924	0.002
0.403	1.532	0.926	0.002
0.415	1.407	0.927	0.002
0.417	1.262	0.928	0.002
0.395	1.188	0.929	0.002
0.359	1.208	0.930	0.002
0.365	1.244	0.931	0.002
0.386	1.212	0.931	0.002
0.377	1.112	0.931	0.002
0.322	1.011	0.931	0.002
0.251	0.958	0.931	0.002
0.206	0.935	0.931	0.002
0.194	0.893	0.931	0.002
0.189	0.816	0.931	0.001
0.167	0.735	0.931	0.001
0.132	0.681	0.931	0.001
0.105	0.648	0.931	0.001
0.096	0.601	0.930	0.001
0.090	0.520	0.930	0.001
0.077	0.424	0.929	0.001
0.059	0.345	0.929	0.001
0.047	0.291	0.929	0.001
0.044	0.246	0.928	0.001
0.042	0.195	0.927	0.001
0.034	0.142	0.926	0.001
0.022	0.101	0.924	0.001
0.013	0.077	0.923	0.001
0.012	0.063	0.921	0.001
0.016	0.050	0.920	0.000
0.021	0.037	0.918	0.000
0.031	0.029	0.916	0.000
0.074	0.030	0.913	0.000
0.228	0.034	0.908	0.000
0.608	0.041	0.902	0.000
1.373	0.070	0.893	0.000
2.536	0.170	0.881	0.001
3.947	0.408	0.863	0.001
5.326	0.868	0.842	0.001
6.446	1.655	0.817	0.001
7.170	2.869	0.790	0.002
7.583	4.500	0.760	0.002
7.829	6.378	0.725	0.003
8.147	8.346	0.686	0.003
8.613	10.116	0.642	0.004
9.151	11.703	0.593	0.004
9.615	13.575	0.539	0.005
9.949	16.233	0.481	0.005
10.151	19.519	0.423	0.006
10.337	22.492	0.367	0.006
10.420	24.353	0.314	0.007
10.351	25.666	0.263	0.007
10.213	27.432	0.215	0.007
9.981	29.623	0.171	0.008
9.743	31.247	0.133	0.008
9.651	31.552	0.103	0.008
9.704	30.680	0.086	0.008
9.663	29.537	0.084	0.008
9.440	28.838	0.097	0.008
9.011	28.342	0.120	0.008
8.539	27.313	0.149	0.008
8.085	25.579	0.176	0.008
7.689	23.849	0.201	0.008
7.199	22.956	0.225	0.008
6.586	22.881	0.248	0.008
6.078	22.724	0.271	0.008
5.726	21.684	0.292	0.007
5.464	19.827	0.312	0.007
5.123	17.924	0.332	0.007
4.669	16.606	0.351	0.007
4.228	15.856	0.371	0.007
3.916	15.226	0.389	0.006
3.725	14.380	0.406	0.006
3.533	13.324	0.422	0.006
3.260	12.203	0.438	0.006
2.953	11.088	0.454	0.006
2.715	10.006	0.468	0.005
2.726	9.057	0.482	0.005
2.767	8.421	0.496	0.005
2.638	8.188	0.509	0.005
2.318	8.210	0.522	0.005
2.017	8.192	0.534	0.005
1.912	7.938	0.548	0.004
2.011	7.482	0.560	0.004
2.121	7.009	0.573	0.004
2.096	6.659	0.587	0.004
1.936	6.442	0.600	0.004
1.770	6.297	0.613	0.004
1.685	6.168	0.627	0.004
1.664	6.016	0.640	0.004
1.638	5.823	0.654	0.004
1.605	5.573	0.667	0.004
1.599	5.289	0.680	0.004
1.629	5.031	0.693	0.004
1.681	4.845	0.706	0.004
1.700	4.732	0.718	0.004
1.675	4.640	0.731	0.003
1.659	4.506	0.742	0.003
1.691	4.313	0.754	0.003
1.766	4.093	0.765	0.003
1.846	3.886	0.775	0.003
1.883	3.713	0.786	0.003
1.863	3.583	0.797	0.003
1.831	3.498	0.808	0.003
1.814	3.429	0.819	0.003
1.811	3.353	0.829	0.003
1.799	3.286	0.838	0.003
1.773	3.313	0.847	0.003
1.774	3.515	0.856	0.003
1.866	3.832	0.863	0.003
2.056	4.165	0.870	0.003
2.306	4.518	0.876	0.003
2.568	4.932	0.881	0.003
2.857	5.346	0.885	0.003
3.225	5.540	0.889	0.003
3.649	5.344	0.891	0.003
4.082	4.926	0.894	0.003
4.488	4.642	0.896	0.003
4.850	4.683	0.897	0.003
5.207	4.881	0.897	0.003
5.578	4.890	0.897	0.003
5.995	4.724	0.896	0.003
6.433	4.461	0.895	0.003
6.793	4.438	0.894	0.003
7.000	4.843	0.892	0.003
7.370	5.458	0.890	0.003
7.739	5.758	0.887	0.003
7.911	5.441	0.884	0.003
7.931	4.803	0.880	0.003
8.037	4.370	0.876	0.003
8.197	4.391	0.873	0.003
8.289	4.645	0.870	0.003
8.191	4.721	0.867	0.003
7.937	4.460	0.865	0.003
7.694	4.076	0.862	0.003
7.559	3.853	0.860	0.003
7.506	3.863	0.857	0.003
7.325	3.981	0.855	0.003
6.915	4.081	0.853	0.003
6.394	4.164	0.851	0.003
5.956	4.257	0.850	0.003
5.716	4.300	0.849	0.003
5.563	4.213	0.848	0.003
5.375	4.027	0.847	0.003
5.091	3.890	0.845	0.003
4.748	3.935	0.842	0.003
4.392	4.152	0.839	0.003
3.997	4.418	0.836	0.003
3.644	4.629	0.832	0.003
3.375	4.779	0.829	0.003
3.203	4.903	0.825	0.003
3.075	5.044	0.821	0.003
2.935	5.129	0.818	0.003
2.769	5.071	0.815	0.003
2.648	4.902	0.812	0.003
2.617	4.806	0.809	0.003
2.770	4.997	0.806	0.004
2.953	5.443	0.803	0.004
3.051	5.900	0.800	0.004
3.030	6.319	0.797	0.004
2.986	6.802	0.795	0.004
3.005	7.305	0.793	0.004
3.083	7.526	0.791	0.004
3.145	7.196	0.789	0.004
3.165	6.574	0.788	0.004
3.159	6.226	0.787	0.004
3.197	6.412	0.786	0.004
3.263	6.781	0.786	0.004
3.286	6.996	0.787	0.004
3.189	6.685	0.789	0.004
3.032	5.846	0.791	0.004
2.939	4.882	0.794	0.004
2.958	4.400	0.798	0.004
3.010	4.937	0.802	0.004
2.938	6.609	0.806	0.004
2.738	8.653	0.810	0.004
2.527	10.172	0.815	0.004
2.429	10.594	0.820	0.004
2.470	9.959	0.826	0.004
2.560	8.810	0.832	0.005
2.610	7.752	0.839	0.005
2.611	7.187	0.846	0.005
2.585	7.061	0.854	0.004
2.578	7.068	0.861	0.004
2.579	6.954	0.869	0.004
2.540	6.700	0.876	0.004
2.452	6.448	0.882	0.004
2.356	6.293	0.889	0.004
2.318	6.209	0.895	0.004
2.354	6.125	0.901	0.004
2.398	6.055	0.907	0.004
2.384	6.060	0.913	0.004
2.332	6.133	0.919	0.004
2.313	6.195	0.925	0.004
2.361	6.085	0.931	0.004
2.400	5.585	0.936	0.004
2.345	4.764	0.941	0.004
2.196	4.052	0.945	0.004
2.026	3.918	0.948	0.003
1.912	4.372	0.951	0.003
1.835	4.833	0.953	0.003
1.741	4.681	0.956	0.003
1.611	3.953	0.958	0.003
1.471	3.210	0.959	0.003
1.348	2.889	0.961	0.003
1.248	2.876	0.962	0.003
1.152	2.735	0.963	0.003
1.047	2.271	0.963	0.003
0.931	1.716	0.963	0.002
0.827	1.381	0.964	0.002
0.721	1.314	0.964	0.002
0.614	1.194	0.964	0.002
0.500	0.823	0.963	0.002
0.405	0.375	0.963	0.002
0.403	0.153	0.963	0.001
0.696	0.264	0.963	0.001
1.721	0.545	0.963	0.001
3.965	0.675	0.963	0.001
7.769	0.543	0.963	0.001
12.666	0.291	0.963	0.001
16.812	0.120	0.962	0.001
17.984	0.098	0.961	0.001
15.578	0.194	0.957	0.001
11.418	0.431	0.948	0.001
8.106	0.868	0.933	0.001
6.766	1.396	0.911	0.001
6.597	1.772	0.885	0.001
6.345	1.865	0.857	0.001
5.653	1.736	0.829	0.002
5.208	1.514	0.800	0.002
5.544	1.339	0.770	0.002
6.230	1.434	0.738	0.002
6.449	2.057	0.705	0.002
5.981	3.234	0.673	0.002
5.309	4.585	0.642	0.002
4.954	5.558	0.613	0.003
4.874	5.866	0.586	0.003
4.665	5.643	0.558	0.003
4.110	5.215	0.532	0.003
3.370	4.766	0.507	0.003
2.791	4.265	0.485	0.003
2.497	3.678	0.465	0.003
2.320	3.147	0.447	0.003
2.093	2.878	0.431	0.003
1.842	2.914	0.417	0.003
1.687	3.084	0.405	0.003
1.685	3.196	0.395	0.003
1.750	3.239	0.386	0.003
1.778	3.370	0.378	0.003
1.742	3.703	0.372	0.003
1.672	4.146	0.367	0.003
1.607	4.476	0.362	0.003
1.539	4.550	0.358	0.003
1.463	4.415	0.355	0.003
1.387	4.227	0.353	0.003
1.315	4.084	0.350	0.003
1.249	3.977	0.349	0.003
1.186	3.846	0.347	0.003
1.123	3.662	0.346	0.003
1.071	3.447	0.345	0.003
1.035	3.233	0.345	0.003
1.011	3.041	0.345	0.003
0.996	2.882	0.345	0.003
0.983	2.749	0.345	0.003
0.969	2.622	0.345	0.003
0.956	2.489	0.344	0.003
0.935	2.356	0.344	0.003
0.894	2.256	0.344	0.002
0.841	2.209	0.343	0.002
0.786	2.204	0.342	0.002
0.752	2.190	0.341	0.002
0.752	2.132	0.341	0.002
0.776	2.047	0.340	0.002
0.815	1.995	0.340	0.002
0.842	2.029	0.339	0.002
0.851	2.132	0.339	0.002
0.854	2.222	0.339	0.002
0.886	2.235	0.339	0.002
0.970	2.163	0.339	0.002
1.047	2.077	0.340	0.002
1.073	2.060	0.341	0.002
1.050	2.105	0.341	0.002
1.015	2.137	0.343	0.002
1.025	2.118	0.345	0.002
1.058	2.093	0.347	0.002
1.080	2.189	0.351	0.002
1.074	2.477	0.355	0.002
1.077	2.843	0.359	0.002
1.113	3.082	0.365	0.002
1.190	3.136	0.370	0.003
1.276	3.111	0.376	0.003
1.365	3.150	0.383	0.003
1.483	3.252	0.389	0.003
1.664	3.327	0.397	0.003
1.890	3.337	0.404	0.003
2.108	3.349	0.413	0.003
2.265	3.432	0.422	0.003
2.510	3.636	0.432	0.003
2.787	3.918	0.442	0.003
3.016	4.204	0.453	0.003
3.136	4.491	0.464	0.003
3.206	4.868	0.476	0.003
3.279	5.382	0.487	0.003
3.410	5.940	0.499	0.003
3.523	6.339	0.510	0.004
3.524	6.429	0.522	0.004
3.407	6.262	0.533	0.004
3.245	6.054	0.544	0.004
3.125	5.984	0.555	0.004
3.076	6.028	0.566	0.004
3.075	6.026	0.577	0.004
3.081	5.899	0.587	0.004
3.053	5.753	0.597	0.004
3.000	5.760	0.606	0.004
2.945	5.853	0.616	0.004
2.897	5.727	0.625	0.004
2.817	5.181	0.634	0.004
2.673	4.378	0.642	0.004
2.495	3.716	0.649	0.003
2.354	3.449	0.656	0.003
2.306	3.422	0.662	0.003
2.306	3.306	0.668	0.003
2.297	2.964	0.674	0.003
2.244	2.529	0.682	0.003
2.184	2.192	0.691	0.003
2.175	1.993	0.701	0.002
2.202	1.845	0.711	0.002
2.204	1.689	0.720	0.002
2.149	1.569	0.728	0.002
2.083	1.531	0.735	0.002
2.096	1.539	0.742	0.002
2.160	1.519	0.750	0.002
2.201	1.451	0.758	0.002
2.251	1.397	0.767	0.002
2.152	1.390	0.778	0.002
1.880	1.605	0.790	0.002
1.534	1.877	0.802	0.002
1.310	2.005	0.815	0.002
1.283	1.969	0.829	0.002
1.375	1.848	0.842	0.002
1.442	1.765	0.855	0.002
1.418	1.746	0.866	0.002
1.393	1.744	0.875	0.002
1.474	1.742	0.882	0.002
1.611	1.833	0.887	0.002
1.659	2.104	0.891	0.002
1.557	2.582	0.893	0.002
1.423	3.196	0.894	0.002
1.415	3.728	0.894	0.002
1.536	3.864	0.894	0.003
1.658	3.437	0.893	0.003
1.669	2.631	0.892	0.003
1.603	1.861	0.890	0.003
1.582	1.422	0.889	0.002
1.647	1.285	0.887	0.002
1.715	1.221	0.886	0.002
1.691	1.077	0.885	0.002
1.594	0.906	0.884	0.002
1.531	0.836	0.883	0.002
1.529	0.879	0.882	0.002
1.553	0.915	0.881	0.002
1.550	0.847	0.880	0.001
1.528	0.713	0.880	0.001
1.530	0.624	0.879	0.001
1.585	0.630	0.879	0.001
1.655	0.682	0.878	0.001
1.687	0.700	0.877	0.001
1.668	0.658	0.876	0.001
1.700	0.590	0.875	0.001
1.759	0.534	0.875	0.001
1.841	0.498	0.874	0.001
1.880	0.470	0.874	0.001
1.862	0.439	0.874	0.001
1.795	0.401	0.874	0.001
1.706	0.357	0.874	0.001
1.612	0.309	0.874	0.001
1.524	0.262	0.875	0.001
1.427	0.226	0.875	0.001
1.319	0.208	0.876	0.001
1.261	0.197	0.876	0.001
1.357	0.171	0.876	0.001
1.684	0.129	0.876	0.001
2.230	0.104	0.876	0.001
2.965	0.136	0.874	0.001
3.959	0.224	0.870	0.001
5.668	0.309	0.863	0.001
8.247	0.329	0.852	0.001
11.659	0.272	0.836	0.001
15.526	0.203	0.816	0.001
19.064	0.237	0.795	0.001
21.243	0.470	0.772	0.001
21.246	0.918	0.751	0.001
19.033	1.464	0.732	0.001
15.563	1.891	0.715	0.001
12.158	2.005	0.700	0.002
9.668	1.801	0.688	0.002
8.126	1.497	0.677	0.002
7.121	1.369	0.667	0.002
6.343	1.527	0.658	0.002
5.782	1.860	0.651	0.002
5.540	2.187	0.644	0.002
5.540	2.431	0.638	0.002
5.545	2.649	0.633	0.002
5.537	2.917	0.627	0.002
5.556	3.249	0.623	0.003
5.821	3.557	0.619	0.003
6.089	3.766	0.616	0.003
6.171	3.918	0.613	0.003
5.770	4.119	0.611	0.003
5.273	4.416	0.609	0.003
5.097	4.737	0.608	0.003
5.333	4.931	0.607	0.003
5.619	4.970	0.607	0.003
5.589	4.983	0.607	0.003
5.236	5.131	0.608	0.003
4.895	5.420	0.609	0.003
4.786	5.695	0.611	0.004
4.809	5.791	0.613	0.004
4.687	5.693	0.615	0.004
4.351	5.544	0.617	0.004
4.043	5.499	0.620	0.004
4.175	5.574	0.623	0.004
4.462	5.699	0.626	0.004
4.485	5.822	0.628	0.004
4.112	5.882	0.630	0.004
3.656	5.851	0.632	0.004
3.469	5.739	0.634	0.004
3.608	5.598	0.636	0.004
3.799	5.526	0.637	0.004
3.799	5.582	0.639	0.004
3.653	5.764	0.639	0.004
3.570	6.005	0.640	0.004
3.648	6.254	0.641	0.004
3.797	6.527	0.641	0.004
3.860	6.874	0.640	0.004
3.816	7.286	0.640	0.004
3.756	7.709	0.639	0.004
3.757	8.074	0.639	0.004
3.815	8.297	0.638	0.004
3.867	8.313	0.638	0.004
3.932	8.140	0.637	0.004
4.063	7.840	0.635	0.004
4.191	7.780	0.634	0.004
4.254	8.388	0.633	0.005
4.278	9.671	0.631	0.005
4.341	10.968	0.629	0.005
4.488	11.406	0.627	0.005
4.625	10.732	0.625	0.005
4.632	9.645	0.624	0.005
4.496	8.954	0.623	0.005
4.300	8.829	0.623	0.005
4.236	8.821	0.623	0.005
4.322	8.514	0.623	0.005
4.376	8.022	0.624	0.005
4.288	7.762	0.626	0.005
4.110	7.884	0.628	0.004
3.988	8.049	0.630	0.004
3.981	7.823	0.631	0.004
4.000	7.155	0.633	0.004
3.912	6.421	0.635	0.004
3.702	6.012	0.637	0.004
3.500	5.980	0.640	0.004
3.395	6.067	0.642	0.004
3.361	6.001	0.644	0.004
3.280	5.715	0.647	0.004
3.100	5.309	0.650	0.004
2.875	4.888	0.653	0.004
2.709	4.478	0.656	0.004
2.612	4.054	0.659	0.003
2.511	3.615	0.662	0.003
2.341	3.196	0.665	0.003
2.114	2.828	0.668	0.003
1.858	2.517	0.672	0.003
1.685	2.251	0.675	0.003
1.611	2.015	0.679	0.003
1.594	1.795	0.682	0.002
1.573	1.575	0.685	0.002
1.522	1.363	0.688	0.002
1.462	1.188	0.690	0.002
1.420	1.081	0.693	0.002
1.400	1.031	0.695	0.002
1.382	0.994	0.697	0.002
1.345	0.931	0.700	0.002
1.286	0.841	0.704	0.002
1.212	0.751	0.708	0.001
1.135	0.680	0.714	0.001
1.059	0.626	0.720	0.001
0.993	0.582	0.727	0.001
0.947	0.549	0.735	0.001
0.937	0.529	0.744	0.001
0.967	0.517	0.753	0.001
1.024	0.499	0.762	0.001
1.093	0.469	0.769	0.001
1.143	0.438	0.774	0.001
1.159	0.419	0.777	0.001
1.144	0.418	0.779	0.001
1.121	0.428	0.780	0.001
1.109	0.444	0.780	0.001
1.108	0.462	0.780	0.001
1.103	0.475	0.780	0.001
1.071	0.475	0.780	0.001
1.014	0.466	0.780	0.001
0.953	0.455	0.780	0.001
0.903	0.451	0.780	0.001
0.858	0.447	0.780	0.001
0.802	0.434	0.781	0.001
0.723	0.420	0.783	0.001
0.637	0.423	0.785	0.001
0.570	0.454	0.787	0.001
0.536	0.497	0.790	0.001
0.527	0.521	0.791	0.001
0.526	0.515	0.793	0.001
0.522	0.496	0.796	0.001
0.511	0.487	0.798	0.001
0.489	0.494	0.801	0.001
0.457	0.503	0.804	0.001
0.424	0.506	0.806	0.001
0.401	0.516	0.809	0.001
0.397	0.553	0.811	0.001
0.408	0.619	0.814	0.001
0.425	0.693	0.817	0.001
0.439	0.746	0.820	0.001
0.445	0.768	0.823	0.001
0.449	0.778	0.826	0.001
0.463	0.799	0.829	0.001
0.492	0.822	0.832	0.001
0.528	0.813	0.835	0.001
0.557	0.753	0.838	0.001
0.573	0.676	0.841	0.001
0.578	0.641	0.845	0.001
0.586	0.675	0.848	0.001
0.609	0.744	0.851	0.001
0.644	0.795	0.853	0.001
0.677	0.805	0.857	0.001
0.700	0.788	0.860	0.001
0.713	0.767	0.862	0.001
0.734	0.747	0.866	0.001
0.767	0.716	0.869	0.001
0.794	0.671	0.872	0.001
0.803	0.629	0.876	0.001
0.796	0.615	0.879	0.001
0.795	0.630	0.882	0.001
0.812	0.664	0.885	0.001
0.869	0.711	0.888	0.001
0.930	0.787	0.891	0.001
0.965	0.896	0.893	0.001
0.980	1.005	0.896	0.001
0.998	1.070	0.898	0.001
1.032	1.096	0.900	0.002
1.095	1.137	0.903	0.002
1.170	1.253	0.905	0.002
1.238	1.440	0.907	0.002
1.297	1.644	0.910	0.002
1.357	1.824	0.912	0.002
1.431	1.998	0.915	0.002
1.508	2.231	0.917	0.002
1.570	2.569	0.920	0.002
1.635	2.988	0.922	0.002
1.690	3.437	0.924	0.003
1.751	3.901	0.927	0.003
1.848	4.428	0.929	0.003
1.962	5.042	0.932	0.003
2.068	5.663	0.935	0.003
2.168	6.124	0.937	0.003
2.280	6.325	0.940	0.004
2.392	6.343	0.943	0.004
2.503	6.350	0.945	0.004
2.561	6.437	0.947	0.004
2.601	6.545	0.948	0.004
2.664	6.561	0.950	0.004
2.743	6.467	0.951	0.004
2.771	6.364	0.952	0.004
2.712	6.350	0.954	0.004
2.589	6.407	0.954	0.004
2.472	6.435	0.955	0.004
2.377	6.374	0.955	0.004
2.309	6.262	0.956	0.004
2.253	6.169	0.957	0.004
2.195	6.115	0.957	0.004
2.164	6.046	0.958	0.004
2.109	5.909	0.958	0.004
1.990	5.703	0.958	0.004
1.801	5.451	0.957	0.004
1.618	5.162	0.957	0.004
1.493	4.819	0.957	0.004
1.386	4.408	0.956	0.003
1.259	3.958	0.956	0.003
1.163	3.522	0.956	0.003
1.217	3.135	0.955	0.003
1.358	2.790	0.955	0.003
1.400	2.473	0.955	0.003
1.228	2.185	0.955	0.003
1.037	1.938	0.956	0.002
0.936	1.723	0.957	0.002
0.903	1.501	0.958	0.002
0.812	1.242	0.958	0.002
0.623	0.962	0.958	0.002
0.447	0.714	0.958	0.002
0.418	0.544	0.959	0.002
0.518	0.451	0.960	0.001
0.594	0.397	0.960	0.001
0.549	0.355	0.960	0.001
0.436	0.319	0.961	0.001
0.359	0.297	0.961	0.001
0.335	0.283	0.961	0.001
0.312	0.259	0.961	0.001
0.263	0.219	0.960	0.001
0.227	0.176	0.959	0.001
0.230	0.154	0.958	0.001
0.250	0.165	0.956	0.001
0.239	0.201	0.954	0.001
0.200	0.250	0.950	0.001
0.172	0.297	0.946	0.001
0.186	0.328	0.940	0.001
0.225	0.327	0.934	0.001
0.245	0.296	0.926	0.001
0.236	0.252	0.919	0.001
0.223	0.224	0.911	0.001
0.220	0.219	0.903	0.001
0.322	0.227	0.895	0.001
0.438	0.232	0.886	0.001
0.505	0.238	0.877	0.001
0.549	0.259	0.867	0.001
0.722	0.306	0.857	0.001
1.191	0.369	0.847	0.001
2.037	0.418	0.836	0.001
3.158	0.432	0.825	0.001
4.410	0.414	0.814	0.001
5.690	0.391	0.803	0.001
6.824	0.390	0.791	0.001
7.794	0.421	0.779	0.001
8.539	0.467	0.767	0.001
9.055	0.499	0.754	0.001
9.338	0.488	0.741	0.001
9.475	0.421	0.730	0.001
9.477	0.324	0.719	0.001
9.179	0.247	0.709	0.001
8.662	0.233	0.699	0.001
8.112	0.280	0.689	0.001
7.661	0.351	0.679	0.001
7.235	0.401	0.670	0.001
6.501	0.413	0.661	0.001
5.395	0.394	0.652	0.001
4.241	0.361	0.643	0.001
3.334	0.329	0.634	0.001
2.690	0.306	0.625	0.001
2.105	0.292	0.616	0.001
1.456	0.278	0.607	0.001
0.853	0.251	0.597	0.001
0.488	0.211	0.587	0.001
0.374	0.170	0.577	0.001
0.335	0.144	0.567	0.001
0.224	0.135	0.556	0.001
0.069	0.130	0.546	0.001
-0.012	0.120	0.536	0.001
0.015	0.107	0.525	0.001
0.069	0.098	0.514	0.001
0.069	0.093	0.502	0.001
0.022	0.088	0.489	0.000
-0.009	0.080	0.476	0.000
0.006	0.071	0.462	0.000
0.035	0.066	0.448	0.000
0.037	0.064	0.434	0.000
0.013	0.060	0.419	0.000
-0.002	0.052	0.403	0.000
0.007	0.046	0.386	0.000
0.025	0.044	0.367	0.000
0.029	0.045	0.347	0.000
0.016	0.043	0.325	0.000
0.006	0.035	0.303	0.000
0.008	0.025	0.279	0.000
0.017	0.020	0.254	0.000
0.019	0.020	0.229	0.000
0.012	0.023	0.204	0.000
0.005	0.024	0.179	0.000
0.005	0.023	0.155	0.000
0.010	0.024	0.134	0.000
0.012	0.030	0.117	0.000
0.010	0.035	0.107	0.000
0.007	0.035	0.106	0.000
0.008	0.030	0.116	0.000
0.010	0.025	0.136	0.000
0.011	0.024	0.162	0.000
0.009	0.026	0.193	0.000
0.008	0.026	0.227	0.000
0.009	0.022	0.263	0.000
0.012	0.016	0.302	0.000
0.014	0.011	0.343	0.000
0.014	0.009	0.385	0.000
0.014	0.007	0.428	0.000
0.013	0.005	0.472	0.000
0.012	0.003	0.515	0.000
0.012	0.002	0.558	0.000
0.012	0.003	0.602	0.000
0.013	0.004	0.647	0.000
0.012	0.005	0.691	0.000
0.010	0.006	0.732	0.000
0.008	0.006	0.770	0.000
0.006	0.007	0.803	0.000
0.005	0.008	0.832	0.000
0.005	0.010	0.855	0.000
0.005	0.012	0.874	0.000
0.004	0.016	0.888	0.000
0.004	0.019	0.898	0.000
0.005	0.021	0.906	0.000
0.006	0.022	0.911	0.000
0.007	0.023	0.914	0.000
0.007	0.026	0.917	0.000
0.006	0.028	0.918	0.000
0.006	0.028	0.919	0.000
0.006	0.027	0.918	0.000
0.006	0.025	0.917	0.000
0.006	0.025	0.916	0.000
0.005	0.027	0.915	0.000
0.005	0.029	0.913	0.000
0.004	0.028	0.911	0.000
0.005	0.025	0.909	0.000
0.005	0.023	0.908	0.000
0.006	0.022	0.908	0.000
0.006	0.020	0.908	0.000
0.006	0.017	0.909	0.000
0.006	0.013	0.909	0.000
0.005	0.010	0.909	0.000
0.005	0.010	0.908	0.000
0.006	0.012	0.906	0.000
0.007	0.013	0.904	0.000
0.007	0.013	0.902	0.000
0.007	0.012	0.899	0.000
