0.810	0.000	0.000	0.000
2.494	0.000	0.000	0.000
4.226	0.002	0.000	0.000
5.049	0.014	0.000	0.000
4.812	0.144	0.000	0.000
4.202	0.619	0.000	0.000
4.026	1.554	0.000	0.000
4.422	2.608	0.000	0.000
4.919	3.353	0.000	0.000
5.082	3.708	0.000	0.000
5.030	3.923	0.000	0.000
5.087	4.411	0.000	0.000
5.370	5.469	0.000	0.001
5.739	6.992	0.000	0.002
6.068	8.890	0.000	0.004
6.432	10.957	0.000	0.005
6.953	13.007	0.000	0.005
7.368	14.940	0.000	0.005
7.775	16.709	0.000	0.005
8.256	18.022	0.000	0.006
8.917	18.854	0.000	0.006
9.607	19.488	0.000	0.007
10.113	20.514	0.000	0.007
10.263	22.415	0.000	0.007
10.156	25.086	0.000	0.007
10.232	27.724	0.000	0.008
10.285	29.568	0.000	0.008
10.014	30.615	0.000	0.008
9.350	31.253	0.000	0.008
8.645	31.357	0.000	0.008
8.284	30.188	0.000	0.008
8.269	27.228	0.000	0.008
8.261	23.093	0.000	0.008
7.999	19.355	0.000	0.008
7.499	17.101	0.000	0.007
7.001	16.074	0.000	0.007
6.607	15.165	0.000	0.007
6.153	13.580	0.000	0.006
5.531	11.448	0.000	0.006
4.910	9.295	0.000	0.006
4.585	7.324	0.000	0.005
4.515	5.478	0.000	0.005
4.456	3.881	0.000	0.004
4.248	2.938	0.000	0.004
4.006	2.882	0.000	0.004
3.875	3.340	0.000	0.003
3.870	3.635	0.000	0.003
3.835	3.435	0.000	0.003
3.640	3.006	0.000	0.003
3.332	2.822	0.000	0.003
3.138	3.035	0.000	0.003
3.004	3.359	0.000	0.003
2.758	3.388	0.000	0.003
2.310	2.985	0.000	0.003
1.775	2.360	0.000	0.003
1.349	1.792	0.000	0.002
1.116	1.398	0.000	0.002
1.033	1.134	0.000	0.002
0.937	0.934	0.000	0.002
0.768	0.792	0.000	0.002
0.592	0.725	0.000	0.002
0.500	0.716	0.000	0.002
0.497	0.702	0.000	0.001
0.540	0.643	0.000	0.001
0.576	0.555	0.000	0.001
0.590	0.486	0.000	0.001
0.606	0.460	0.000	0.001
0.642	0.458	0.000	0.001
0.693	0.440	0.000	0.001
0.746	0.387	0.000	0.001
0.793	0.307	0.000	0.001
0.836	0.232	0.000	0.001
0.883	0.191	0.000	0.001
0.930	0.205	0.000	0.001
0.968	0.274	0.000	0.001
0.981	0.378	0.000	0.001
0.963	0.485	0.000	0.001
0.942	0.570	0.000	0.001
0.953	0.628	0.000	0.001
0.987	0.691	0.000	0.001
1.011	0.790	0.000	0.001
1.021	0.919	0.000	0.001
1.029	1.048	0.000	0.001
1.060	1.169	0.000	0.002
1.110	1.336	0.000	0.002
1.156	1.593	0.000	0.002
1.176	1.923	0.000	0.002
1.173	2.268	0.000	0.002
1.157	2.572	0.000	0.002
1.144	2.801	0.000	0.002
1.128	2.932	0.000	0.002
1.104	2.944	0.000	0.002
1.069	2.860	0.000	0.003
1.053	2.731	0.000	0.003
1.055	2.613	0.000	0.003
1.051	2.524	0.000	0.003
1.024	2.435	0.000	0.003
0.975	2.318	0.000	0.002
0.938	2.187	0.000	0.002
0.914	2.080	0.000	0.002
0.881	2.022	0.150	0.002
0.830	1.998	0.457	0.002
0.772	1.977	0.775	0.002
0.727	1.942	0.929	0.002
0.704	1.894	0.886	0.002
0.675	1.833	0.765	0.002
0.630	1.754	0.713	0.002
0.569	1.640	0.757	0.002
0.510	1.494	0.809	0.002
0.462	1.350	0.797	0.002
0.424	1.254	0.742	0.002
0.385	1.225	0.712	0.002
0.341	1.234	0.732	0.002
0.298	1.225	0.758	0.002
0.259	1.153	0.750	0.002
0.223	1.010	0.716	0.002
0.189	0.821	0.694	0.002
0.155	0.632	0.699	0.001
0.127	0.483	0.710	0.001
0.112	0.393	0.704	0.001
0.109	0.350	0.682	0.001
0.111	0.331	0.665	0.001
0.110	0.315	0.662	0.001
0.107	0.302	0.665	0.001
0.104	0.293	0.659	0.001
0.105	0.279	0.644	0.001
0.104	0.247	0.630	0.001
0.099	0.199	0.625	0.001
0.095	0.151	0.623	0.001
0.096	0.122	0.618	0.001
0.102	0.114	0.609	0.001
0.106	0.113	0.601	0.001
0.106	0.105	0.598	0.001
0.104	0.086	0.601	0.001
0.104	0.064	0.604	0.000
0.108	0.046	0.606	0.000
0.120	0.034	0.611	0.000
0.126	0.028	0.622	0.000
0.118	0.027	0.636	0.000
0.099	0.029	0.650	0.000
0.079	0.032	0.663	0.000
0.070	0.036	0.676	0.000
0.070	0.037	0.690	0.000
0.073	0.037	0.705	0.000
0.070	0.036	0.718	0.000
0.061	0.037	0.729	0.000
0.052	0.043	0.740	0.000
0.047	0.052	0.750	0.000
0.044	0.060	0.759	0.000
0.038	0.066	0.768	0.000
0.029	0.069	0.775	0.000
0.024	0.068	0.782	0.000
0.022	0.064	0.789	0.000
0.026	0.060	0.797	0.000
0.030	0.057	0.804	0.000
0.030	0.059	0.810	0.000
0.028	0.067	0.815	0.000
0.027	0.082	0.819	0.000
0.029	0.098	0.822	0.000
0.032	0.111	0.825	0.000
0.035	0.118	0.827	0.000
0.035	0.125	0.828	0.000
0.037	0.135	0.827	0.001
0.039	0.145	0.826	0.001
0.039	0.152	0.825	0.001
0.039	0.153	0.823	0.001
0.040	0.155	0.822	0.001
0.043	0.157	0.820	0.001
0.047	0.153	0.818	0.001
0.048	0.140	0.817	0.001
0.044	0.124	0.816	0.001
0.039	0.114	0.816	0.001
0.035	0.110	0.815	0.001
0.034	0.098	0.814	0.001
0.033	0.073	0.812	0.000
0.033	0.043	0.810	0.000
0.034	0.024	0.805	0.000
0.036	0.022	0.800	0.000
0.037	0.028	0.793	0.000
0.036	0.033	0.786	0.000
0.034	0.036	0.779	0.000
0.033	0.038	0.773	0.000
0.032	0.038	0.767	0.000
0.031	0.034	0.760	0.000
0.030	0.025	0.753	0.000
0.028	0.016	0.745	0.000
0.029	0.009	0.736	0.000
0.034	0.007	0.725	0.000
0.041	0.005	0.711	0.000
0.045	0.003	0.697	0.000
0.044	0.004	0.682	0.000
0.040	0.010	0.667	0.000
0.036	0.016	0.651	0.000
0.036	0.018	0.634	0.000
0.040	0.015	0.616	0.000
0.046	0.010	0.599	0.000
0.054	0.008	0.582	0.000
0.060	0.008	0.567	0.000
0.065	0.010	0.555	0.000
0.068	0.013	0.544	0.000
0.068	0.019	0.537	0.000
0.065	0.030	0.531	0.000
0.061	0.038	0.528	0.000
0.057	0.042	0.525	0.000
0.053	0.047	0.524	0.000
0.047	0.062	0.522	0.000
0.042	0.082	0.519	0.000
0.036	0.091	0.516	0.000
0.032	0.079	0.513	0.000
0.028	0.054	0.510	0.000
0.024	0.039	0.507	0.000
0.020	0.044	0.503	0.000
0.016	0.058	0.498	0.000
0.014	0.060	0.494	0.000
0.014	0.045	0.490	0.000
0.014	0.026	0.487	0.000
0.014	0.018	0.485	0.000
0.013	0.024	0.484	0.000
0.012	0.028	0.482	0.000
0.011	0.021	0.480	0.000
0.012	0.007	0.478	0.000
0.014	-0.002	0.476	0.000
0.014	0.000	0.474	0.000
0.014	0.009	0.470	0.000
0.015	0.016	0.466	0.000
0.016	0.018	0.460	0.000
0.017	0.018	0.453	0.000
0.018	0.017	0.445	0.000
0.018	0.016	0.438	0.000
0.018	0.015	0.431	0.000
0.018	0.013	0.424	0.000
0.017	0.012	0.417	0.000
0.015	0.014	0.411	0.000
0.014	0.015	0.406	0.000
0.012	0.013	0.404	0.000
0.012	0.009	0.404	0.000
0.011	0.006	0.404	0.000
0.010	0.006	0.404	0.000
0.010	0.005	0.403	0.000
0.010	0.004	0.401	0.000
0.010	0.001	0.399	0.000
0.010	-0.000	0.397	0.000
0.010	0.001	0.396	0.000
0.010	0.002	0.394	0.000
0.010	0.003	0.393	0.000
0.010	0.003	0.393	0.000
0.010	0.002	0.394	0.000
0.011	0.003	0.394	0.000
0.011	0.005	0.394	0.000
0.010	0.007	0.392	0.000
0.010	0.006	0.387	0.000
0.010	0.004	0.379	0.000
0.010	0.002	0.369	0.000
0.010	0.002	0.357	0.000
0.011	0.001	0.344	0.000
0.010	0.001	0.330	0.000
0.009	0.000	0.318	0.000
0.008	0.000	0.307	0.000
0.008	0.001	0.298	0.000
0.008	0.002	0.291	0.000
0.007	0.002	0.285	0.000
0.005	0.002	0.282	0.000
0.003	0.001	0.279	0.000
0.002	0.001	0.277	0.000
0.003	0.002	0.274	0.000
0.004	0.003	0.272	0.000
0.004	0.004	0.270	0.000
0.003	0.006	0.270	0.000
0.003	0.008	0.272	0.000
0.003	0.012	0.273	0.000
0.003	0.016	0.275	0.000
0.004	0.017	0.275	0.000
0.004	0.016	0.275	0.000
0.003	0.014	0.274	0.000
0.003	0.011	0.271	0.000
0.003	0.011	0.268	0.000
0.003	0.011	0.265	0.000
0.003	0.010	0.263	0.000
0.003	0.008	0.262	0.000
0.003	0.006	0.261	0.000
0.004	0.005	0.260	0.000
0.006	0.005	0.260	0.000
0.008	0.006	0.259	0.000
0.009	0.008	0.259	0.000
0.009	0.014	0.258	0.000
0.008	0.024	0.257	0.000
0.008	0.033	0.256	0.000
0.009	0.036	0.254	0.000
0.010	0.030	0.253	0.000
0.011	0.020	0.250	0.000
0.011	0.012	0.245	0.000
0.012	0.010	0.239	0.000
0.014	0.011	0.231	0.000
0.015	0.011	0.219	0.000
0.016	0.009	0.205	0.000
0.015	0.005	0.186	0.000
0.013	0.002	0.166	0.000
0.013	0.003	0.146	0.000
0.012	0.008	0.127	0.000
0.012	0.014	0.113	0.000
0.011	0.016	0.105	0.000
0.009	0.012	0.104	0.000
0.009	0.004	0.113	0.000
0.008	-0.000	0.129	0.000
0.008	0.001	0.149	0.000
0.007	0.006	0.169	0.000
0.006	0.009	0.187	0.000
0.005	0.009	0.204	0.000
0.005	0.008	0.218	0.000
0.005	0.008	0.231	0.000
0.005	0.008	0.243	0.000
0.005	0.007	0.255	0.000
0.004	0.005	0.267	0.000
0.004	0.004	0.278	0.000
0.004	0.005	0.288	0.000
0.004	0.007	0.299	0.000
0.003	0.008	0.312	0.000
0.002	0.008	0.323	0.000
0.003	0.008	0.333	0.000
0.003	0.007	0.337	0.000
0.004	0.006	0.335	0.000
0.005	0.004	0.330	0.000
0.006	0.003	0.323	0.000
0.007	0.002	0.316	0.000
0.007	0.002	0.309	0.000
0.008	0.002	0.302	0.000
0.008	0.004	0.298	0.000
0.008	0.006	0.296	0.000
0.008	0.008	0.296	0.000
0.008	0.009	0.296	0.000
0.007	0.010	0.296	0.000
0.007	0.011	0.294	0.000
0.006	0.011	0.292	0.000
0.006	0.010	0.291	0.000
0.006	0.009	0.290	0.000
0.007	0.007	0.290	0.000
0.008	0.007	0.290	0.000
0.010	0.007	0.292	0.000
0.012	0.007	0.295	0.000
0.012	0.007	0.298	0.000
0.012	0.006	0.302	0.000
0.012	0.006	0.305	0.000
0.012	0.007	0.306	0.000
0.012	0.008	0.306	0.000
0.013	0.008	0.307	0.000
0.012	0.007	0.308	0.000
0.011	0.006	0.308	0.000
0.009	0.006	0.306	0.000
0.008	0.005	0.301	0.000
0.006	0.005	0.294	0.000
0.004	0.005	0.288	0.000
0.004	0.008	0.282	0.000
0.004	0.010	0.277	0.000
0.004	0.010	0.273	0.000
0.004	0.006	0.271	0.000
0.004	0.003	0.272	0.000
0.005	0.001	0.277	0.000
0.006	0.002	0.286	0.000
0.007	0.003	0.297	0.000
0.007	0.003	0.310	0.000
0.005	0.003	0.322	0.000
0.004	0.002	0.334	0.000
0.003	0.002	0.345	0.000
0.003	0.002	0.355	0.000
0.003	0.002	0.363	0.000
0.003	0.002	0.370	0.000
0.002	0.002	0.374	0.000
0.002	0.002	0.377	0.000
0.001	0.002	0.380	0.000
0.001	0.001	0.381	0.000
0.001	-0.000	0.382	0.000
0.001	-0.000	0.383	0.000
0.001	-0.000	0.383	0.000
0.001	0.000	0.383	0.000
0.001	0.000	0.383	0.000
0.001	0.000	0.383	0.000
0.001	0.000	0.382	0.000
0.001	0.000	0.382	0.000
0.001	0.000	0.380	0.000
0.001	0.000	0.376	0.000
0.001	0.000	0.372	0.000
0.002	0.000	0.366	0.000
0.002	0.000	0.361	0.000
0.002	0.000	0.355	0.000
0.002	0.000	0.347	0.000
0.002	0.001	0.336	0.000
0.002	0.001	0.322	0.000
0.002	0.001	0.306	0.000
0.002	0.001	0.291	0.000
0.002	0.001	0.279	0.000
0.002	0.001	0.268	0.000
0.002	0.001	0.259	0.000
0.002	0.001	0.248	0.000
0.002	0.001	0.236	0.000
0.002	0.001	0.224	0.000
0.001	0.001	0.212	0.000
0.001	0.002	0.201	0.000
0.002	0.002	0.191	0.000
0.002	0.002	0.182	0.000
0.002	0.002	0.176	0.000
0.002	0.002	0.173	0.000
0.003	0.002	0.174	0.000
0.004	0.002	0.175	0.000
0.006	0.002	0.174	0.000
0.012	0.002	0.170	0.000
0.028	0.001	0.165	0.000
0.068	0.000	0.159	0.000
0.160	-0.000	0.156	0.000
0.343	-0.000	0.154	0.000
0.659	0.000	0.156	0.000
1.113	0.001	0.161	0.000
1.722	0.002	0.169	0.000
2.429	0.004	0.177	0.000
3.167	0.006	0.179	0.000
3.866	0.013	0.174	0.000
4.444	0.025	0.161	0.000
4.892	0.038	0.147	0.000
5.234	0.044	0.135	0.000
5.503	0.038	0.130	0.000
5.635	0.026	0.133	0.000
5.649	0.017	0.144	0.000
5.636	0.014	0.162	0.000
5.584	0.013	0.184	0.000
5.443	0.009	0.206	0.000
5.163	0.003	0.226	0.000
4.773	-0.000	0.242	0.000
4.355	0.002	0.254	0.000
3.982	0.006	0.262	0.000
3.648	0.010	0.268	0.000
3.305	0.013	0.271	0.000
2.917	0.023	0.273	0.000
2.515	0.043	0.274	0.000
2.155	0.071	0.275	0.000
1.857	0.094	0.275	0.000
1.572	0.105	0.277	0.000
1.278	0.108	0.281	0.000
0.999	0.112	0.286	0.000
0.777	0.117	0.290	0.000
0.619	0.117	0.293	0.000
0.490	0.109	0.293	0.001
0.359	0.101	0.291	0.001
0.235	0.100	0.290	0.001
0.142	0.103	0.290	0.000
0.093	0.098	0.293	0.000
0.067	0.080	0.299	0.000
0.041	0.053	0.306	0.000
0.016	0.033	0.315	0.000
0.003	0.024	0.322	0.000
0.008	0.024	0.328	0.000
0.021	0.022	0.333	0.000
0.027	0.018	0.338	0.000
0.024	0.013	0.344	0.000
0.020	0.014	0.350	0.000
0.023	0.020	0.356	0.000
0.029	0.026	0.363	0.000
0.034	0.027	0.371	0.000
0.036	0.023	0.380	0.000
0.040	0.020	0.389	0.000
0.048	0.022	0.396	0.000
0.055	0.031	0.402	0.000
0.056	0.043	0.407	0.000
0.048	0.057	0.411	0.000
0.037	0.068	0.416	0.000
0.030	0.071	0.422	0.000
0.029	0.062	0.430	0.000
0.028	0.046	0.441	0.000
0.026	0.031	0.453	0.000
0.022	0.025	0.465	0.000
0.023	0.027	0.477	0.000
0.027	0.031	0.489	0.000
0.032	0.032	0.500	0.000
0.036	0.032	0.510	0.000
0.036	0.034	0.518	0.000
0.035	0.038	0.526	0.000
0.033	0.042	0.531	0.000
0.030	0.043	0.536	0.000
0.029	0.046	0.540	0.000
0.030	0.056	0.542	0.000
0.033	0.075	0.542	0.000
0.033	0.101	0.540	0.000
0.030	0.129	0.538	0.000
0.026	0.154	0.534	0.000
0.024	0.165	0.532	0.001
0.023	0.157	0.530	0.001
0.021	0.136	0.529	0.001
0.020	0.112	0.529	0.001
0.019	0.095	0.530	0.001
0.019	0.081	0.532	0.001
0.021	0.064	0.534	0.000
0.024	0.042	0.537	0.000
0.029	0.024	0.539	0.000
0.034	0.017	0.540	0.000
0.035	0.023	0.542	0.000
0.032	0.031	0.544	0.000
0.027	0.032	0.545	0.000
0.027	0.023	0.545	0.000
0.030	0.014	0.546	0.000
0.033	0.012	0.546	0.000
0.034	0.018	0.546	0.000
0.033	0.024	0.547	0.000
0.032	0.025	0.547	0.000
0.032	0.022	0.548	0.000
0.033	0.018	0.548	0.000
0.034	0.018	0.548	0.000
0.033	0.019	0.547	0.000
0.031	0.018	0.546	0.000
0.031	0.018	0.542	0.000
0.033	0.019	0.538	0.000
0.036	0.024	0.533	0.000
0.039	0.028	0.530	0.000
0.039	0.032	0.529	0.000
0.041	0.036	0.529	0.000
0.052	0.038	0.528	0.000
0.080	0.035	0.527	0.000
0.124	0.027	0.528	0.000
0.172	0.017	0.532	0.000
0.217	0.016	0.539	0.000
0.255	0.023	0.546	0.000
0.298	0.028	0.552	0.000
0.354	0.022	0.556	0.000
0.418	0.008	0.560	0.000
0.483	0.001	0.564	0.000
0.534	0.009	0.568	0.000
0.563	0.025	0.574	0.000
0.591	0.033	0.580	0.000
0.624	0.025	0.588	0.000
0.650	0.010	0.599	0.000
0.653	0.003	0.611	0.000
0.638	0.006	0.625	0.000
0.627	0.013	0.639	0.000
0.635	0.014	0.653	0.000
0.661	0.009	0.667	0.000
0.684	0.005	0.680	0.000
0.686	0.008	0.693	0.000
0.666	0.016	0.705	0.000
0.640	0.028	0.714	0.000
0.624	0.035	0.719	0.000
0.612	0.036	0.720	0.000
0.599	0.030	0.721	0.000
0.586	0.022	0.720	0.000
0.583	0.018	0.719	0.000
0.597	0.019	0.716	0.000
0.617	0.025	0.711	0.000
0.629	0.034	0.706	0.000
0.631	0.042	0.701	0.000
0.642	0.052	0.695	0.000
0.674	0.062	0.690	0.000
0.725	0.071	0.685	0.000
0.793	0.073	0.680	0.000
0.879	0.067	0.677	0.000
0.962	0.057	0.674	0.000
1.019	0.048	0.671	0.000
1.051	0.045	0.666	0.000
1.074	0.048	0.661	0.000
1.093	0.053	0.657	0.000
1.113	0.056	0.655	0.000
1.132	0.059	0.656	0.000
1.149	0.064	0.661	0.000
1.154	0.072	0.671	0.000
1.156	0.082	0.685	0.000
1.166	0.089	0.702	0.000
1.183	0.093	0.722	0.000
1.189	0.093	0.742	0.000
1.166	0.093	0.760	0.000
1.121	0.095	0.777	0.000
1.077	0.102	0.792	0.000
1.039	0.115	0.803	0.000
1.000	0.128	0.813	0.001
0.935	0.140	0.823	0.001
0.846	0.151	0.832	0.001
0.730	0.168	0.843	0.001
0.612	0.200	0.854	0.001
0.512	0.254	0.866	0.001
0.439	0.327	0.878	0.001
0.394	0.393	0.889	0.001
0.373	0.421	0.897	0.001
0.366	0.397	0.902	0.001
0.364	0.352	0.904	0.001
0.366	0.325	0.906	0.001
0.375	0.337	0.908	0.001
0.390	0.378	0.911	0.001
0.399	0.427	0.913	0.001
0.392	0.479	0.914	0.001
0.372	0.538	0.915	0.001
0.348	0.596	0.917	0.001
0.333	0.635	0.919	0.001
0.333	0.636	0.921	0.001
0.343	0.602	0.924	0.001
0.361	0.554	0.928	0.001
0.387	0.516	0.933	0.001
0.416	0.497	0.938	0.001
0.437	0.498	0.942	0.001
0.457	0.514	0.945	0.001
0.482	0.536	0.945	0.001
0.509	0.544	0.945	0.001
0.526	0.520	0.945	0.001
0.545	0.464	0.944	0.001
0.563	0.404	0.943	0.001
0.573	0.369	0.942	0.001
0.578	0.367	0.942	0.001
0.598	0.383	0.942	0.001
0.638	0.396	0.942	0.001
0.697	0.406	0.942	0.001
0.755	0.434	0.942	0.001
0.794	0.516	0.941	0.001
0.809	0.659	0.939	0.001
0.801	0.829	0.937	0.001
0.771	0.974	0.935	0.001
0.741	1.064	0.931	0.001
0.721	1.103	0.927	0.001
0.709	1.105	0.923	0.001
0.694	1.066	0.921	0.002
0.660	0.970	0.920	0.002
0.614	0.817	0.920	0.001
0.573	0.643	0.920	0.001
0.551	0.499	0.920	0.001
0.542	0.419	0.921	0.001
0.537	0.391	0.921	0.001
0.525	0.380	0.922	0.001
0.513	0.355	0.923	0.001
0.493	0.319	0.924	0.001
0.468	0.293	0.925	0.001
0.443	0.294	0.926	0.001
0.436	0.312	0.928	0.001
0.455	0.321	0.929	0.001
0.488	0.306	0.930	0.001
0.516	0.289	0.930	0.001
0.536	0.302	0.930	0.001
0.559	0.352	0.931	0.001
0.599	0.407	0.931	0.001
0.684	0.433	0.931	0.001
0.775	0.446	0.931	0.001
0.836	0.506	0.931	0.001
0.869	0.664	0.931	0.001
0.899	0.891	0.931	0.001
0.941	1.097	0.930	0.001
0.994	1.210	0.929	0.001
1.047	1.280	0.928	0.002
1.141	1.445	0.927	0.002
1.267	1.731	0.926	0.002
1.407	2.014	0.924	0.002
1.527	2.148	0.922	0.002
1.589	2.170	0.920	0.002
1.610	2.206	0.918	0.002
1.642	2.313	0.916	0.002
1.720	2.430	0.914	0.002
1.841	2.482	0.911	0.002
1.952	2.490	0.907	0.002
2.023	2.508	0.903	0.002
2.107	2.504	0.898	0.002
2.278	2.405	0.893	0.002
2.511	2.224	0.887	0.002
2.692	2.085	0.880	0.002
2.761	2.109	0.873	0.002
2.795	2.276	0.866	0.002
2.842	2.451	0.858	0.002
2.916	2.511	0.848	0.002
2.961	2.447	0.836	0.002
2.904	2.331	0.822	0.002
2.768	2.204	0.807	0.002
2.643	2.039	0.791	0.002
2.595	1.846	0.774	0.002
2.599	1.720	0.757	0.002
2.610	1.775	0.739	0.002
2.584	2.010	0.722	0.002
2.528	2.313	0.705	0.002
2.485	2.623	0.687	0.002
2.513	2.952	0.669	0.002
2.616	3.290	0.651	0.003
2.751	3.564	0.633	0.003
2.872	3.745	0.615	0.003
2.973	3.926	0.595	0.003
3.066	4.231	0.575	0.003
3.206	4.688	0.557	0.003
3.453	5.210	0.540	0.003
3.841	5.729	0.524	0.003
4.306	6.301	0.511	0.004
4.749	7.073	0.498	0.004
5.147	8.147	0.488	0.004
5.556	9.462	0.480	0.004
6.080	10.867	0.475	0.005
6.731	12.265	0.472	0.005
7.435	13.682	0.470	0.005
8.008	15.216	0.470	0.005
8.403	16.926	0.471	0.006
8.680	18.749	0.474	0.006
8.986	20.554	0.478	0.006
9.418	22.342	0.484	0.007
10.121	24.280	0.491	0.007
10.816	26.438	0.499	0.007
11.227	28.727	0.509	0.008
11.319	30.815	0.519	0.008
11.304	32.268	0.530	0.008
11.480	32.942	0.541	0.008
11.936	32.991	0.553	0.009
12.283	32.913	0.566	0.009
12.464	33.432	0.579	0.009
12.535	34.688	0.592	0.009
12.649	36.153	0.605	0.009
12.808	37.137	0.618	0.009
12.958	37.442	0.630	0.009
12.919	37.484	0.642	0.009
12.611	37.773	0.653	0.009
12.189	38.235	0.664	0.009
11.869	38.309	0.674	0.009
11.715	37.444	0.684	0.009
11.552	35.735	0.693	0.009
11.279	33.897	0.702	0.009
10.882	32.610	0.711	0.009
10.427	31.914	0.719	0.009
10.055	31.243	0.727	0.009
9.633	30.081	0.735	0.009
9.153	28.557	0.743	0.009
8.582	27.066	0.750	0.008
8.247	25.850	0.758	0.008
7.951	24.695	0.765	0.008
7.454	23.413	0.773	0.008
6.689	22.006	0.781	0.008
5.917	20.402	0.789	0.007
5.461	18.264	0.796	0.007
5.410	15.393	0.803	0.007
5.557	12.156	0.810	0.006
5.558	9.440	0.817	0.006
5.313	7.835	0.823	0.006
4.957	7.116	0.829	0.005
4.658	6.559	0.834	0.005
4.500	5.710	0.840	0.004
4.429	4.716	0.845	0.004
4.386	3.997	0.851	0.004
4.324	3.686	0.856	0.004
4.232	3.535	0.862	0.003
4.123	3.279	0.867	0.003
3.975	2.927	0.872	0.003
3.810	2.674	0.877	0.003
3.650	2.602	0.882	0.003
3.503	2.571	0.887	0.003
3.397	2.404	0.892	0.003
3.344	2.099	0.897	0.002
3.323	1.808	0.902	0.002
3.308	1.654	0.906	0.002
3.287	1.618	0.910	0.002
3.272	1.597	0.914	0.002
3.299	1.535	0.917	0.002
3.334	1.447	0.921	0.002
3.288	1.351	0.924	0.002
3.121	1.230	0.927	0.002
2.896	1.065	0.930	0.002
2.704	0.874	0.933	0.002
2.616	0.702	0.935	0.002
2.585	0.572	0.937	0.001
2.476	0.447	0.939	0.001
2.286	0.303	0.940	0.001
2.083	0.172	0.942	0.001
1.971	0.122	0.942	0.001
2.049	0.162	0.943	0.001
2.137	0.239	0.943	0.001
2.100	0.281	0.943	0.001
1.992	0.267	0.942	0.001
1.962	0.234	0.942	0.001
2.032	0.232	0.941	0.001
2.088	0.255	0.940	0.001
2.016	0.267	0.939	0.001
1.868	0.250	0.938	0.001
1.808	0.225	0.937	0.001
1.881	0.206	0.936	0.001
2.006	0.188	0.934	0.001
2.117	0.165	0.933	0.001
2.197	0.158	0.932	0.001
2.282	0.200	0.930	0.001
2.367	0.295	0.929	0.001
2.389	0.386	0.928	0.001
2.409	0.415	0.926	0.001
2.508	0.364	0.925	0.001
2.699	0.298	0.923	0.001
2.875	0.311	0.921	0.001
2.981	0.448	0.919	0.001
3.050	0.649	0.917	0.001
3.193	0.790	0.915	0.001
3.398	0.803	0.913	0.001
3.552	0.745	0.911	0.001
3.577	0.727	0.909	0.001
3.533	0.810	0.908	0.001
3.521	0.939	0.906	0.001
3.551	1.004	0.904	0.001
3.548	0.954	0.901	0.001
3.458	0.849	0.899	0.001
3.318	0.794	0.896	0.001
3.191	0.827	0.893	0.001
3.083	0.883	0.891	0.001
2.952	0.880	0.888	0.001
2.796	0.806	0.885	0.001
2.681	0.731	0.882	0.001
2.643	0.735	0.879	0.001
2.636	0.835	0.875	0.001
2.597	0.978	0.872	0.001
2.503	1.093	0.868	0.001
2.418	1.140	0.864	0.002
2.394	1.130	0.860	0.002
2.419	1.105	0.856	0.002
2.445	1.124	0.851	0.002
2.456	1.160	0.847	0.002
2.458	1.227	0.842	0.002
2.481	1.282	0.837	0.002
2.537	1.262	0.833	0.002
2.633	1.150	0.828	0.002
2.769	1.024	0.824	0.002
2.941	1.001	0.820	0.002
3.142	1.129	0.816	0.002
3.338	1.336	0.811	0.002
3.523	1.488	0.807	0.002
3.694	1.523	0.804	0.002
3.822	1.506	0.800	0.002
3.852	1.566	0.797	0.002
3.776	1.764	0.794	0.002
3.693	2.042	0.791	0.002
3.674	2.278	0.788	0.002
3.690	2.365	0.785	0.002
3.622	2.385	0.782	0.002
3.441	2.570	0.779	0.002
3.264	2.773	0.777	0.002
3.169	2.789	0.774	0.003
3.127	2.642	0.772	0.003
3.048	2.420	0.770	0.003
2.902	2.289	0.768	0.003
2.755	2.285	0.766	0.003
2.669	2.284	0.764	0.002
2.642	2.152	0.763	0.002
2.612	1.906	0.761	0.002
2.552	1.662	0.760	0.002
2.519	1.504	0.760	0.002
2.532	1.422	0.760	0.002
2.552	1.365	0.760	0.002
2.517	1.295	0.761	0.002
2.461	1.204	0.761	0.002
2.426	1.082	0.762	0.002
2.443	0.924	0.763	0.002
2.457	0.757	0.765	0.002
2.421	0.636	0.767	0.001
2.350	0.593	0.769	0.001
2.285	0.594	0.772	0.001
2.241	0.569	0.775	0.001
2.213	0.492	0.779	0.001
2.183	0.399	0.782	0.001
2.156	0.340	0.786	0.001
2.150	0.319	0.790	0.001
2.144	0.309	0.794	0.001
2.128	0.296	0.797	0.001
2.068	0.302	0.800	0.001
1.983	0.355	0.802	0.001
1.887	0.437	0.805	0.001
1.841	0.509	0.808	0.001
1.821	0.563	0.811	0.001
1.801	0.627	0.814	0.001
1.763	0.711	0.817	0.001
1.739	0.767	0.819	0.001
1.738	0.742	0.821	0.001
1.764	0.692	0.823	0.001
1.797	0.717	0.825	0.001
1.842	0.872	0.828	0.001
1.915	1.111	0.830	0.001
2.026	1.352	0.833	0.002
2.148	1.575	0.836	0.002
2.245	1.841	0.838	0.002
2.315	2.256	0.840	0.002
2.386	2.896	0.840	0.002
2.475	3.698	0.840	0.002
2.559	4.452	0.839	0.003
2.605	4.884	0.838	0.003
2.615	4.955	0.835	0.003
2.604	4.894	0.830	0.003
2.603	4.880	0.824	0.003
2.612	4.789	0.817	0.003
2.592	4.335	0.810	0.003
2.524	3.479	0.803	0.003
2.460	2.574	0.795	0.003
2.455	1.986	0.785	0.003
2.483	1.760	0.776	0.003
2.541	1.642	0.767	0.002
2.563	1.408	0.757	0.002
2.613	1.114	0.747	0.002
2.634	0.948	0.735	0.002
2.619	0.999	0.723	0.002
2.581	1.145	0.711	0.002
2.592	1.190	0.700	0.002
2.679	1.040	0.689	0.002
2.774	0.771	0.677	0.001
2.782	0.527	0.666	0.001
2.752	0.398	0.654	0.001
2.756	0.361	0.643	0.001
2.803	0.337	0.631	0.001
2.872	0.278	0.619	0.001
2.914	0.208	0.607	0.001
2.895	0.162	0.596	0.001
2.884	0.140	0.585	0.001
2.933	0.113	0.574	0.001
3.031	0.080	0.562	0.001
3.128	0.078	0.551	0.001
3.178	0.148	0.541	0.001
3.170	0.275	0.532	0.001
3.165	0.399	0.523	0.001
3.218	0.471	0.512	0.001
3.254	0.486	0.501	0.001
3.256	0.467	0.489	0.001
3.249	0.431	0.477	0.001
3.299	0.384	0.465	0.001
3.450	0.340	0.453	0.001
3.568	0.334	0.440	0.001
3.543	0.392	0.426	0.001
3.377	0.495	0.412	0.001
3.189	0.582	0.398	0.001
3.112	0.609	0.385	0.001
3.149	0.567	0.373	0.001
3.211	0.500	0.363	0.001
3.212	0.478	0.354	0.001
3.125	0.546	0.345	0.001
3.004	0.671	0.339	0.001
2.929	0.760	0.335	0.001
2.917	0.730	0.335	0.001
2.909	0.600	0.337	0.001
2.853	0.459	0.343	0.001
2.819	0.398	0.350	0.001
2.770	0.408	0.359	0.001
2.678	0.417	0.369	0.001
2.542	0.377	0.379	0.001
2.391	0.314	0.391	0.001
2.246	0.282	0.403	0.001
2.106	0.298	0.415	0.001
1.973	0.317	0.428	0.001
1.842	0.308	0.441	0.001
1.745	0.283	0.453	0.001
1.661	0.294	0.465	0.001
1.599	0.333	0.476	0.001
1.579	0.345	0.487	0.001
1.581	0.297	0.497	0.001
1.590	0.238	0.507	0.001
1.584	0.256	0.517	0.001
1.559	0.347	0.528	0.001
1.520	0.409	0.540	0.001
1.490	0.356	0.553	0.001
1.479	0.208	0.565	0.001
1.518	0.069	0.577	0.001
1.554	0.012	0.588	0.001
1.529	0.022	0.597	0.001
1.421	0.046	0.604	0.000
1.279	0.044	0.611	0.000
1.187	0.026	0.617	0.000
1.194	0.015	0.620	0.000
1.274	0.020	0.621	0.000
1.357	0.026	0.622	0.000
1.420	0.023	0.621	0.000
1.504	0.014	0.619	0.000
1.639	0.014	0.615	0.000
1.786	0.027	0.608	0.000
1.941	0.047	0.601	0.000
2.129	0.070	0.594	0.000
2.389	0.106	0.587	0.000
2.705	0.165	0.579	0.000
3.042	0.228	0.569	0.001
3.373	0.256	0.558	0.001
3.699	0.236	0.547	0.001
4.053	0.215	0.535	0.001
4.441	0.249	0.522	0.001
4.783	0.354	0.507	0.001
5.010	0.505	0.493	0.001
5.143	0.678	0.479	0.001
5.300	0.867	0.465	0.001
5.554	1.062	0.452	0.001
5.816	1.230	0.438	0.001
6.032	1.347	0.423	0.002
6.173	1.429	0.409	0.002
6.228	1.523	0.395	0.002
6.183	1.684	0.383	0.002
6.076	1.913	0.370	0.002
5.999	2.098	0.356	0.002
6.048	2.106	0.343	0.002
6.215	1.924	0.329	0.002
6.442	1.684	0.316	0.002
6.685	1.515	0.305	0.002
6.878	1.444	0.294	0.002
6.952	1.425	0.284	0.002
6.944	1.437	0.275	0.002
6.964	1.495	0.268	0.002
7.051	1.572	0.262	0.002
7.113	1.619	0.258	0.002
7.090	1.639	0.257	0.002
7.014	1.699	0.257	0.002
6.940	1.866	0.258	0.002
6.870	2.094	0.261	0.002
6.785	2.240	0.267	0.002
6.604	2.199	0.274	0.002
6.349	2.029	0.281	0.002
6.128	1.901	0.288	0.002
6.011	1.974	0.296	0.002
5.943	2.258	0.307	0.002
5.891	2.637	0.319	0.002
5.793	2.971	0.333	0.002
5.591	3.196	0.347	0.003
5.359	3.326	0.361	0.003
5.152	3.430	0.376	0.003
5.053	3.573	0.392	0.003
5.074	3.760	0.407	0.003
5.111	3.958	0.421	0.003
5.069	4.164	0.435	0.003
4.937	4.424	0.451	0.003
4.776	4.817	0.466	0.003
4.657	5.368	0.481	0.003
4.603	6.007	0.495	0.004
4.584	6.670	0.508	0.004
4.545	7.361	0.521	0.004
4.496	8.243	0.535	0.004
4.536	9.515	0.548	0.004
4.702	11.024	0.560	0.005
5.262	12.264	0.571	0.005
5.815	12.777	0.582	0.005
6.205	12.942	0.592	0.005
6.188	13.798	0.601	0.006
5.919	16.014	0.610	0.006
5.702	18.878	0.619	0.006
5.751	20.783	0.627	0.006
5.936	20.783	0.633	0.006
6.071	19.571	0.639	0.007
6.120	18.562	0.644	0.007
6.230	18.601	0.650	0.007
6.563	19.223	0.656	0.007
7.130	19.603	0.662	0.007
7.828	19.696	0.668	0.007
8.381	20.353	0.673	0.007
8.694	22.436	0.680	0.007
8.839	25.808	0.687	0.007
8.825	29.308	0.694	0.008
8.790	31.747	0.702	0.008
8.989	32.555	0.709	0.008
9.474	31.957	0.716	0.008
10.029	30.718	0.723	0.008
10.367	29.708	0.730	0.009
10.414	29.613	0.736	0.009
10.112	30.564	0.742	0.009
10.146	31.965	0.747	0.009
10.584	32.670	0.752	0.009
11.074	32.281	0.756	0.009
11.238	31.563	0.761	0.009
11.210	31.639	0.765	0.009
11.183	32.776	0.770	0.009
11.286	34.053	0.775	0.009
11.647	34.306	0.779	0.009
11.854	33.498	0.785	0.009
11.752	32.674	0.791	0.009
11.556	32.626	0.797	0.009
11.521	33.038	0.803	0.009
11.675	33.065	0.810	0.009
11.873	32.570	0.816	0.009
11.979	32.304	0.823	0.009
11.955	33.118	0.830	0.009
11.841	34.744	0.836	0.009
11.748	36.000	0.842	0.009
11.691	35.790	0.848	0.009
11.621	34.092	0.854	0.009
11.548	31.767	0.860	0.009
11.414	29.927	0.866	0.009
11.252	29.102	0.872	0.009
11.132	29.018	0.877	0.009
11.038	28.997	0.883	0.009
10.906	28.635	0.888	0.008
10.791	27.962	0.893	0.008
10.708	27.248	0.898	0.008
10.536	26.688	0.903	0.008
10.183	26.282	0.907	0.008
9.845	25.932	0.911	0.008
9.704	25.567	0.916	0.008
9.746	25.164	0.920	0.008
9.764	24.744	0.923	0.008
9.699	24.329	0.926	0.008
9.717	23.846	0.928	0.008
9.827	23.198	0.930	0.008
10.124	22.429	0.932	0.008
10.368	21.706	0.934	0.007
10.417	21.149	0.936	0.007
10.344	20.624	0.938	0.007
10.338	19.765	0.941	0.007
10.431	18.440	0.943	0.007
10.447	16.986	0.946	0.007
10.256	15.916	0.948	0.007
9.909	15.412	0.951	0.006
9.585	15.138	0.953	0.006
9.406	14.589	0.955	0.006
9.351	13.618	0.958	0.006
9.298	12.482	0.960	0.006
9.097	11.459	0.961	0.006
8.760	10.588	0.963	0.005
8.348	9.764	0.965	0.005
7.983	8.961	0.966	0.005
7.707	8.264	0.968	0.005
7.455	7.761	0.969	0.005
7.190	7.402	0.970	0.005
6.944	7.009	0.970	0.004
6.713	6.413	0.971	0.004
6.500	5.620	0.971	0.004
6.301	4.809	0.971	0.004
6.110	4.186	0.971	0.004
5.953	3.815	0.971	0.003
5.866	3.586	0.970	0.003
5.824	3.359	0.970	0.003
5.848	3.119	0.969	0.003
5.941	2.961	0.968	0.003
6.106	2.948	0.967	0.003
6.275	3.021	0.965	0.003
6.415	3.066	0.964	0.003
6.558	3.069	0.961	0.003
6.706	3.121	0.959	0.003
6.852	3.259	0.956	0.003
6.970	3.389	0.953	0.003
7.079	3.409	0.950	0.003
7.175	3.332	0.946	0.003
7.317	3.286	0.943	0.003
7.478	3.371	0.939	0.003
7.600	3.559	0.935	0.003
7.630	3.735	0.930	0.003
7.559	3.843	0.926	0.003
7.405	3.984	0.922	0.003
7.250	4.233	0.918	0.003
7.126	4.517	0.914	0.003
7.184	4.651	0.909	0.003
7.241	4.516	0.905	0.003
7.109	4.322	0.900	0.003
6.746	4.426	0.895	0.003
6.370	4.887	0.890	0.003
6.155	5.295	0.885	0.003
6.062	5.206	0.880	0.003
5.887	4.727	0.876	0.003
5.564	4.353	0.871	0.003
5.189	4.395	0.866	0.003
4.921	4.719	0.860	0.003
4.859	4.952	0.855	0.003
4.795	4.923	0.849	0.003
4.579	4.855	0.842	0.003
4.209	5.030	0.836	0.003
3.896	5.341	0.828	0.003
3.763	5.422	0.821	0.003
3.866	5.119	0.813	0.003
4.046	4.669	0.805	0.003
4.051	4.522	0.796	0.003
3.855	4.830	0.788	0.004
3.564	5.671	0.780	0.004
3.356	6.300	0.771	0.004
3.294	6.259	0.763	0.004
3.254	6.320	0.754	0.004
3.102	6.639	0.745	0.004
2.824	6.641	0.737	0.004
2.528	5.968	0.728	0.004
2.372	4.902	0.720	0.004
2.460	4.066	0.711	0.004
2.683	3.886	0.702	0.004
2.865	4.005	0.694	0.003
2.884	3.722	0.685	0.003
2.758	2.944	0.677	0.003
2.624	2.295	0.669	0.003
2.614	2.392	0.661	0.003
2.734	3.170	0.653	0.003
2.878	3.884	0.645	0.003
2.953	3.995	0.637	0.003
2.937	3.652	0.629	0.003
2.888	3.377	0.621	0.003
2.861	3.411	0.612	0.003
2.871	3.510	0.604	0.003
2.884	3.393	0.596	0.003
2.854	3.179	0.588	0.003
2.732	3.216	0.580	0.003
2.565	3.602	0.571	0.003
2.412	3.991	0.563	0.003
2.320	3.984	0.555	0.003
2.286	3.586	0.547	0.003
2.294	3.172	0.539	0.003
2.335	3.042	0.530	0.003
2.358	3.123	0.522	0.003
2.366	3.152	0.513	0.003
2.400	2.959	0.504	0.003
2.500	2.639	0.496	0.003
2.629	2.416	0.487	0.003
2.698	2.441	0.479	0.003
2.638	2.720	0.471	0.003
2.566	3.128	0.463	0.003
2.600	3.427	0.456	0.003
2.751	3.468	0.449	0.003
2.939	3.291	0.444	0.003
3.058	3.093	0.440	0.003
3.083	3.062	0.437	0.003
3.094	3.215	0.436	0.003
3.149	3.381	0.437	0.003
3.244	3.380	0.440	0.003
3.333	3.213	0.446	0.003
3.379	3.056	0.454	0.003
3.374	3.088	0.464	0.003
3.355	3.307	0.476	0.003
3.334	3.528	0.488	0.003
3.325	3.535	0.501	0.003
3.239	3.249	0.514	0.003
3.068	2.788	0.526	0.003
2.886	2.372	0.539	0.003
2.775	2.162	0.553	0.003
2.772	2.174	0.567	0.003
2.804	2.290	0.580	0.002
2.836	2.367	0.593	0.002
2.842	2.317	0.604	0.002
2.858	2.154	0.614	0.002
2.916	1.976	0.625	0.002
3.016	1.893	0.636	0.002
3.122	1.951	0.648	0.002
3.240	2.090	0.661	0.002
3.348	2.182	0.673	0.002
3.418	2.140	0.685	0.002
3.397	1.951	0.697	0.002
3.287	1.666	0.709	0.002
3.153	1.355	0.720	0.002
3.072	1.100	0.730	0.002
3.084	0.993	0.739	0.002
3.128	1.106	0.748	0.002
3.104	1.396	0.756	0.002
3.040	1.676	0.763	0.002
3.035	1.749	0.770	0.002
3.133	1.577	0.775	0.002
3.243	1.294	0.778	0.002
3.293	1.060	0.781	0.002
3.296	0.930	0.783	0.002
3.354	0.859	0.784	0.002
3.444	0.806	0.784	0.002
3.535	0.760	0.783	0.002
3.534	0.721	0.781	0.001
3.452	0.679	0.778	0.001
3.328	0.627	0.776	0.001
3.245	0.592	0.775	0.001
3.202	0.607	0.775	0.001
3.157	0.660	0.774	0.001
3.073	0.703	0.773	0.001
3.006	0.713	0.771	0.001
2.956	0.713	0.769	0.001
2.872	0.729	0.766	0.001
2.690	0.738	0.762	0.001
2.447	0.682	0.758	0.001
2.220	0.540	0.753	0.001
2.073	0.370	0.746	0.001
1.998	0.270	0.738	0.001
1.960	0.294	0.730	0.001
1.928	0.422	0.722	0.001
1.900	0.589	0.714	0.001
1.867	0.730	0.706	0.001
1.823	0.808	0.698	0.001
1.782	0.818	0.690	0.001
1.767	0.772	0.682	0.001
1.773	0.706	0.675	0.001
1.796	0.657	0.668	0.001
1.807	0.639	0.662	0.001
1.799	0.627	0.656	0.001
1.772	0.597	0.649	0.001
1.741	0.550	0.642	0.001
1.710	0.509	0.637	0.001
1.679	0.481	0.631	0.001
1.665	0.450	0.626	0.001
1.677	0.400	0.621	0.001
1.689	0.352	0.618	0.001
1.700	0.343	0.615	0.001
1.707	0.379	0.613	0.001
1.720	0.424	0.612	0.001
1.723	0.433	0.612	0.001
1.693	0.401	0.612	0.001
1.629	0.354	0.613	0.001
1.567	0.319	0.614	0.001
1.539	0.305	0.614	0.001
1.534	0.304	0.615	0.001
1.517	0.304	0.617	0.001
1.479	0.296	0.619	0.001
1.444	0.282	0.622	0.001
1.442	0.262	0.624	0.001
1.476	0.238	0.626	0.001
1.510	0.221	0.627	0.001
1.525	0.231	0.628	0.001
1.538	0.271	0.630	0.001
1.572	0.313	0.631	0.001
1.638	0.318	0.632	0.001
1.704	0.280	0.631	0.001
1.741	0.234	0.630	0.001
1.759	0.228	0.627	0.001
1.794	0.280	0.624	0.001
1.874	0.370	0.621	0.001
1.949	0.470	0.619	0.001
1.966	0.560	0.617	0.001
1.918	0.629	0.616	0.001
1.891	0.664	0.614	0.001
1.913	0.637	0.612	0.001
1.940	0.565	0.610	0.001
1.915	0.544	0.608	0.001
1.842	0.651	0.607	0.001
1.772	0.818	0.603	0.001
1.748	0.874	0.597	0.001
1.762	0.736	0.589	0.001
1.788	0.536	0.581	0.001
1.797	0.456	0.571	0.001
1.789	0.532	0.561	0.001
1.775	0.636	0.550	0.001
1.769	0.640	0.539	0.001
1.792	0.564	0.526	0.001
1.835	0.532	0.512	0.001
1.873	0.608	0.497	0.001
1.877	0.728	0.483	0.001
1.857	0.802	0.469	0.001
1.862	0.807	0.455	0.001
1.920	0.790	0.441	0.001
2.055	0.795	0.426	0.001
2.182	0.804	0.411	0.001
2.236	0.789	0.397	0.001
2.210	0.750	0.382	0.001
2.171	0.707	0.367	0.001
2.141	0.673	0.352	0.001
2.118	0.642	0.338	0.001
2.067	0.599	0.326	0.001
1.973	0.558	0.316	0.001
1.865	0.548	0.308	0.001
1.817	0.589	0.303	0.001
1.850	0.671	0.301	0.001
1.883	0.760	0.301	0.001
1.822	0.815	0.303	0.001
1.669	0.807	0.306	0.001
1.553	0.734	0.309	0.001
1.526	0.641	0.313	0.001
1.560	0.586	0.318	0.001
1.634	0.589	0.324	0.001
1.655	0.606	0.332	0.001
1.602	0.563	0.341	0.001
1.551	0.436	0.350	0.001
1.577	0.276	0.359	0.001
1.691	0.165	0.369	0.001
1.832	0.141	0.380	0.001
1.925	0.178	0.392	0.001
1.944	0.223	0.405	0.001
1.986	0.242	0.418	0.001
2.073	0.246	0.432	0.001
2.134	0.257	0.446	0.001
2.165	0.285	0.460	0.001
2.181	0.312	0.474	0.001
2.197	0.316	0.489	0.001
2.234	0.300	0.503	0.001
2.316	0.288	0.517	0.001
2.380	0.286	0.531	0.001
2.383	0.274	0.544	0.001
2.357	0.239	0.558	0.001
2.337	0.197	0.570	0.001
2.325	0.177	0.582	0.001
2.300	0.189	0.592	0.001
2.258	0.208	0.602	0.001
2.230	0.211	0.610	0.001
2.283	0.222	0.617	0.001
2.409	0.292	0.624	0.001
2.523	0.431	0.632	0.001
2.551	0.552	0.639	0.001
2.494	0.591	0.643	0.001
2.415	0.614	0.647	0.001
2.395	0.737	0.652	0.001
2.488	0.871	0.658	0.001
2.536	0.910	0.667	0.001
2.479	0.782	0.675	0.001
2.347	0.591	0.682	0.001
2.248	0.498	0.688	0.001
2.246	0.573	0.692	0.001
2.310	0.740	0.695	0.001
2.388	0.862	0.697	0.001
2.424	0.892	0.699	0.001
2.428	0.874	0.701	0.001
2.477	0.858	0.700	0.001
2.586	0.828	0.695	0.001
2.685	0.749	0.685	0.001
2.731	0.637	0.672	0.001
2.719	0.568	0.661	0.001
2.687	0.611	0.652	0.001
2.674	0.754	0.646	0.001
2.676	0.912	0.638	0.001
2.657	1.012	0.629	0.001
2.621	1.068	0.619	0.001
2.692	1.127	0.608	0.002
2.892	1.203	0.593	0.002
3.099	1.272	0.575	0.002
3.107	1.315	0.555	0.002
2.855	1.343	0.536	0.002
2.604	1.459	0.520	0.002
2.490	1.845	0.505	0.002
2.595	2.282	0.489	0.002
3.015	2.311	0.471	0.002
3.347	1.916	0.453	0.002
3.326	1.601	0.435	0.002
3.049	1.887	0.416	0.002
2.965	2.744	0.397	0.002
3.458	3.485	0.377	0.002
4.445	3.397	0.359	0.002
5.400	2.591	0.342	0.002
5.870	1.848	0.327	0.002
5.964	1.841	0.314	0.002
6.109	2.628	0.302	0.003
6.435	3.877	0.294	0.003
6.715	5.238	0.289	0.003
6.806	6.532	0.288	0.003
6.725	7.662	0.289	0.003
6.640	8.601	0.293	0.004
6.666	9.402	0.300	0.004
6.676	10.073	0.308	0.004
6.581	10.502	0.316	0.005
6.490	10.461	0.324	0.005
6.595	9.859	0.332	0.005
6.751	8.956	0.341	0.005
6.734	8.232	0.350	0.005
6.460	8.144	0.360	0.005
6.078	8.808	0.370	0.005
5.605	9.725	0.379	0.005
5.034	10.297	0.386	0.005
4.595	10.256	0.392	0.005
4.316	9.701	0.397	0.005
4.199	8.962	0.403	0.005
4.287	8.111	0.408	0.005
4.433	7.057	0.414	0.004
4.537	5.861	0.420	0.004
4.579	4.814	0.425	0.004
4.769	4.242	0.432	0.004
5.067	4.207	0.442	0.004
5.473	4.341	0.453	0.003
5.887	4.222	0.466	0.003
6.280	3.823	0.478	0.003
6.696	3.476	0.491	0.003
7.170	3.485	0.503	0.003
7.665	3.854	0.515	0.003
8.190	4.315	0.527	0.003
8.757	4.644	0.539	0.003
9.217	4.820	0.551	0.003
9.440	5.002	0.564	0.003
9.277	5.328	0.578	0.003
8.773	5.699	0.593	0.003
8.186	5.842	0.607	0.004
7.770	5.546	0.620	0.004
7.467	4.870	0.634	0.003
7.154	4.067	0.648	0.003
6.773	3.361	0.661	0.003
6.477	2.684	0.674	0.003
6.292	1.913	0.686	0.003
6.231	1.185	0.699	0.003
6.244	0.827	0.714	0.002
6.733	1.043	0.728	0.002
7.451	1.568	0.742	0.002
7.931	1.800	0.755	0.002
7.831	1.440	0.767	0.002
7.354	0.821	0.779	0.002
6.975	0.476	0.790	0.002
7.016	0.638	0.800	0.002
7.248	0.987	0.810	0.002
7.204	1.069	0.819	0.001
6.783	0.865	0.828	0.001
6.438	0.750	0.836	0.001
6.408	0.983	0.844	0.002
6.530	1.451	0.850	0.002
6.538	1.784	0.857	0.002
6.577	1.812	0.864	0.002
7.098	1.719	0.872	0.002
8.038	1.714	0.879	0.002
9.051	1.786	0.885	0.002
9.995	1.813	0.891	0.002
11.043	1.783	0.895	0.002
12.449	1.848	0.899	0.002
13.932	2.109	0.901	0.002
15.422	2.581	0.903	0.002
17.101	3.236	0.905	0.003
19.019	4.146	0.906	0.003
20.750	5.398	0.907	0.003
21.787	6.746	0.908	0.003
22.178	7.601	0.908	0.004
22.461	7.811	0.908	0.004
22.908	8.045	0.909	0.004
22.949	9.271	0.910	0.004
21.978	11.753	0.911	0.005
20.502	14.740	0.912	0.005
19.144	17.454	0.913	0.006
18.134	20.044	0.914	0.006
17.372	23.281	0.915	0.007
16.854	27.462	0.916	0.007
16.986	32.139	0.917	0.008
18.079	36.808	0.918	0.008
19.613	41.295	0.920	0.009
20.678	45.534	0.921	0.009
20.892	49.314	0.922	0.010
20.811	52.547	0.924	0.010
21.192	55.471	0.925	0.011
22.153	58.304	0.926	0.011
22.525	60.863	0.927	0.011
22.200	63.077	0.929	0.012
22.004	64.548	0.930	0.012
21.437	64.767	0.931	0.012
20.972	64.697	0.932	0.012
20.489	63.975	0.934	0.012
19.711	61.690	0.935	0.012
18.989	57.788	0.937	0.012
18.520	53.364	0.939	0.012
17.910	48.973	0.941	0.012
16.731	47.223	0.943	0.012
18.279	51.357	0.945	0.012
19.886	63.764	0.948	0.011
18.698	73.094	0.950	0.011
14.199	64.712	0.952	0.011
9.283	38.970	0.954	0.010
7.294	12.136	0.955	0.010
8.589	4.712	0.956	0.009
10.609	15.613	0.958	0.009
10.387	27.821	0.959	0.009
9.153	26.937	0.960	0.009
8.282	16.388	0.961	0.009
8.105	9.144	0.962	0.009
7.498	11.352	0.963	0.008
5.874	16.877	0.963	0.008
4.088	17.368	0.963	0.008
3.421	12.668	0.964	0.007
3.834	8.529	0.964	0.006
4.183	8.519	0.965	0.006
3.661	9.974	0.966	0.005
2.709	8.827	0.967	0.005
2.221	5.203	0.968	0.004
2.386	2.679	0.968	0.004
2.583	3.180	0.968	0.004
2.329	4.830	0.968	0.004
1.780	4.842	0.967	0.003
1.436	3.047	0.966	0.003
1.475	1.588	0.965	0.003
1.622	1.894	0.964	0.003
1.544	3.073	0.962	0.003
1.332	3.457	0.960	0.003
1.263	2.793	0.958	0.003
1.448	2.244	0.954	0.003
1.694	2.624	0.951	0.003
1.797	3.389	0.946	0.003
1.778	3.510	0.940	0.003
1.806	2.885	0.933	0.003
1.968	2.349	0.926	0.003
2.224	2.583	0.917	0.003
2.462	3.404	0.907	0.003
2.723	4.150	0.896	0.003
3.017	4.485	0.884	0.003
3.292	4.663	0.872	0.003
3.511	5.068	0.859	0.003
3.712	5.775	0.847	0.003
3.901	6.607	0.835	0.004
4.188	7.447	0.823	0.004
4.543	8.315	0.811	0.004
4.863	9.244	0.797	0.004
5.164	10.197	0.784	0.004
5.479	11.111	0.771	0.005
5.773	11.932	0.758	0.005
5.990	12.596	0.744	0.005
6.105	13.016	0.731	0.005
6.180	13.270	0.717	0.005
6.314	13.477	0.705	0.006
6.493	13.735	0.692	0.006
6.661	14.006	0.679	0.006
6.938	14.203	0.665	0.006
7.173	14.130	0.651	0.006
7.262	13.791	0.637	0.006
7.206	13.426	0.623	0.006
7.130	13.377	0.608	0.006
7.157	13.668	0.592	0.006
7.488	13.927	0.577	0.006
7.901	13.688	0.562	0.006
8.193	13.129	0.546	0.006
8.258	12.839	0.530	0.006
8.273	13.184	0.513	0.006
8.460	13.860	0.496	0.006
8.846	14.235	0.479	0.006
9.289	14.140	0.461	0.006
9.677	14.060	0.443	0.006
10.075	14.521	0.425	0.006
10.502	15.552	0.405	0.006
10.894	16.731	0.386	0.006
11.147	17.688	0.366	0.006
11.265	18.435	0.346	0.006
11.323	19.180	0.327	0.006
11.395	20.095	0.307	0.007
11.448	21.149	0.287	0.007
11.388	22.248	0.268	0.007
11.289	23.263	0.250	0.007
11.264	24.061	0.232	0.007
11.369	24.623	0.214	0.007
11.617	25.135	0.197	0.008
11.830	25.791	0.182	0.008
11.884	26.613	0.170	0.008
11.822	27.301	0.163	0.008
11.965	27.509	0.162	0.008
12.191	27.148	0.168	0.008
12.177	26.707	0.181	0.008
11.818	26.812	0.200	0.008
11.352	27.525	0.222	0.008
11.115	28.092	0.248	0.008
11.208	27.645	0.274	0.008
11.382	26.209	0.303	0.008
11.364	24.941	0.332	0.008
11.139	24.908	0.361	0.008
10.913	25.972	0.392	0.008
10.879	26.987	0.423	0.008
10.943	26.994	0.454	0.008
10.882	26.174	0.485	0.008
10.624	25.517	0.516	0.008
10.269	25.618	0.546	0.008
9.981	26.152	0.575	0.008
9.808	26.397	0.602	0.008
9.631	26.062	0.629	0.008
9.350	25.502	0.656	0.008
8.988	25.157	0.682	0.008
8.697	25.037	0.707	0.008
8.514	24.819	0.732	0.008
8.334	24.292	0.756	0.008
8.010	23.546	0.779	0.008
7.509	22.767	0.801	0.008
7.096	21.980	0.821	0.007
6.856	21.022	0.841	0.007
6.736	19.886	0.859	0.007
6.581	18.729	0.875	0.007
6.374	17.651	0.890	0.007
6.166	16.580	0.904	0.007
6.038	15.456	0.916	0.007
5.884	14.472	0.926	0.006
5.625	14.004	0.936	0.006
5.359	13.841	0.944	0.006
5.389	13.421	0.951	0.006
5.565	12.632	0.956	0.006
5.690	12.198	0.959	0.006
5.469	12.710	0.962	0.006
4.978	13.557	0.964	0.006
4.588	13.166	0.965	0.005
4.565	10.932	0.966	0.005
4.786	7.955	0.966	0.005
5.008	6.001	0.966	0.005
5.007	5.707	0.966	0.005
4.843	6.239	0.965	0.004
4.729	6.409	0.964	0.004
4.789	5.952	0.962	0.004
4.986	5.497	0.961	0.004
5.191	5.567	0.959	0.004
5.355	5.952	0.957	0.004
5.478	6.043	0.955	0.004
5.609	5.552	0.953	0.004
5.779	4.716	0.951	0.004
5.975	3.918	0.949	0.003
6.184	3.316	0.947	0.003
6.432	2.828	0.945	0.003
6.756	2.356	0.943	0.003
7.072	1.924	0.941	0.003
7.332	1.585	0.939	0.002
7.499	1.313	0.936	0.002
7.609	1.058	0.933	0.002
7.695	0.857	0.929	0.002
7.580	0.841	0.925	0.002
7.106	1.102	0.921	0.002
6.396	1.569	0.917	0.002
5.925	2.077	0.912	0.002
5.972	2.501	0.906	0.002
6.209	2.834	0.900	0.002
6.128	3.109	0.895	0.002
5.552	3.328	0.889	0.002
4.830	3.458	0.883	0.003
4.371	3.500	0.877	0.003
4.286	3.511	0.871	0.003
4.305	3.523	0.865	0.003
4.135	3.510	0.859	0.003
3.791	3.457	0.853	0.003
3.452	3.422	0.847	0.003
3.222	3.497	0.840	0.003
3.034	3.677	0.834	0.003
2.828	3.814	0.828	0.003
2.688	3.753	0.823	0.003
2.699	3.471	0.817	0.003
2.855	3.079	0.811	0.003
2.944	2.728	0.806	0.003
2.823	2.500	0.800	0.003
2.471	2.391	0.795	0.003
2.148	2.351	0.789	0.003
2.041	2.322	0.784	0.002
2.134	2.268	0.779	0.002
2.248	2.194	0.774	0.002
2.324	2.132	0.769	0.002
2.285	2.125	0.764	0.002
2.108	2.190	0.759	0.002
1.857	2.301	0.754	0.002
1.647	2.399	0.750	0.002
1.556	2.421	0.745	0.002
1.568	2.332	0.741	0.002
1.625	2.161	0.737	0.002
1.673	1.967	0.733	0.002
1.704	1.799	0.729	0.002
1.774	1.681	0.725	0.002
1.826	1.610	0.721	0.002
1.805	1.592	0.716	0.002
1.676	1.622	0.712	0.002
1.529	1.661	0.708	0.002
1.457	1.634	0.704	0.002
1.439	1.500	0.702	0.002
1.408	1.318	0.700	0.002
1.332	1.186	0.700	0.002
1.256	1.159	0.700	0.002
1.250	1.172	0.700	0.002
1.300	1.117	0.701	0.002
1.361	0.980	0.702	0.002
1.379	0.871	0.704	0.002
1.375	0.899	0.706	0.002
1.424	1.069	0.709	0.002
1.550	1.260	0.712	0.002
1.712	1.360	0.715	0.002
1.830	1.341	0.718	0.002
1.876	1.268	0.721	0.002
1.905	1.192	0.724	0.002
1.992	1.122	0.727	0.002
2.103	1.044	0.731	0.002
2.184	0.992	0.735	0.002
2.262	1.019	0.739	0.002
2.399	1.140	0.743	0.002
2.650	1.283	0.745	0.002
2.990	1.356	0.748	0.002
3.321	1.349	0.752	0.002
3.530	1.373	0.756	0.002
3.536	1.555	0.760	0.002
3.357	1.922	0.764	0.002
3.094	2.404	0.768	0.002
2.846	2.933	0.772	0.002
2.608	3.505	0.776	0.002
2.370	4.141	0.778	0.003
2.176	4.794	0.780	0.003
2.097	5.370	0.781	0.003
2.138	5.811	0.782	0.003
2.197	6.134	0.781	0.003
2.174	6.365	0.780	0.004
2.081	6.461	0.778	0.004
2.013	6.344	0.779	0.004
1.984	6.054	0.780	0.004
1.941	5.799	0.781	0.004
1.823	5.795	0.781	0.004
1.668	6.066	0.781	0.004
1.582	6.399	0.782	0.004
1.606	6.546	0.782	0.004
1.650	6.463	0.783	0.004
1.621	6.308	0.783	0.004
1.525	6.212	0.783	0.004
1.427	6.132	0.783	0.004
1.378	5.941	0.784	0.004
1.382	5.618	0.785	0.004
1.397	5.309	0.786	0.004
1.408	5.187	0.787	0.004
1.425	5.284	0.787	0.004
1.472	5.490	0.788	0.004
1.523	5.672	0.789	0.004
1.502	5.752	0.789	0.004
1.367	5.721	0.790	0.004
1.152	5.582	0.790	0.004
0.951	5.338	0.790	0.004
0.815	5.003	0.790	0.004
0.745	4.592	0.790	0.003
0.702	4.127	0.791	0.003
0.646	3.643	0.792	0.003
0.594	3.189	0.794	0.003
0.569	2.801	0.795	0.003
0.573	2.462	0.795	0.003
0.569	2.110	0.796	0.003
0.529	1.698	0.799	0.002
0.481	1.251	0.803	0.002
0.473	0.847	0.808	0.002
0.653	0.552	0.813	0.002
0.891	0.385	0.818	0.002
1.093	0.342	0.824	0.001
1.125	0.406	0.829	0.001
1.021	0.527	0.832	0.001
0.905	0.634	0.832	0.001
0.897	0.689	0.832	0.001
0.985	0.706	0.834	0.001
1.099	0.727	0.836	0.001
1.176	0.772	0.839	0.001
1.198	0.841	0.842	0.001
1.217	0.937	0.843	0.001
1.225	1.066	0.844	0.001
1.203	1.193	0.845	0.001
1.146	1.240	0.845	0.002
1.088	1.154	0.845	0.002
1.072	0.965	0.843	0.002
1.112	0.783	0.841	0.002
1.174	0.706	0.839	0.002
1.211	0.742	0.835	0.001
1.204	0.815	0.830	0.001
1.171	0.835	0.824	0.001
1.162	0.779	0.817	0.001
1.194	0.679	0.810	0.001
1.244	0.574	0.802	0.001
1.274	0.486	0.794	0.001
1.270	0.426	0.785	0.001
1.245	0.395	0.776	0.001
1.236	0.391	0.767	0.001
1.262	0.397	0.757	0.001
1.307	0.383	0.749	0.001
1.347	0.335	0.743	0.001
1.378	0.281	0.738	0.001
1.413	0.270	0.735	0.001
1.461	0.328	0.733	0.001
1.505	0.431	0.732	0.001
1.538	0.540	0.732	0.001
1.545	0.647	0.733	0.001
1.528	0.775	0.734	0.001
1.520	0.932	0.736	0.001
1.537	1.069	0.737	0.001
1.581	1.124	0.739	0.001
1.644	1.106	0.742	0.002
1.681	1.103	0.745	0.002
1.674	1.201	0.749	0.002
1.643	1.375	0.752	0.002
1.641	1.511	0.756	0.002
1.684	1.544	0.761	0.002
1.752	1.536	0.766	0.002
1.823	1.599	0.771	0.002
1.879	1.735	0.775	0.002
1.970	1.838	0.779	0.002
2.079	1.838	0.782	0.002
2.160	1.831	0.786	0.002
2.242	1.982	0.790	0.002
2.368	2.304	0.794	0.002
2.595	2.593	0.799	0.002
2.898	2.620	0.803	0.002
3.206	2.378	0.807	0.002
3.495	2.081	0.808	0.002
3.766	1.943	0.809	0.002
3.990	2.005	0.809	0.002
4.133	2.169	0.809	0.002
4.264	2.343	0.809	0.002
4.440	2.480	0.810	0.002
4.723	2.538	0.810	0.002
5.056	2.475	0.810	0.002
5.343	2.319	0.809	0.002
5.535	2.185	0.808	0.002
5.705	2.165	0.807	0.002
5.935	2.217	0.805	0.002
6.156	2.239	0.804	0.002
6.251	2.225	0.802	0.002
6.158	2.291	0.801	0.002
6.032	2.518	0.799	0.002
5.966	2.802	0.799	0.002
5.919	2.930	0.800	0.002
5.817	2.798	0.801	0.002
5.630	2.519	0.802	0.002
5.428	2.295	0.802	0.002
5.321	2.237	0.803	0.002
5.317	2.330	0.804	0.002
5.313	2.521	0.806	0.002
5.204	2.751	0.807	0.002
4.988	2.929	0.806	0.002
4.743	2.953	0.802	0.002
4.560	2.764	0.798	0.002
4.471	2.402	0.793	0.002
4.401	1.980	0.787	0.002
4.321	1.612	0.781	0.002
4.207	1.366	0.774	0.002
4.164	1.255	0.769	0.002
4.201	1.270	0.763	0.002
4.148	1.371	0.758	0.002
3.946	1.525	0.753	0.002
3.671	1.624	0.747	0.002
3.447	1.521	0.739	0.002
3.353	1.196	0.730	0.002
3.348	0.818	0.722	0.002
3.326	0.609	0.714	0.002
3.294	0.640	0.708	0.002
3.249	0.747	0.705	0.001
3.236	0.744	0.704	0.001
3.237	0.604	0.704	0.001
3.218	0.446	0.702	0.001
3.191	0.380	0.700	0.001
3.183	0.409	0.697	0.001
3.165	0.470	0.694	0.001
3.126	0.517	0.690	0.001
3.088	0.551	0.687	0.001
3.078	0.601	0.683	0.001
3.121	0.678	0.680	0.001
3.174	0.765	0.678	0.001
3.201	0.837	0.676	0.001
3.219	0.879	0.673	0.001
3.253	0.898	0.671	0.001
3.312	0.930	0.668	0.001
3.334	1.021	0.665	0.002
3.271	1.183	0.662	0.002
3.142	1.385	0.659	0.002
3.006	1.570	0.655	0.002
2.902	1.677	0.653	0.002
2.895	1.652	0.651	0.002
2.925	1.501	0.651	0.002
2.922	1.290	0.651	0.002
2.850	1.134	0.652	0.002
2.758	1.104	0.653	0.002
2.730	1.176	0.655	0.002
2.773	1.264	0.658	0.002
2.819	1.308	0.661	0.002
2.820	1.307	0.663	0.002
2.816	1.278	0.667	0.002
2.849	1.221	0.672	0.002
2.861	1.102	0.679	0.002
2.851	0.943	0.687	0.002
2.842	0.825	0.696	0.002
2.875	0.820	0.704	0.002
2.944	0.901	0.713	0.002
3.020	0.948	0.721	0.001
3.026	0.883	0.730	0.001
2.960	0.842	0.738	0.002
2.789	1.079	0.745	0.002
2.632	1.346	0.751	0.002
2.543	1.338	0.758	0.002
2.542	0.978	0.764	0.002
2.570	0.542	0.771	0.002
2.589	0.373	0.776	0.002
2.587	0.534	0.782	0.002
2.560	0.771	0.789	0.001
2.555	0.845	0.796	0.001
2.529	0.763	0.805	0.001
2.613	0.711	0.815	0.001
2.631	0.792	0.825	0.001
2.484	0.913	0.836	0.001
2.175	0.949	0.847	0.002
1.864	1.058	0.857	0.002
1.677	1.222	0.866	0.002
1.660	1.294	0.874	0.002
1.743	1.147	0.880	0.002
1.818	0.914	0.885	0.002
1.833	0.826	0.889	0.002
1.715	0.944	0.893	0.002
1.528	1.097	0.896	0.002
1.322	1.085	0.898	0.002
1.208	0.923	0.899	0.002
1.284	0.797	0.900	0.002
1.479	0.826	0.901	0.001
1.646	0.936	0.902	0.001
1.674	0.992	0.903	0.001
1.678	0.960	0.903	0.001
1.757	0.910	0.902	0.001
1.921	0.899	0.899	0.001
2.076	0.925	0.896	0.002
2.132	0.982	0.893	0.002
2.100	1.077	0.890	0.002
2.040	1.208	0.886	0.002
1.986	1.336	0.881	0.002
1.908	1.425	0.877	0.002
1.806	1.481	0.874	0.002
1.777	1.527	0.871	0.002
1.863	1.570	0.867	0.002
2.010	1.619	0.863	0.002
2.103	1.716	0.858	0.002
2.117	1.918	0.853	0.002
2.164	2.214	0.849	0.002
2.307	2.510	0.845	0.002
2.505	2.697	0.840	0.002
2.655	2.785	0.834	0.002
2.738	2.895	0.827	0.003
2.778	3.176	0.822	0.003
2.778	3.684	0.816	0.003
2.694	4.375	0.812	0.003
2.498	5.092	0.808	0.003
2.252	5.587	0.805	0.003
2.068	5.605	0.802	0.003
1.981	5.065	0.799	0.003
1.959	4.197	0.795	0.003
1.965	3.439	0.792	0.003
1.977	3.130	0.789	0.003
1.983	3.276	0.786	0.003
1.985	3.598	0.782	0.003
1.978	3.798	0.779	0.003
1.944	3.845	0.775	0.003
1.882	3.924	0.771	0.003
1.839	4.127	0.768	0.003
1.872	4.295	0.766	0.003
1.968	4.191	0.764	0.003
2.052	3.830	0.762	0.003
2.098	3.512	0.760	0.003
2.133	3.443	0.758	0.003
2.145	3.522	0.757	0.003
2.138	3.510	0.756	0.003
2.163	3.351	0.756	0.003
2.213	3.251	0.755	0.003
2.232	3.405	0.755	0.003
2.130	3.722	0.755	0.003
1.965	3.916	0.755	0.003
1.832	3.695	0.754	0.003
1.805	3.066	0.754	0.003
1.871	2.340	0.753	0.003
1.935	1.876	0.753	0.003
1.942	1.805	0.753	0.003
1.931	1.944	0.755	0.002
1.973	1.981	0.756	0.002
2.073	1.788	0.757	0.002
2.200	1.479	0.759	0.002
2.304	1.231	0.761	0.002
2.397	1.106	0.763	0.002
2.507	1.055	0.764	0.002
2.621	1.031	0.764	0.002
2.722	1.048	0.763	0.002
2.817	1.107	0.763	0.002
2.958	1.147	0.764	0.002
3.172	1.098	0.764	0.002
3.405	0.963	0.763	0.002
3.582	0.837	0.761	0.002
3.721	0.814	0.758	0.002
3.819	0.885	0.755	0.002
3.923	0.946	0.751	0.001
4.022	0.912	0.746	0.001
4.112	0.787	0.740	0.001
4.298	0.651	0.733	0.001
4.595	0.569	0.725	0.001
4.911	0.528	0.717	0.001
5.103	0.479	0.708	0.001
5.141	0.406	0.699	0.001
5.134	0.351	0.691	0.001
5.129	0.374	0.684	0.001
5.158	0.428	0.678	0.001
5.180	0.421	0.673	0.001
5.138	0.339	0.668	0.001
4.968	0.250	0.664	0.001
4.742	0.255	0.662	0.001
4.564	0.324	0.660	0.001
4.495	0.365	0.659	0.001
4.473	0.315	0.657	0.001
4.378	0.227	0.654	0.001
4.204	0.192	0.652	0.001
4.077	0.226	0.649	0.001
4.092	0.255	0.646	0.001
4.227	0.219	0.643	0.001
4.410	0.152	0.639	0.001
4.571	0.127	0.635	0.001
4.858	0.153	0.632	0.001
5.321	0.169	0.628	0.001
5.961	0.141	0.623	0.001
6.562	0.103	0.617	0.001
6.853	0.107	0.611	0.001
6.712	0.146	0.604	0.001
6.314	0.168	0.598	0.001
5.923	0.140	0.593	0.001
5.635	0.088	0.589	0.001
5.381	0.060	0.585	0.000
5.069	0.069	0.583	0.000
4.709	0.089	0.581	0.000
4.410	0.105	0.578	0.000
4.276	0.106	0.575	0.000
4.214	0.099	0.571	0.000
4.138	0.090	0.568	0.000
3.959	0.073	0.566	0.000
3.749	0.051	0.565	0.000
3.627	0.038	0.564	0.000
3.614	0.046	0.563	0.000
3.571	0.075	0.562	0.000
3.390	0.132	0.563	0.000
3.110	0.218	0.566	0.001
2.871	0.307	0.571	0.001
2.752	0.347	0.576	0.001
2.720	0.315	0.581	0.001
2.769	0.241	0.587	0.001
2.850	0.188	0.594	0.001
2.952	0.216	0.601	0.001
3.073	0.364	0.608	0.001
3.197	0.658	0.614	0.001
3.324	1.043	0.621	0.001
3.466	1.338	0.628	0.001
3.613	1.379	0.636	0.001
3.742	1.185	0.644	0.001
3.855	0.927	0.653	0.001
3.898	0.770	0.662	0.002
3.935	0.750	0.671	0.002
3.972	0.781	0.680	0.002
3.959	0.802	0.689	0.001
3.897	0.858	0.697	0.001
3.863	1.030	0.705	0.002
3.924	1.307	0.713	0.002
4.093	1.589	0.721	0.002
4.320	1.783	0.730	0.002
4.491	1.896	0.739	0.002
4.547	2.016	0.748	0.002
4.503	2.222	0.757	0.002
4.438	2.509	0.766	0.002
4.410	2.789	0.773	0.002
4.429	3.003	0.780	0.002
4.455	3.163	0.785	0.003
4.452	3.333	0.788	0.003
4.411	3.540	0.789	0.003
4.340	3.729	0.790	0.003
4.241	3.828	0.789	0.003
4.089	3.829	0.788	0.003
3.922	3.760	0.788	0.003
3.840	3.625	0.788	0.003
3.869	3.360	0.788	0.003
3.885	2.924	0.788	0.003
3.776	2.421	0.788	0.003
3.588	2.080	0.788	0.003
3.472	2.034	0.787	0.003
3.498	2.147	0.787	0.002
3.586	2.116	0.786	0.002
3.617	1.816	0.785	0.002
3.544	1.466	0.783	0.002
3.464	1.380	0.782	0.002
3.472	1.622	0.780	0.002
3.554	1.940	0.778	0.002
3.663	2.045	0.776	0.002
3.640	1.895	0.775	0.002
3.536	1.672	0.773	0.002
3.445	1.523	0.772	0.002
3.500	1.427	0.770	0.002
3.680	1.293	0.768	0.002
3.838	1.132	0.765	0.002
3.811	1.035	0.763	0.002
3.671	1.061	0.761	0.002
3.573	1.118	0.758	0.002
3.612	1.064	0.755	0.002
3.703	0.884	0.752	0.002
3.712	0.725	0.749	0.002
3.615	0.725	0.746	0.001
3.505	0.856	0.743	0.001
3.477	0.944	0.739	0.001
3.526	0.865	0.734	0.001
3.574	0.669	0.729	0.001
3.564	0.503	0.723	0.001
3.507	0.460	0.717	0.001
3.463	0.504	0.711	0.001
3.449	0.557	0.704	0.001
3.424	0.591	0.698	0.001
3.368	0.636	0.691	0.001
3.314	0.709	0.684	0.001
3.317	0.778	0.677	0.001
3.385	0.784	0.671	0.001
3.498	0.702	0.664	0.001
3.624	0.576	0.658	0.001
3.762	0.473	0.651	0.001
3.967	0.429	0.645	0.001
4.268	0.429	0.640	0.001
4.608	0.441	0.634	0.001
4.853	0.475	0.628	0.001
4.972	0.572	0.622	0.001
5.067	0.753	0.617	0.001
5.194	0.984	0.612	0.001
5.314	1.220	0.608	0.001
5.293	1.452	0.603	0.002
5.039	1.677	0.599	0.002
4.615	1.860	0.595	0.002
4.153	1.951	0.592	0.002
3.753	1.955	0.590	0.002
3.440	1.990	0.589	0.002
3.186	2.185	0.589	0.002
3.002	2.524	0.591	0.002
2.877	2.794	0.594	0.002
2.819	2.786	0.598	0.002
2.818	2.483	0.601	0.002
2.846	2.051	0.604	0.002
2.842	1.686	0.606	0.002
2.804	1.500	0.607	0.002
2.730	1.523	0.608	0.002
2.722	1.752	0.609	0.002
2.826	2.117	0.609	0.002
2.932	2.476	0.608	0.002
2.933	2.708	0.608	0.002
2.842	2.769	0.606	0.002
2.786	2.691	0.605	0.002
2.834	2.533	0.603	0.002
2.953	2.355	0.601	0.002
3.099	2.205	0.599	0.002
3.277	2.110	0.597	0.002
3.518	2.056	0.596	0.002
3.794	2.001	0.595	0.002
3.936	1.918	0.593	0.002
3.857	1.817	0.592	0.002
3.647	1.712	0.591	0.002
3.464	1.611	0.588	0.002
3.337	1.527	0.583	0.002
3.209	1.515	0.578	0.002
3.017	1.644	0.573	0.002
2.776	1.953	0.570	0.002
2.554	2.405	0.568	0.002
2.388	2.891	0.567	0.002
2.237	3.238	0.568	0.002
2.048	3.254	0.570	0.002
1.822	2.832	0.573	0.002
1.601	2.082	0.578	0.002
1.426	1.317	0.583	0.002
1.276	0.855	0.589	0.002
1.182	0.779	0.594	0.002
1.130	0.866	0.597	0.002
1.131	0.817	0.599	0.002
1.183	0.543	0.600	0.001
1.266	0.213	0.601	0.001
1.341	0.035	0.603	0.001
1.389	0.041	0.605	0.001
1.423	0.100	0.608	0.001
1.500	0.106	0.609	0.001
1.639	0.094	0.609	0.001
1.833	0.166	0.609	0.001
2.013	0.362	0.607	0.001
2.149	0.635	0.603	0.001
2.229	0.934	0.598	0.001
2.277	1.262	0.590	0.001
2.318	1.643	0.581	0.002
2.394	2.062	0.571	0.002
2.523	2.460	0.559	0.002
2.678	2.782	0.546	0.002
2.806	3.049	0.532	0.002
2.918	3.340	0.519	0.003
2.998	3.684	0.507	0.003
3.075	3.966	0.495	0.003
3.157	4.019	0.482	0.003
3.223	3.834	0.469	0.003
3.345	3.601	0.456	0.003
3.576	3.499	0.444	0.003
3.911	3.505	0.432	0.003
4.250	3.459	0.420	0.003
4.501	3.313	0.406	0.003
4.618	3.222	0.392	0.003
4.694	3.352	0.378	0.003
4.880	3.657	0.364	0.003
5.097	3.923	0.350	0.003
5.163	4.039	0.335	0.003
4.992	4.112	0.319	0.003
4.701	4.266	0.302	0.003
4.480	4.412	0.286	0.003
4.413	4.331	0.270	0.003
4.424	3.925	0.256	0.003
4.377	3.351	0.244	0.003
4.233	2.861	0.232	0.003
4.103	2.531	0.221	0.003
4.085	2.219	0.210	0.003
4.179	1.810	0.198	0.002
4.321	1.370	0.186	0.002
4.481	1.068	0.174	0.002
4.681	0.968	0.163	0.002
4.924	1.004	0.154	0.002
5.122	1.148	0.147	0.002
5.203	1.467	0.142	0.002
5.147	1.963	0.140	0.002
5.035	2.446	0.142	0.002
4.978	2.678	0.150	0.002
5.028	2.600	0.164	0.002
5.143	2.391	0.183	0.002
5.248	2.276	0.205	0.002
5.316	2.348	0.230	0.002
5.420	2.560	0.255	0.002
5.604	2.828	0.281	0.003
5.787	3.116	0.306	0.003
5.903	3.425	0.330	0.003
5.993	3.689	0.354	0.003
6.145	3.773	0.378	0.003
6.367	3.631	0.401	0.003
6.620	3.434	0.425	0.003
6.815	3.463	0.448	0.003
6.931	3.804	0.471	0.003
6.997	4.213	0.492	0.003
7.066	4.371	0.511	0.003
7.165	4.231	0.530	0.003
7.303	4.019	0.547	0.003
7.440	3.913	0.565	0.003
7.547	3.869	0.581	0.003
7.626	3.739	0.597	0.003
7.676	3.499	0.612	0.003
7.724	3.270	0.627	0.003
7.825	3.155	0.640	0.003
7.959	3.086	0.654	0.003
8.035	2.976	0.666	0.003
7.992	2.862	0.677	0.003
7.786	2.876	0.687	0.003
7.580	3.068	0.696	0.003
7.524	3.302	0.705	0.003
7.620	3.373	0.713	0.003
7.783	3.250	0.721	0.003
8.005	3.067	0.728	0.003
8.021	3.029	0.734	0.003
7.766	3.125	0.740	0.003
7.430	3.346	0.745	0.003
7.186	3.446	0.750	0.003
6.994	3.245	0.754	0.003
6.862	2.852	0.758	0.003
6.758	2.566	0.762	0.003
6.664	2.530	0.765	0.003
6.601	2.562	0.767	0.003
6.584	2.452	0.769	0.003
6.581	2.275	0.770	0.003
6.501	2.316	0.769	0.002
6.409	2.682	0.767	0.003
6.363	3.180	0.763	0.003
6.430	3.460	0.757	0.003
6.538	3.383	0.750	0.003
6.747	3.111	0.742	0.003
6.903	2.895	0.733	0.003
6.976	2.868	0.724	0.003
7.030	2.931	0.714	0.003
7.044	3.027	0.704	0.003
6.991	3.300	0.694	0.003
6.963	3.877	0.684	0.003
7.082	4.514	0.675	0.003
7.401	4.703	0.665	0.003
7.813	4.206	0.655	0.003
8.099	3.446	0.644	0.003
8.194	3.023	0.635	0.003
8.053	3.217	0.626	0.003
7.813	3.848	0.618	0.003
7.551	4.571	0.612	0.003
7.364	4.796	0.605	0.003
7.295	4.604	0.599	0.003
7.475	4.206	0.593	0.003
7.702	3.792	0.588	0.003
7.613	3.471	0.583	0.003
7.166	3.370	0.578	0.003
6.642	3.672	0.574	0.003
6.401	4.512	0.570	0.003
6.528	5.597	0.566	0.003
6.782	6.122	0.562	0.003
6.853	5.734	0.559	0.003
6.632	4.954	0.556	0.003
6.292	4.637	0.554	0.004
6.064	5.145	0.552	0.004
6.032	6.076	0.552	0.004
6.098	6.716	0.551	0.004
6.187	6.749	0.552	0.004
6.344	6.448	0.553	0.004
6.568	6.256	0.555	0.004
6.906	6.312	0.556	0.004
7.184	6.439	0.558	0.004
7.204	6.460	0.560	0.004
6.909	6.683	0.562	0.004
6.583	7.224	0.564	0.004
6.415	7.738	0.567	0.004
6.347	7.672	0.570	0.004
6.237	6.891	0.573	0.004
6.005	5.883	0.577	0.004
5.692	5.276	0.581	0.004
5.404	5.254	0.585	0.004
5.121	5.502	0.590	0.004
4.817	5.640	0.595	0.004
4.588	5.552	0.599	0.004
4.487	5.388	0.604	0.004
4.555	5.276	0.610	0.004
4.648	5.165	0.616	0.004
4.520	4.940	0.623	0.004
4.103	4.615	0.631	0.003
3.607	4.329	0.639	0.003
3.397	4.188	0.648	0.003
3.601	4.124	0.658	0.003
4.035	3.953	0.668	0.003
4.291	3.558	0.679	0.003
4.223	3.026	0.690	0.003
3.850	2.557	0.702	0.003
3.463	2.305	0.714	0.003
3.320	2.242	0.726	0.003
3.440	2.187	0.739	0.002
3.611	1.977	0.753	0.002
3.634	1.640	0.767	0.002
3.533	1.361	0.781	0.002
3.488	1.296	0.794	0.002
3.610	1.419	0.808	0.002
3.807	1.577	0.822	0.002
3.946	1.673	0.835	0.002
3.972	1.759	0.848	0.002
3.947	1.943	0.858	0.002
3.950	2.241	0.868	0.002
4.009	2.571	0.876	0.002
4.085	2.853	0.883	0.002
4.110	3.112	0.890	0.002
4.017	3.429	0.894	0.003
3.807	3.827	0.898	0.003
3.576	4.219	0.900	0.003
3.524	4.479	0.902	0.003
3.570	4.568	0.903	0.003
3.496	4.574	0.903	0.003
3.186	4.624	0.902	0.003
2.800	4.744	0.901	0.003
2.664	4.813	0.900	0.003
2.851	4.670	0.899	0.003
3.050	4.336	0.899	0.003
2.930	4.060	0.898	0.003
2.539	4.096	0.898	0.003
2.232	4.380	0.898	0.003
2.268	4.500	0.898	0.003
2.513	4.118	0.897	0.003
2.653	3.380	0.896	0.003
2.581	2.796	0.894	0.003
2.472	2.745	0.893	0.003
2.570	3.122	0.892	0.003
2.971	3.546	0.891	0.003
3.534	3.810	0.889	0.003
4.066	4.003	0.887	0.003
4.400	4.226	0.885	0.003
4.445	4.365	0.883	0.003
4.310	4.246	0.881	0.003
4.159	3.953	0.878	0.003
4.101	3.789	0.876	0.003
4.131	3.946	0.873	0.003
4.224	4.305	0.870	0.003
4.394	4.582	0.866	0.003
4.554	4.611	0.863	0.003
4.637	4.461	0.859	0.003
4.699	4.322	0.856	0.003
4.874	4.381	0.852	0.003
5.160	4.762	0.848	0.003
5.421	5.417	0.844	0.003
5.527	6.131	0.840	0.004
5.522	6.646	0.836	0.004
5.569	6.849	0.832	0.004
5.741	6.880	0.828	0.004
5.952	6.941	0.824	0.004
6.071	7.021	0.819	0.004
6.061	6.979	0.815	0.004
6.008	6.774	0.811	0.004
5.997	6.532	0.806	0.004
6.046	6.476	0.802	0.004
6.098	6.640	0.797	0.004
6.107	6.797	0.793	0.004
6.058	6.663	0.790	0.004
5.963	6.150	0.787	0.004
5.814	5.434	0.785	0.004
5.650	4.809	0.785	0.004
5.482	4.406	0.785	0.004
5.325	4.144	0.785	0.003
5.226	3.875	0.785	0.003
5.106	3.551	0.787	0.003
4.908	3.259	0.789	0.003
4.611	3.125	0.791	0.003
4.281	3.167	0.793	0.003
3.971	3.276	0.795	0.003
3.712	3.282	0.798	0.003
3.475	3.078	0.800	0.003
3.239	2.700	0.802	0.003
3.026	2.271	0.803	0.003
2.879	1.909	0.805	0.002
2.809	1.679	0.806	0.002
2.830	1.590	0.807	0.002
2.872	1.590	0.807	0.002
2.867	1.571	0.806	0.002
2.807	1.446	0.806	0.002
2.753	1.217	0.806	0.002
2.773	0.986	0.805	0.002
2.854	0.854	0.803	0.002
2.865	0.823	0.801	0.002
2.734	0.839	0.800	0.002
2.559	0.886	0.798	0.002
2.445	0.974	0.795	0.002
2.428	1.070	0.791	0.002
2.426	1.107	0.785	0.002
2.383	1.065	0.778	0.002
2.330	1.031	0.770	0.002
2.330	1.083	0.761	0.002
2.419	1.204	0.753	0.002
2.503	1.298	0.744	0.002
2.499	1.370	0.734	0.002
2.422	1.493	0.723	0.002
2.364	1.673	0.710	0.002
2.376	1.782	0.698	0.002
2.420	1.704	0.686	0.002
2.424	1.503	0.676	0.002
2.380	1.387	0.666	0.002
2.303	1.428	0.655	0.002
2.235	1.510	0.645	0.002
2.186	1.461	0.635	0.002
2.154	1.257	0.628	0.002
2.133	1.022	0.620	0.002
2.131	0.874	0.613	0.002
2.144	0.798	0.607	0.002
2.151	0.751	0.601	0.002
2.158	0.767	0.595	0.002
2.163	0.901	0.590	0.001
2.197	1.063	0.585	0.001
2.264	1.047	0.580	0.001
2.359	0.768	0.576	0.001
2.461	0.403	0.573	0.001
2.541	0.211	0.569	0.001
2.607	0.273	0.565	0.001
2.716	0.425	0.562	0.001
2.853	0.477	0.560	0.001
2.983	0.412	0.559	0.001
3.074	0.366	0.558	0.001
3.147	0.432	0.558	0.001
3.250	0.554	0.558	0.001
3.347	0.614	0.560	0.001
3.493	0.583	0.564	0.001
3.755	0.529	0.569	0.001
4.127	0.508	0.574	0.001
4.436	0.493	0.581	0.001
4.620	0.418	0.589	0.001
4.880	0.279	0.598	0.001
5.442	0.141	0.606	0.001
6.132	0.062	0.615	0.001
6.459	0.047	0.623	0.001
6.079	0.056	0.630	0.001
5.125	0.063	0.638	0.001
4.419	0.078	0.645	0.000
4.182	0.121	0.651	0.000
4.154	0.190	0.657	0.001
3.928	0.275	0.663	0.001
3.491	0.365	0.667	0.001
3.117	0.473	0.670	0.001
3.173	0.643	0.672	0.001
3.596	0.881	0.673	0.001
3.957	1.149	0.673	0.001
4.086	1.451	0.672	0.002
4.122	1.861	0.670	0.002
4.444	2.387	0.668	0.002
4.885	2.919	0.666	0.002
5.015	3.350	0.664	0.002
4.775	3.703	0.662	0.003
4.488	4.012	0.659	0.003
4.467	4.225	0.656	0.003
4.644	4.322	0.654	0.003
4.772	4.385	0.652	0.003
4.744	4.438	0.651	0.003
4.741	4.344	0.648	0.003
4.917	3.995	0.645	0.003
5.270	3.589	0.640	0.003
5.602	3.500	0.636	0.003
5.927	3.763	0.633	0.003
6.173	3.999	0.632	0.003
6.282	3.874	0.631	0.003
6.381	3.513	0.630	0.003
7.310	3.363	0.627	0.003
8.437	3.636	0.625	0.003
8.962	4.216	0.622	0.003
9.059	4.979	0.619	0.003
9.061	5.793	0.614	0.003
10.425	6.726	0.608	0.004
12.046	7.390	0.599	0.004
12.553	7.770	0.587	0.004
11.582	7.879	0.574	0.004
10.466	9.098	0.561	0.004
10.703	10.626	0.547	0.005
12.489	10.863	0.531	0.005
14.493	9.276	0.515	0.005
15.812	8.453	0.498	0.005
16.903	12.035	0.482	0.005
17.846	19.629	0.467	0.006
18.364	27.290	0.454	0.006
18.130	31.276	0.444	0.007
17.338	31.452	0.436	0.012
15.959	345.686	0.431	0.033
14.554	990.562	0.430	0.072
13.488	1664.733	0.432	0.122
13.151	1997.704	0.436	0.167
13.476	1916.965	0.443	0.195
14.119	1479.847	0.451	0.205
14.590	1612.088	0.460	0.204
14.592	1830.066	0.470	0.198
14.209	1543.525	0.480	0.183
13.965	629.353	0.490	0.159
14.282	48.125	0.501	0.135
14.983	2496.416	0.513	0.121
15.687	5722.531	0.525	0.126
15.895	6689.485	0.537	0.149
15.372	4385.414	0.547	0.176
14.500	902.660	0.557	0.194
13.712	-898.788	0.566	0.198
13.108	-288.149	0.574	0.190
12.509	930.400	0.581	0.172
11.772	893.674	0.587	0.146
10.881	-194.891	0.593	0.110
9.984	-837.770	0.598	0.063
9.390	-353.229	0.602	0.019
9.059	449.779	0.607	-0.007
8.980	546.576	0.611	-0.009
9.103	-28.486	0.615	-0.000
9.280	-444.464	0.618	0.007
9.372	-237.108	0.621	0.005
9.356	213.496	0.624	0.000
9.374	317.809	0.626	-0.001
9.579	26.589	0.629	0.003
10.004	-225.939	0.633	0.006
10.500	-145.101	0.636	0.005
10.637	203.932	0.639	0.012
10.361	495.252	0.642	0.041
9.983	808.624	0.644	0.090
9.856	1655.644	0.646	0.141
10.072	4598.153	0.648	0.176
10.274	9060.228	0.649	0.191
10.388	10861.447	0.650	0.194
10.499	8103.314	0.651	0.196
10.808	5099.094	0.652	0.199
11.247	5952.479	0.653	0.201
11.485	8888.106	0.655	0.200
11.337	9380.083	0.657	0.199
11.047	5380.453	0.659	0.200
10.988	475.084	0.660	0.202
10.907	-1365.440	0.662	0.197
10.756	281.431	0.664	0.181
10.471	2047.501	0.666	0.152
10.052	1365.427	0.669	0.113
9.540	-732.239	0.673	0.066
9.114	-1536.297	0.677	0.023
8.571	-353.751	0.681	-0.002
7.934	1005.313	0.686	-0.005
7.257	892.550	0.691	0.004
6.603	-239.958	0.697	0.011
5.973	-820.192	0.701	0.010
5.327	-272.934	0.705	0.005
4.625	503.686	0.708	0.003
3.931	527.458	0.712	0.006
3.309	-72.708	0.715	0.008
2.806	-446.868	0.720	0.007
2.404	-195.984	0.724	0.004
2.074	245.022	0.728	0.003
1.799	305.473	0.733	0.004
1.572	-7.920	0.736	0.005
1.377	-241.347	0.740	0.004
1.199	-132.749	0.743	0.003
1.040	114.515	0.747	0.002
0.911	174.064	0.750	0.002
0.804	13.879	0.753	0.003
0.709	-127.692	0.755	0.003
0.614	-85.049	0.757	0.002
0.520	51.478	0.759	0.001
0.446	98.166	0.761	0.001
0.395	17.998	0.762	0.002
0.357	-66.043	0.764	0.002
0.334	-52.379	0.765	0.001
0.315	21.859	0.766	0.001
0.300	54.750	0.767	0.001
0.281	15.567	0.768	0.001
0.259	-33.419	0.768	0.001
0.234	-31.312	0.769	0.001
0.208	8.638	0.769	0.001
0.185	30.588	0.769	0.001
0.171	12.069	0.769	0.001
0.165	-16.147	0.768	0.001
0.162	-18.215	0.767	0.001
0.160	2.732	0.766	0.001
0.159	16.616	0.765	0.001
0.163	8.199	0.764	0.001
0.167	-7.775	0.763	0.001
0.166	-10.608	0.762	0.001
0.156	0.275	0.762	0.001
0.141	8.894	0.761	0.001
0.130	5.382	0.761	0.001
0.127	-3.484	0.761	0.001
0.131	-5.943	0.762	0.001
0.136	-0.408	0.762	0.001
0.134	4.788	0.762	0.001
0.128	3.492	0.763	0.001
0.120	-1.357	0.765	0.001
0.112	-3.182	0.766	0.001
0.107	-0.434	0.768	0.001
0.106	2.611	0.770	0.001
0.105	2.220	0.773	0.001
0.103	-0.429	0.775	0.001
0.094	-1.701	0.778	0.001
0.080	-0.377	0.781	0.001
0.062	1.395	0.785	0.001
0.048	1.372	0.790	0.001
0.041	-0.054	0.794	0.001
0.041	-0.891	0.798	0.001
0.041	-0.283	0.801	0.001
0.037	0.699	0.803	0.001
0.029	0.761	0.805	0.000
0.020	-0.022	0.806	0.000
0.014	-0.568	0.806	0.000
0.012	-0.296	0.806	0.000
0.011	0.281	0.805	0.000
0.010	0.403	0.804	0.000
0.008	0.020	0.804	0.000
0.006	-0.299	0.802	0.000
0.005	-0.184	0.801	0.000
0.004	0.138	0.799	0.000
0.005	0.237	0.796	0.000
