0.001	0.000	0.000	0.000
0.002	0.000	0.000	0.000
0.003	0.000	0.000	0.000
0.004	0.000	0.000	0.000
0.004	0.000	0.000	0.000
0.004	0.002	0.000	0.000
0.004	0.005	0.000	0.000
0.004	0.009	0.000	0.000
0.004	0.011	0.000	0.000
0.005	0.011	0.000	0.000
0.005	0.010	0.000	0.000
0.005	0.009	0.000	0.000
0.005	0.009	0.000	0.000
0.005	0.009	0.000	0.000
0.004	0.008	0.000	0.000
0.004	0.007	0.000	0.000
0.003	0.007	0.000	0.000
0.003	0.008	0.000	0.000
0.003	0.008	0.000	0.000
0.005	0.008	0.000	0.000
0.006	0.007	0.000	0.000
0.007	0.007	0.000	0.000
0.005	0.007	0.000	0.000
0.005	0.008	0.000	0.000
0.007	0.008	0.000	0.000
0.008	0.007	0.000	0.000
0.007	0.006	0.000	0.000
0.005	0.006	0.000	0.000
0.004	0.006	0.000	0.000
0.004	0.006	0.000	0.000
0.004	0.004	0.000	0.000
0.004	0.003	0.000	0.000
0.003	0.003	0.000	0.000
0.002	0.004	0.000	0.000
0.002	0.006	0.000	0.000
0.003	0.007	0.000	0.000
0.003	0.007	0.000	0.000
0.003	0.006	0.000	0.000
0.003	0.006	0.000	0.000
0.003	0.006	0.000	0.000
0.003	0.007	0.000	0.000
0.003	0.006	0.000	0.000
0.003	0.006	0.000	0.000
0.002	0.005	0.000	0.000
0.003	0.003	0.000	0.000
0.005	0.002	0.000	0.000
0.007	0.002	0.000	0.000
0.006	0.002	0.000	0.000
0.004	0.003	0.000	0.000
0.002	0.003	0.000	0.000
0.005	0.002	0.000	0.000
0.009	0.001	0.000	0.000
0.010	0.001	0.000	0.000
0.005	0.001	0.000	0.000
0.001	0.002	0.000	0.000
-0.001	0.002	0.000	0.000
0.001	0.001	0.000	0.000
0.003	0.001	0.000	0.000
0.003	0.001	0.000	0.000
0.001	0.001	0.000	0.000
0.000	0.000	0.000	0.000
0.001	0.000	0.000	0.000
0.002	0.000	0.000	0.000
0.002	0.000	0.000	0.000
0.001	0.000	0.000	0.000
0.001	0.000	0.000	0.000
0.001	0.000	0.000	0.000
0.002	0.000	0.000	0.000
0.002	0.000	0.000	0.000
0.001	0.001	0.000	0.000
0.000	0.001	0.000	0.000
0.001	0.002	0.000	0.000
0.001	0.003	0.000	0.000
0.001	0.002	0.000	0.000
0.002	0.001	0.000	0.000
0.002	0.001	0.000	0.000
0.003	0.002	0.000	0.000
0.003	0.003	0.000	0.000
0.003	0.003	0.000	0.000
0.003	0.003	0.000	0.000
0.002	0.003	0.000	0.000
0.002	0.002	0.000	0.000
0.002	0.002	0.000	0.000
0.003	0.002	0.000	0.000
0.003	0.002	0.000	0.000
0.003	0.002	0.000	0.000
0.003	0.002	0.000	0.000
0.003	0.002	0.000	0.000
0.003	0.003	0.000	0.000
0.003	0.003	0.000	0.000
0.003	0.004	0.000	0.000
0.004	0.005	0.000	0.000
0.004	0.007	0.000	0.000
0.005	0.009	0.000	0.000
0.005	0.009	0.000	0.000
0.005	0.007	0.000	0.000
0.006	0.006	0.000	0.000
0.006	0.005	0.000	0.000
0.007	0.006	0.000	0.000
0.007	0.007	0.000	0.000
0.008	0.008	0.062	0.000
0.010	0.009	0.183	0.000
0.013	0.010	0.298	0.000
0.015	0.011	0.331	0.000
0.015	0.011	0.276	0.000
0.014	0.011	0.190	0.000
0.012	0.011	0.139	0.000
0.011	0.011	0.135	0.000
0.011	0.011	0.137	0.000
0.010	0.012	0.117	0.000
0.008	0.012	0.084	0.000
0.007	0.014	0.068	0.000
0.006	0.015	0.077	0.000
0.006	0.016	0.091	0.000
0.006	0.015	0.092	0.000
0.005	0.013	0.086	0.000
0.004	0.011	0.088	0.000
0.004	0.009	0.105	0.000
0.004	0.007	0.127	0.000
0.004	0.005	0.142	0.000
0.005	0.004	0.151	0.000
0.006	0.003	0.159	0.000
0.006	0.003	0.171	0.000
0.006	0.002	0.182	0.000
0.006	0.001	0.188	0.000
0.006	0.000	0.188	0.000
0.006	0.000	0.189	0.000
0.007	0.001	0.193	0.000
0.007	0.002	0.197	0.000
0.007	0.003	0.199	0.000
0.007	0.003	0.196	0.000
0.007	0.003	0.192	0.000
0.006	0.003	0.188	0.000
0.006	0.003	0.185	0.000
0.007	0.004	0.183	0.000
0.008	0.005	0.179	0.000
0.009	0.006	0.176	0.000
0.010	0.007	0.174	0.000
0.010	0.007	0.173	0.000
0.009	0.007	0.172	0.000
0.008	0.006	0.172	0.000
0.008	0.004	0.172	0.000
0.019	0.002	0.173	0.000
0.087	0.001	0.173	0.000
0.259	0.001	0.173	0.000
0.640	0.004	0.170	0.000
1.373	0.011	0.163	0.000
2.599	0.025	0.152	0.000
4.379	0.046	0.141	0.000
6.598	0.072	0.137	0.000
9.156	0.105	0.142	0.000
11.652	0.144	0.159	0.000
13.689	0.177	0.184	0.000
15.032	0.180	0.215	0.000
15.649	0.135	0.246	0.000
15.619	0.068	0.277	0.000
14.984	0.036	0.307	0.000
13.688	0.071	0.334	0.000
11.888	0.144	0.360	0.000
9.877	0.194	0.387	0.000
7.887	0.187	0.414	0.000
6.188	0.144	0.440	0.000
4.782	0.107	0.462	0.001
3.533	0.095	0.479	0.001
2.466	0.092	0.492	0.001
1.685	0.076	0.504	0.000
1.221	0.053	0.514	0.000
1.019	0.039	0.524	0.000
0.897	0.043	0.531	0.000
0.716	0.048	0.537	0.000
0.496	0.039	0.543	0.000
0.337	0.021	0.548	0.000
0.285	0.012	0.553	0.000
0.291	0.021	0.559	0.000
0.281	0.037	0.564	0.000
0.228	0.043	0.569	0.000
0.173	0.032	0.574	0.000
0.150	0.016	0.578	0.000
0.147	0.008	0.580	0.000
0.133	0.009	0.581	0.000
0.100	0.012	0.582	0.000
0.067	0.011	0.582	0.000
0.056	0.008	0.583	0.000
0.061	0.008	0.582	0.000
0.065	0.013	0.580	0.000
0.062	0.019	0.575	0.000
0.054	0.022	0.567	0.000
0.047	0.023	0.557	0.000
0.041	0.027	0.546	0.000
0.036	0.036	0.533	0.000
0.031	0.046	0.520	0.000
0.032	0.052	0.505	0.000
0.036	0.053	0.490	0.000
0.037	0.050	0.476	0.000
0.034	0.048	0.461	0.000
0.028	0.048	0.449	0.000
0.022	0.048	0.438	0.000
0.018	0.046	0.429	0.000
0.014	0.045	0.420	0.000
0.012	0.046	0.413	0.000
0.011	0.048	0.404	0.000
0.011	0.048	0.396	0.000
0.011	0.047	0.387	0.000
0.010	0.045	0.378	0.000
0.007	0.047	0.372	0.000
0.005	0.050	0.368	0.000
0.004	0.050	0.366	0.000
0.006	0.043	0.367	0.000
0.008	0.033	0.369	0.000
0.008	0.024	0.373	0.000
0.008	0.022	0.376	0.000
0.007	0.024	0.380	0.000
0.007	0.026	0.382	0.000
0.008	0.025	0.382	0.000
0.010	0.022	0.381	0.000
0.011	0.019	0.378	0.000
0.012	0.016	0.375	0.000
0.013	0.012	0.372	0.000
0.013	0.009	0.368	0.000
0.014	0.009	0.365	0.000
0.015	0.012	0.362	0.000
0.016	0.016	0.360	0.000
0.017	0.021	0.358	0.000
0.019	0.024	0.355	0.000
0.022	0.026	0.350	0.000
0.024	0.029	0.343	0.000
0.026	0.033	0.334	0.000
0.027	0.037	0.325	0.000
0.028	0.040	0.316	0.000
0.028	0.039	0.308	0.000
0.026	0.038	0.303	0.000
0.022	0.040	0.300	0.000
0.020	0.044	0.298	0.000
0.020	0.046	0.297	0.000
0.020	0.042	0.296	0.000
0.019	0.035	0.295	0.000
0.017	0.030	0.295	0.000
0.014	0.026	0.295	0.000
0.011	0.023	0.295	0.000
0.008	0.018	0.294	0.000
0.007	0.012	0.294	0.000
0.005	0.010	0.293	0.000
0.004	0.012	0.293	0.000
0.003	0.016	0.292	0.000
0.003	0.016	0.291	0.000
0.003	0.013	0.291	0.000
0.004	0.008	0.292	0.000
0.005	0.006	0.293	0.000
0.006	0.006	0.292	0.000
0.006	0.005	0.288	0.000
0.007	0.002	0.279	0.000
0.008	0.001	0.266	0.000
0.009	0.003	0.248	0.000
0.009	0.005	0.226	0.000
0.008	0.006	0.202	0.000
0.008	0.005	0.176	0.000
0.008	0.003	0.153	0.000
0.009	0.003	0.136	0.000
0.010	0.004	0.128	0.000
0.010	0.007	0.131	0.000
0.008	0.010	0.145	0.000
0.008	0.014	0.168	0.000
0.009	0.018	0.195	0.000
0.011	0.020	0.223	0.000
0.012	0.021	0.251	0.000
0.012	0.022	0.278	0.000
0.013	0.024	0.303	0.000
0.014	0.026	0.328	0.000
0.014	0.028	0.353	0.000
0.013	0.028	0.378	0.000
0.012	0.027	0.404	0.000
0.010	0.026	0.430	0.000
0.010	0.025	0.456	0.000
0.011	0.024	0.481	0.000
0.012	0.021	0.503	0.000
0.012	0.019	0.523	0.000
0.010	0.016	0.541	0.000
0.008	0.015	0.556	0.000
0.007	0.015	0.569	0.000
0.006	0.015	0.581	0.000
0.007	0.016	0.591	0.000
0.007	0.015	0.600	0.000
0.007	0.014	0.607	0.000
0.007	0.011	0.613	0.000
0.008	0.010	0.620	0.000
0.009	0.009	0.627	0.000
0.009	0.008	0.633	0.000
0.009	0.007	0.641	0.000
0.009	0.007	0.648	0.000
0.010	0.007	0.657	0.000
0.011	0.008	0.667	0.000
0.012	0.010	0.678	0.000
0.013	0.012	0.689	0.000
0.013	0.016	0.701	0.000
0.015	0.020	0.713	0.000
0.017	0.025	0.723	0.000
0.022	0.031	0.733	0.000
0.027	0.037	0.741	0.000
0.029	0.043	0.749	0.000
0.028	0.047	0.757	0.000
0.029	0.050	0.764	0.000
0.033	0.054	0.769	0.000
0.036	0.058	0.772	0.000
0.038	0.065	0.774	0.000
0.039	0.075	0.777	0.000
0.041	0.089	0.782	0.000
0.047	0.104	0.789	0.000
0.054	0.117	0.799	0.000
0.054	0.122	0.811	0.000
0.049	0.120	0.823	0.000
0.045	0.114	0.834	0.001
0.046	0.112	0.844	0.001
0.051	0.113	0.851	0.001
0.055	0.118	0.858	0.001
0.054	0.125	0.864	0.001
0.052	0.136	0.871	0.001
0.055	0.153	0.877	0.001
0.070	0.177	0.883	0.001
0.085	0.204	0.888	0.001
0.095	0.230	0.893	0.001
0.104	0.256	0.897	0.001
0.147	0.283	0.900	0.001
0.508	0.313	0.901	0.001
1.750	0.351	0.897	0.001
4.222	0.411	0.888	0.001
8.340	0.551	0.877	0.001
14.794	1.029	0.869	0.001
22.066	2.238	0.865	0.002
26.091	4.162	0.858	0.002
23.091	6.338	0.850	0.002
13.977	8.412	0.841	0.003
4.285	9.774	0.839	0.003
-0.408	9.311	0.842	0.003
1.790	6.561	0.848	0.003
7.515	2.666	0.850	0.003
12.458	-0.249	0.849	0.003
14.973	-0.705	0.847	0.002
16.335	1.075	0.846	0.002
17.640	3.617	0.849	0.002
17.825	5.699	0.854	0.002
14.530	7.460	0.857	0.003
8.328	9.763	0.853	0.003
2.526	12.215	0.840	0.004
0.074	12.544	0.820	0.004
0.832	9.150	0.803	0.004
2.344	3.745	0.797	0.004
3.176	-0.058	0.796	0.003
4.940	-0.456	0.779	0.003
9.828	1.062	0.727	0.002
18.153	1.800	0.643	0.002
26.928	0.829	0.556	0.001
31.640	-0.463	0.496	0.001
29.649	-0.464	0.472	0.001
21.924	0.736	0.469	0.001
12.119	1.708	0.467	0.001
4.190	1.519	0.460	0.001
0.120	0.668	0.453	0.001
-0.681	0.181	0.452	0.001
-0.135	0.329	0.454	0.001
0.244	0.558	0.453	0.001
0.144	0.407	0.448	0.001
-0.005	0.063	0.445	0.001
0.099	-0.009	0.447	0.001
0.316	0.291	0.453	0.001
0.371	0.610	0.458	0.001
0.270	0.640	0.459	0.001
0.220	0.485	0.461	0.001
0.353	0.479	0.466	0.001
0.606	0.774	0.473	0.001
1.115	1.212	0.481	0.001
2.774	1.575	0.488	0.002
6.808	1.881	0.495	0.002
13.993	2.431	0.503	0.002
25.433	3.521	0.514	0.002
41.759	5.088	0.529	0.003
58.696	6.737	0.547	0.003
69.092	8.083	0.568	0.003
71.049	8.970	0.589	0.004
66.923	9.477	0.607	0.004
59.956	9.855	0.623	0.004
50.188	10.511	0.636	0.005
36.359	11.920	0.647	0.005
20.661	14.282	0.657	0.005
8.593	16.958	0.665	0.005
4.121	18.537	0.672	0.006
5.517	17.710	0.677	0.006
7.271	14.297	0.681	0.005
5.776	9.500	0.685	0.005
2.208	5.038	0.688	0.005
-0.109	2.059	0.690	0.004
0.096	0.686	0.691	0.004
1.185	0.338	0.690	0.003
1.210	0.352	0.687	0.002
0.171	0.385	0.683	0.002
-0.549	0.390	0.680	0.001
-0.221	0.396	0.677	0.001
0.481	0.401	0.676	0.001
0.607	0.390	0.675	0.001
0.198	0.390	0.674	0.001
0.143	0.449	0.673	0.001
1.255	0.536	0.671	0.001
3.627	0.541	0.671	0.001
6.954	0.412	0.673	0.001
10.528	0.237	0.675	0.001
12.620	0.158	0.677	0.001
11.477	0.200	0.679	0.001
7.187	0.264	0.681	0.001
2.455	0.296	0.680	0.001
1.050	0.577	0.674	0.001
5.717	1.732	0.657	0.002
16.720	3.961	0.627	0.002
31.874	6.499	0.585	0.002
48.510	8.280	0.534	0.003
63.668	8.944	0.482	0.003
73.846	8.983	0.432	0.004
76.247	8.970	0.391	0.004
67.853	8.818	0.362	0.004
49.614	7.949	0.346	0.004
28.046	6.208	0.341	0.004
11.338	4.350	0.342	0.004
3.672	3.577	0.345	0.004
2.944	4.686	0.347	0.004
3.925	7.252	0.346	0.004
3.310	9.560	0.346	0.004
1.703	9.823	0.346	0.004
1.196	7.697	0.345	0.004
2.114	4.561	0.344	0.004
2.834	2.284	0.342	0.004
2.102	1.665	0.340	0.003
0.534	2.020	0.339	0.003
-0.379	2.148	0.337	0.003
-0.109	1.554	0.335	0.002
0.530	0.685	0.333	0.002
0.596	0.194	0.332	0.002
0.110	0.210	0.332	0.001
-0.227	0.374	0.332	0.001
-0.042	0.377	0.331	0.001
0.328	0.268	0.330	0.001
0.400	0.256	0.328	0.001
0.173	0.374	0.327	0.001
0.229	0.459	0.326	0.001
1.533	0.397	0.327	0.001
4.168	0.263	0.329	0.001
5.781	0.206	0.332	0.001
4.968	0.293	0.334	0.001
3.073	0.478	0.334	0.001
1.742	0.619	0.333	0.001
1.505	0.632	0.334	0.001
1.575	0.592	0.340	0.001
1.056	0.545	0.353	0.001
0.101	0.449	0.371	0.001
-0.380	0.272	0.393	0.001
-0.017	0.070	0.414	0.001
0.555	-0.049	0.433	0.001
0.629	-0.033	0.447	0.001
0.377	0.059	0.455	0.000
0.837	0.128	0.458	0.000
3.389	0.137	0.455	0.000
7.907	0.131	0.450	0.000
12.373	0.164	0.445	0.000
14.575	0.238	0.443	0.001
14.133	0.351	0.444	0.001
12.169	0.642	0.448	0.001
10.073	1.462	0.454	0.001
8.348	3.067	0.460	0.002
6.708	5.183	0.465	0.002
4.951	7.080	0.469	0.003
3.422	8.193	0.473	0.003
2.524	8.519	0.478	0.004
2.162	8.338	0.484	0.004
1.882	7.758	0.490	0.004
1.402	6.656	0.499	0.004
0.879	5.103	0.511	0.004
0.596	3.591	0.525	0.004
0.569	2.690	0.539	0.003
0.573	2.507	0.555	0.003
0.447	2.604	0.573	0.003
0.269	2.478	0.592	0.003
0.202	2.045	0.615	0.003
0.264	1.587	0.638	0.002
0.329	1.337	0.663	0.002
0.324	1.240	0.686	0.002
0.404	1.112	0.709	0.002
0.766	0.906	0.730	0.002
1.504	0.750	0.749	0.002
2.435	0.768	0.768	0.002
2.943	0.973	0.786	0.002
2.664	1.339	0.801	0.002
1.879	1.898	0.810	0.002
1.202	2.642	0.812	0.002
1.015	3.366	0.808	0.002
1.181	3.723	0.800	0.002
1.313	3.480	0.792	0.002
1.283	2.732	0.784	0.002
1.596	1.827	0.777	0.002
3.202	1.080	0.771	0.002
6.914	0.577	0.767	0.002
12.541	0.239	0.764	0.002
19.218	0.032	0.762	0.001
23.835	0.053	0.759	0.001
25.636	0.440	0.756	0.001
24.063	1.242	0.753	0.001
21.002	2.272	0.753	0.001
16.145	3.020	0.753	0.002
10.226	3.175	0.755	0.002
4.695	3.448	0.756	0.002
1.488	5.099	0.754	0.003
1.157	8.222	0.751	0.003
2.366	11.033	0.748	0.003
3.040	11.390	0.745	0.004
2.326	8.829	0.742	0.004
1.058	4.965	0.736	0.004
0.386	2.000	0.727	0.004
0.492	0.892	0.715	0.003
0.715	0.959	0.697	0.003
0.574	1.091	0.674	0.003
0.291	0.960	0.647	0.002
0.410	0.924	0.621	0.002
1.447	1.190	0.600	0.002
4.058	1.512	0.586	0.002
8.729	1.611	0.576	0.002
15.367	1.636	0.567	0.002
22.681	2.100	0.556	0.002
28.133	3.458	0.545	0.002
29.563	5.832	0.535	0.003
26.286	8.754	0.524	0.003
20.032	11.319	0.513	0.004
13.781	13.271	0.501	0.004
9.509	15.319	0.490	0.005
7.777	18.315	0.487	0.006
8.497	22.014	0.495	0.006
10.950	24.656	0.510	0.006
14.368	24.696	0.529	0.007
18.130	23.191	0.549	0.007
21.565	23.737	0.568	0.008
24.133	29.637	0.588	0.008
26.214	41.620	0.606	0.009
30.214	57.834	0.623	0.010
37.630	75.694	0.637	0.011
46.877	92.744	0.648	0.012
51.690	105.425	0.658	0.013
46.953	108.632	0.668	0.013
34.308	99.057	0.676	0.014
20.934	79.251	0.683	0.014
13.059	57.391	0.688	0.014
11.625	41.337	0.693	0.013
13.764	32.932	0.698	0.012
17.372	28.185	0.702	0.011
23.585	22.334	0.705	0.010
31.578	14.263	0.704	0.008
38.866	6.540	0.702	0.007
41.872	2.176	0.699	0.006
39.049	2.000	0.698	0.005
30.974	4.769	0.696	0.004
20.288	8.298	0.692	0.003
10.782	10.402	0.684	0.003
5.521	10.170	0.673	0.003
4.807	8.554	0.659	0.003
6.015	7.185	0.647	0.003
6.150	6.714	0.636	0.004
4.415	6.503	0.626	0.004
2.373	5.776	0.615	0.004
2.244	4.600	0.605	0.004
4.790	3.523	0.594	0.003
9.260	3.008	0.583	0.003
14.743	4.063	0.571	0.003
21.343	9.123	0.559	0.004
29.146	21.468	0.546	0.005
37.106	43.477	0.536	0.006
43.093	75.053	0.529	0.009
43.458	113.446	0.526	0.011
37.051	153.794	0.527	0.013
26.255	186.878	0.531	0.015
15.449	198.894	0.537	0.017
7.791	179.177	0.544	0.017
3.719	130.850	0.549	0.017
1.758	73.174	0.552	0.017
0.528	28.989	0.552	0.015
-0.228	8.421	0.552	0.013
-0.246	4.696	0.552	0.011
0.425	4.629	0.551	0.009
1.541	1.536	0.549	0.007
3.456	-2.092	0.545	0.005
7.419	-1.943	0.539	0.003
14.367	1.458	0.533	0.002
22.947	3.998	0.527	0.002
28.833	3.449	0.519	0.002
29.203	1.624	0.509	0.002
24.571	1.476	0.495	0.002
18.787	3.578	0.477	0.003
16.458	6.268	0.456	0.003
20.309	8.563	0.434	0.004
30.986	12.495	0.411	0.005
47.496	23.243	0.387	0.006
68.654	45.818	0.361	0.008
91.382	81.531	0.333	0.010
113.063	125.974	0.305	0.012
130.126	172.137	0.276	0.014
138.346	213.757	0.248	0.017
135.481	245.671	0.220	0.019
122.935	262.784	0.193	0.021
104.078	261.083	0.167	0.022
84.934	241.075	0.143	0.023
70.262	210.989	0.120	0.023
62.450	182.635	0.097	0.023
62.421	164.022	0.075	0.022
70.137	154.369	0.055	0.021
83.340	146.488	0.043	0.020
98.367	134.076	0.048	0.019
109.192	116.543	0.071	0.018
110.292	97.295	0.106	0.017
96.719	78.989	0.139	0.016
71.198	61.404	0.163	0.015
43.061	44.328	0.176	0.014
22.222	30.407	0.184	0.012
12.072	23.557	0.192	0.011
9.007	24.428	0.199	0.010
7.408	28.565	0.204	0.009
4.804	30.026	0.208	0.009
2.444	26.611	0.211	0.008
1.970	20.970	0.216	0.008
2.761	16.853	0.221	0.007
3.093	15.098	0.226	0.007
2.409	13.606	0.229	0.007
1.727	10.465	0.231	0.006
1.908	6.189	0.234	0.005
2.379	2.765	0.238	0.005
2.176	1.312	0.242	0.004
1.211	1.206	0.247	0.003
0.366	1.228	0.252	0.003
0.300	0.950	0.260	0.002
0.735	0.794	0.270	0.002
0.906	1.083	0.281	0.002
0.542	1.499	0.293	0.002
0.075	1.514	0.307	0.002
-0.004	1.060	0.323	0.002
0.373	0.555	0.340	0.002
1.228	0.368	0.358	0.001
3.078	0.430	0.377	0.001
4.562	0.450	0.397	0.001
4.585	0.333	0.413	0.001
4.308	0.263	0.425	0.001
3.928	0.404	0.435	0.001
3.349	0.637	0.445	0.001
2.346	0.680	0.457	0.001
1.060	0.474	0.471	0.001
0.020	0.306	0.483	0.001
-0.228	0.454	0.492	0.001
0.148	0.792	0.500	0.001
0.446	0.935	0.507	0.001
0.284	0.692	0.512	0.001
-0.057	0.289	0.515	0.001
-0.125	0.104	0.516	0.001
0.114	0.253	0.515	0.001
0.321	0.502	0.514	0.001
0.260	0.573	0.513	0.001
0.065	0.433	0.512	0.001
0.002	0.273	0.509	0.001
0.122	0.239	0.507	0.001
0.249	0.307	0.504	0.001
0.235	0.366	0.502	0.001
0.131	0.382	0.500	0.001
0.079	0.401	0.499	0.001
0.124	0.454	0.497	0.001
0.188	0.508	0.498	0.001
0.185	0.517	0.500	0.001
0.129	0.471	0.505	0.001
0.094	0.413	0.513	0.001
0.170	0.378	0.523	0.001
0.513	0.362	0.537	0.001
1.615	0.371	0.555	0.001
4.532	0.447	0.574	0.001
10.409	0.679	0.593	0.001
19.212	1.231	0.607	0.001
29.006	2.280	0.613	0.002
36.962	3.976	0.611	0.002
41.205	6.689	0.603	0.003
40.599	10.994	0.593	0.004
35.032	16.756	0.584	0.004
26.021	22.235	0.577	0.005
16.704	24.779	0.570	0.006
10.017	22.887	0.564	0.006
6.823	17.667	0.558	0.006
5.726	12.053	0.554	0.006
4.733	8.292	0.550	0.006
3.098	6.464	0.547	0.005
1.483	5.201	0.543	0.005
0.703	3.557	0.539	0.004
0.664	1.860	0.535	0.004
0.657	0.907	0.530	0.003
0.315	0.813	0.525	0.003
-0.077	0.934	0.520	0.002
-0.130	0.700	0.515	0.002
0.106	0.198	0.510	0.001
0.268	-0.110	0.506	0.001
0.170	-0.020	0.502	0.001
-0.014	0.216	0.499	0.001
-0.043	0.274	0.496	0.001
0.084	0.135	0.492	0.001
0.178	0.023	0.488	0.001
0.133	0.077	0.481	0.001
0.038	0.206	0.473	0.001
0.026	0.247	0.463	0.001
0.098	0.176	0.451	0.001
0.149	0.101	0.437	0.001
0.117	0.103	0.421	0.001
0.053	0.152	0.400	0.001
0.038	0.172	0.376	0.001
0.079	0.144	0.348	0.001
0.114	0.115	0.324	0.001
0.097	0.120	0.312	0.001
0.053	0.141	0.320	0.001
0.031	0.144	0.350	0.001
0.044	0.128	0.393	0.001
0.062	0.121	0.435	0.001
0.060	0.138	0.467	0.001
0.044	0.158	0.489	0.001
0.036	0.153	0.505	0.001
0.044	0.124	0.520	0.001
0.055	0.095	0.533	0.001
0.051	0.087	0.543	0.001
0.036	0.091	0.551	0.001
0.082	0.085	0.557	0.000
0.480	0.065	0.564	0.000
1.985	0.044	0.571	0.000
5.988	0.041	0.575	0.000
13.676	0.179	0.575	0.000
23.801	0.520	0.575	0.000
31.840	0.814	0.576	0.001
33.024	0.944	0.578	0.001
26.317	1.380	0.579	0.001
15.433	2.896	0.577	0.002
6.060	5.695	0.574	0.002
1.636	8.677	0.573	0.003
1.691	10.003	0.573	0.003
3.849	8.743	0.574	0.003
6.846	5.893	0.573	0.004
11.019	3.470	0.573	0.004
16.497	2.678	0.575	0.004
21.233	2.977	0.583	0.003
22.443	2.916	0.598	0.003
19.553	1.846	0.614	0.003
15.030	0.544	0.621	0.002
11.741	0.201	0.612	0.002
10.272	1.124	0.586	0.002
9.107	2.634	0.553	0.002
6.841	3.869	0.524	0.002
3.920	4.354	0.502	0.002
1.900	4.030	0.486	0.002
1.591	3.073	0.472	0.002
2.612	1.783	0.459	0.002
4.350	0.623	0.449	0.002
7.516	0.263	0.440	0.002
14.632	1.511	0.432	0.002
28.048	5.066	0.426	0.003
46.542	11.668	0.424	0.004
66.953	22.346	0.435	0.005
86.351	37.935	0.458	0.006
101.551	57.994	0.490	0.008
108.064	80.999	0.524	0.010
102.553	105.735	0.552	0.012
84.499	128.596	0.575	0.013
58.749	140.880	0.592	0.014
34.414	133.309	0.606	0.015
18.145	106.095	0.616	0.015
10.340	72.251	0.623	0.015
6.948	47.381	0.628	0.014
4.257	36.236	0.632	0.013
1.582	31.169	0.636	0.012
0.112	23.020	0.639	0.010
0.274	11.086	0.640	0.009
0.951	1.809	0.641	0.007
1.062	-0.288	0.641	0.006
0.674	2.207	0.642	0.005
0.818	3.593	0.642	0.004
2.759	1.838	0.640	0.003
6.321	-0.324	0.636	0.002
11.247	0.025	0.629	0.002
17.026	2.433	0.622	0.002
23.779	4.433	0.616	0.002
31.513	4.885	0.611	0.002
36.026	4.879	0.607	0.003
32.600	5.677	0.603	0.003
21.796	6.586	0.599	0.003
9.273	5.822	0.597	0.003
1.483	3.516	0.593	0.003
1.338	1.745	0.587	0.003
6.854	1.935	0.578	0.003
13.564	3.668	0.567	0.003
18.084	5.262	0.555	0.003
19.171	5.616	0.545	0.003
16.874	5.598	0.538	0.003
12.349	6.582	0.535	0.003
7.832	8.373	0.536	0.004
5.322	9.622	0.542	0.004
5.207	9.710	0.550	0.004
6.199	9.474	0.558	0.004
6.851	10.085	0.564	0.004
7.064	11.569	0.569	0.005
8.009	12.793	0.573	0.005
10.560	13.146	0.576	0.005
15.155	14.137	0.578	0.005
21.303	18.427	0.579	0.006
28.260	26.782	0.579	0.007
33.670	36.366	0.579	0.007
35.622	42.285	0.580	0.008
36.320	41.265	0.581	0.008
40.422	33.821	0.583	0.008
48.464	23.507	0.585	0.008
52.863	14.322	0.588	0.008
45.257	8.461	0.592	0.007
26.643	5.912	0.596	0.007
7.830	5.574	0.599	0.006
-0.384	6.509	0.601	0.005
2.856	8.218	0.604	0.005
9.892	10.333	0.606	0.005
14.130	12.480	0.607	0.005
16.401	14.374	0.609	0.005
21.623	15.957	0.608	0.005
30.824	17.372	0.606	0.006
39.212	18.527	0.602	0.006
40.186	18.970	0.596	0.006
32.317	17.984	0.590	0.006
20.153	15.011	0.585	0.006
9.799	10.530	0.581	0.006
4.023	5.971	0.579	0.005
1.799	2.873	0.579	0.005
1.099	1.798	0.578	0.004
1.159	1.909	0.575	0.004
2.324	1.926	0.569	0.003
4.916	1.452	0.560	0.002
8.312	1.148	0.549	0.002
12.094	1.753	0.536	0.002
17.142	3.344	0.522	0.002
25.478	5.697	0.507	0.003
39.567	9.157	0.491	0.004
57.856	14.749	0.474	0.004
76.903	23.411	0.455	0.006
92.179	35.198	0.437	0.007
101.108	49.051	0.418	0.008
101.011	63.329	0.399	0.009
92.282	76.123	0.381	0.011
78.971	85.157	0.364	0.012
68.364	88.682	0.348	0.012
65.169	86.518	0.333	0.013
65.233	80.271	0.317	0.013
60.507	72.172	0.302	0.013
47.808	63.553	0.287	0.013
32.334	54.853	0.272	0.013
21.305	46.245	0.259	0.012
16.865	38.077	0.247	0.011
15.205	30.714	0.234	0.011
12.329	24.450	0.221	0.010
8.952	19.711	0.208	0.009
8.808	17.128	0.196	0.008
13.307	16.896	0.187	0.008
19.818	18.284	0.186	0.007
24.945	20.056	0.197	0.007
28.187	21.097	0.224	0.007
30.857	20.869	0.264	0.007
33.754	19.242	0.310	0.007
35.428	16.047	0.356	0.006
34.653	11.237	0.395	0.006
31.305	5.791	0.427	0.005
26.272	2.170	0.450	0.005
19.976	2.816	0.468	0.004
12.863	6.659	0.480	0.003
6.289	8.930	0.489	0.003
2.268	6.782	0.496	0.002
1.663	2.415	0.502	0.002
3.503	-0.057	0.506	0.002
6.153	0.775	0.507	0.002
9.429	2.716	0.506	0.002
15.041	2.926	0.504	0.002
24.434	1.154	0.501	0.001
35.677	-0.461	0.498	0.001
43.085	-0.192	0.493	0.001
41.660	1.648	0.486	0.002
31.445	3.763	0.478	0.002
17.675	4.310	0.471	0.002
7.004	4.239	0.466	0.002
2.843	4.252	0.463	0.003
4.465	4.046	0.462	0.003
8.172	2.923	0.461	0.003
11.948	1.143	0.461	0.003
15.769	-0.261	0.459	0.002
20.857	-0.480	0.456	0.002
26.804	0.253	0.450	0.002
30.813	1.065	0.442	0.001
29.271	1.480	0.435	0.001
21.635	1.815	0.429	0.001
11.761	2.621	0.426	0.002
4.701	3.866	0.427	0.002
2.378	4.759	0.433	0.002
3.198	4.517	0.443	0.002
5.405	3.195	0.455	0.002
9.855	1.839	0.467	0.002
18.645	1.663	0.479	0.002
31.501	3.136	0.489	0.002
45.678	6.261	0.499	0.003
57.452	10.934	0.507	0.003
62.825	16.367	0.512	0.004
60.440	20.314	0.516	0.004
55.667	19.874	0.518	0.005
53.029	14.300	0.519	0.005
48.693	6.549	0.519	0.005
37.608	1.036	0.518	0.005
20.879	-0.042	0.518	0.004
6.050	1.729	0.521	0.004
-0.296	3.035	0.526	0.003
1.636	2.402	0.533	0.002
6.269	1.170	0.540	0.002
9.750	0.948	0.547	0.002
13.374	1.512	0.554	0.002
19.233	2.023	0.561	0.002
25.883	3.079	0.565	0.002
29.387	6.802	0.563	0.002
27.629	14.095	0.554	0.003
21.140	22.133	0.541	0.004
12.827	26.065	0.528	0.005
5.840	23.334	0.519	0.005
1.846	16.110	0.515	0.005
0.697	8.930	0.514	0.006
1.114	4.737	0.513	0.005
1.664	3.232	0.514	0.005
2.208	2.491	0.516	0.004
4.012	1.465	0.519	0.004
8.117	0.536	0.519	0.003
11.134	0.393	0.514	0.002
10.377	1.067	0.507	0.002
6.776	2.182	0.499	0.002
3.179	3.402	0.493	0.002
1.832	4.374	0.488	0.002
2.164	4.804	0.481	0.002
2.183	4.735	0.473	0.003
1.077	4.160	0.462	0.003
-0.021	3.021	0.450	0.003
0.005	1.577	0.436	0.002
0.788	0.409	0.419	0.002
1.199	0.058	0.398	0.002
1.062	0.611	0.374	0.002
1.203	1.574	0.346	0.002
2.521	2.344	0.315	0.002
4.975	2.911	0.281	0.002
7.601	4.002	0.245	0.002
8.967	6.328	0.209	0.003
8.336	9.782	0.177	0.004
6.045	13.691	0.152	0.004
3.399	17.230	0.138	0.005
1.821	19.086	0.132	0.005
1.820	17.741	0.132	0.005
3.271	12.885	0.133	0.005
5.674	6.386	0.133	0.005
8.918	1.329	0.131	0.004
12.304	-0.243	0.128	0.004
15.599	1.408	0.129	0.003
18.899	4.770	0.137	0.003
21.996	8.905	0.153	0.003
24.421	15.055	0.176	0.004
25.372	28.455	0.200	0.005
24.495	54.395	0.221	0.007
22.152	89.629	0.238	0.009
19.012	120.531	0.251	0.011
15.560	132.273	0.262	0.012
11.906	119.803	0.274	0.013
8.234	91.655	0.287	0.014
5.120	62.269	0.299	0.014
3.010	40.868	0.307	0.013
1.887	27.465	0.311	0.012
1.307	17.864	0.314	0.011
0.874	9.935	0.317	0.009
0.517	4.593	0.320	0.008
0.354	2.600	0.322	0.006
0.391	2.502	0.324	0.005
0.455	2.097	0.325	0.004
0.399	0.840	0.326	0.003
0.265	-0.088	0.324	0.002
0.183	0.216	0.320	0.002
0.199	1.145	0.314	0.002
0.243	1.482	0.307	0.002
0.249	0.927	0.301	0.001
0.252	0.276	0.297	0.001
0.405	0.276	0.295	0.001
1.031	0.760	0.292	0.001
2.918	1.044	0.288	0.001
7.519	0.781	0.282	0.001
15.364	0.384	0.275	0.001
23.527	0.534	0.266	0.001
27.754	1.523	0.257	0.002
25.781	2.866	0.250	0.002
18.709	3.731	0.247	0.002
10.364	3.759	0.246	0.002
4.426	3.323	0.249	0.002
2.119	3.007	0.253	0.002
2.311	3.024	0.260	0.002
3.448	3.144	0.270	0.002
5.146	3.143	0.285	0.002
9.351	3.382	0.302	0.003
17.897	5.060	0.320	0.003
29.260	9.689	0.338	0.004
39.129	18.252	0.358	0.005
43.559	30.696	0.380	0.006
43.378	45.558	0.404	0.007
39.116	59.995	0.427	0.009
31.162	69.775	0.444	0.010
20.699	70.744	0.456	0.010
10.459	61.815	0.463	0.011
3.592	46.446	0.469	0.011
1.309	30.410	0.474	0.010
1.806	17.890	0.478	0.010
2.199	9.502	0.480	0.008
1.420	3.884	0.481	0.007
0.691	0.300	0.484	0.005
1.523	-0.790	0.491	0.004
4.216	0.754	0.503	0.003
8.625	3.614	0.516	0.002
15.162	5.958	0.529	0.002
25.291	7.252	0.541	0.003
40.729	9.071	0.547	0.004
60.366	14.233	0.544	0.005
81.224	25.628	0.530	0.006
99.548	45.671	0.507	0.008
112.872	74.741	0.481	0.010
118.908	109.393	0.459	0.012
116.071	142.216	0.439	0.014
103.233	166.469	0.419	0.015
81.385	181.183	0.397	0.017
57.319	188.533	0.374	0.018
42.842	187.976	0.353	0.019
46.654	176.734	0.334	0.020
67.046	155.324	0.318	0.020
93.505	130.945	0.301	0.019
112.149	111.208	0.287	0.019
113.993	96.999	0.275	0.018
97.512	82.596	0.266	0.016
68.227	63.001	0.260	0.015
36.806	41.350	0.257	0.013
13.692	26.398	0.256	0.012
3.462	21.795	0.259	0.010
3.286	21.729	0.263	0.009
6.235	18.273	0.267	0.008
7.226	11.065	0.270	0.007
6.295	6.827	0.272	0.006
6.694	9.556	0.274	0.006
10.876	15.671	0.278	0.006
19.187	18.784	0.283	0.006
30.050	17.070	0.288	0.006
38.917	14.255	0.294	0.006
40.945	14.457	0.300	0.006
33.766	17.474	0.307	0.006
20.710	19.654	0.314	0.006
10.366	18.242	0.320	0.006
9.673	13.915	0.323	0.006
18.604	9.546	0.324	0.006
29.781	7.393	0.324	0.005
36.154	7.507	0.323	0.005
35.596	8.281	0.324	0.005
30.183	8.115	0.327	0.005
22.491	6.561	0.331	0.004
14.107	4.401	0.336	0.004
6.957	2.868	0.341	0.004
3.362	2.626	0.343	0.003
5.077	3.278	0.344	0.003
11.190	3.811	0.344	0.003
18.596	3.478	0.343	0.003
23.925	2.400	0.341	0.003
25.958	1.315	0.337	0.002
23.197	0.804	0.331	0.002
16.219	0.835	0.325	0.002
7.794	0.985	0.321	0.002
1.601	0.924	0.319	0.002
-0.553	0.669	0.318	0.001
0.259	0.457	0.318	0.001
1.343	0.429	0.318	0.001
1.190	0.490	0.318	0.001
0.291	0.481	0.317	0.001
-0.083	0.372	0.317	0.001
0.344	0.269	0.316	0.001
0.979	0.271	0.316	0.001
0.999	0.369	0.316	0.001
0.495	0.476	0.316	0.001
0.200	0.538	0.317	0.001
0.603	0.577	0.318	0.001
2.077	0.654	0.318	0.001
4.961	0.782	0.318	0.001
7.892	0.870	0.317	0.001
8.938	0.830	0.315	0.001
7.286	0.711	0.313	0.001
4.134	0.635	0.312	0.001
1.575	0.609	0.312	0.001
0.910	0.703	0.313	0.001
1.769	1.159	0.314	0.001
2.941	2.004	0.317	0.001
3.868	3.089	0.319	0.002
5.099	4.387	0.322	0.002
7.404	6.280	0.325	0.003
11.342	9.938	0.330	0.004
17.315	16.755	0.340	0.005
25.452	27.493	0.358	0.006
35.184	41.891	0.386	0.007
44.777	58.323	0.421	0.009
50.392	73.255	0.459	0.010
48.402	81.402	0.495	0.011
38.582	77.853	0.526	0.011
25.372	62.165	0.550	0.011
14.568	40.317	0.566	0.011
8.705	21.606	0.577	0.011
6.198	12.023	0.584	0.010
4.235	10.281	0.590	0.009
1.795	10.390	0.596	0.007
-0.082	7.909	0.600	0.006
-0.395	3.364	0.602	0.005
0.318	0.064	0.603	0.004
0.711	-0.314	0.602	0.003
0.277	0.793	0.602	0.003
-0.314	1.134	0.602	0.002
-0.318	0.258	0.602	0.001
0.154	-0.568	0.602	0.001
0.439	-0.364	0.603	0.001
0.235	0.401	0.605	0.001
-0.031	0.673	0.608	0.001
0.070	0.211	0.611	0.001
0.477	-0.281	0.614	0.001
1.239	-0.197	0.618	0.001
3.587	0.266	0.624	0.001
9.509	0.500	0.630	0.001
19.908	0.307	0.638	0.001
31.470	0.048	0.646	0.001
37.508	0.122	0.657	0.001
34.228	0.576	0.670	0.001
23.709	0.924	0.685	0.001
11.941	0.863	0.701	0.001
4.691	0.549	0.715	0.001
3.206	0.351	0.724	0.001
4.093	0.346	0.730	0.001
4.042	0.396	0.731	0.001
2.990	0.357	0.730	0.001
3.388	0.295	0.726	0.001
7.111	0.378	0.714	0.001
13.935	0.608	0.693	0.001
20.325	0.841	0.664	0.001
21.899	0.979	0.630	0.001
17.734	1.102	0.600	0.001
10.334	1.340	0.579	0.001
3.736	1.647	0.567	0.001
0.408	1.750	0.562	0.002
-0.027	1.432	0.560	0.002
0.436	0.794	0.560	0.001
0.432	0.191	0.559	0.001
0.051	-0.079	0.558	0.001
-0.050	-0.026	0.556	0.001
0.295	0.108	0.553	0.001
0.611	0.135	0.551	0.001
0.513	0.071	0.548	0.000
0.165	0.046	0.547	0.000
-0.014	0.114	0.546	0.000
0.099	0.206	0.545	0.000
0.259	0.227	0.544	0.001
0.221	0.168	0.543	0.001
0.034	0.098	0.542	0.001
-0.082	0.071	0.540	0.001
-0.030	0.078	0.538	0.001
0.073	0.076	0.535	0.000
0.082	0.050	0.532	0.000
0.008	0.017	0.529	0.000
0.056	0.003	0.528	0.000
0.665	0.008	0.528	0.000
3.080	0.017	0.527	0.000
9.071	0.061	0.517	0.001
19.831	0.412	0.492	0.001
34.543	2.159	0.452	0.002
50.143	8.154	0.405	0.003
62.847	22.602	0.357	0.005
70.469	47.307	0.315	0.007
72.147	77.164	0.280	0.008
66.073	100.829	0.250	0.010
51.535	107.933	0.223	0.012
31.844	97.102	0.200	0.013
14.819	77.052	0.181	0.013
8.157	59.504	0.165	0.013
14.029	50.232	0.150	0.013
28.063	46.038	0.137	0.012
42.377	39.996	0.124	0.011
50.822	29.118	0.114	0.010
50.808	16.600	0.106	0.009
42.590	7.468	0.100	0.008
29.496	3.630	0.097	0.007
16.269	3.301	0.094	0.006
7.042	3.678	0.093	0.005
3.032	3.390	0.089	0.004
2.651	2.667	0.083	0.003
3.399	1.966	0.074	0.003
4.259	1.345	0.063	0.002
6.015	0.741	0.052	0.002
9.967	0.294	0.042	0.002
16.095	0.226	0.030	0.002
23.453	0.826	0.021	0.001
30.356	2.211	0.023	0.002
34.864	3.768	0.044	0.002
34.713	4.318	0.084	0.002
29.025	3.439	0.138	0.002
19.789	1.984	0.197	0.002
10.726	1.188	0.253	0.002
4.759	1.755	0.306	0.002
2.310	3.385	0.353	0.002
1.893	5.150	0.394	0.003
1.904	6.346	0.426	0.003
1.784	6.920	0.448	0.003
1.702	7.023	0.464	0.003
1.978	6.584	0.474	0.003
2.916	5.437	0.479	0.004
5.571	3.856	0.480	0.003
10.511	2.519	0.478	0.003
13.640	1.951	0.477	0.003
12.253	2.169	0.480	0.003
8.746	2.917	0.487	0.003
5.826	4.165	0.496	0.003
4.685	6.089	0.502	0.003
4.352	8.213	0.504	0.003
3.502	9.059	0.504	0.003
2.508	7.410	0.504	0.003
3.813	3.882	0.505	0.003
8.994	0.624	0.506	0.003
16.614	-0.636	0.504	0.003
23.075	-0.064	0.500	0.002
25.645	0.793	0.494	0.002
23.726	0.826	0.489	0.001
18.613	0.302	0.487	0.001
12.429	0.139	0.489	0.001
7.355	0.715	0.495	0.001
4.542	1.459	0.502	0.001
3.899	1.633	0.509	0.001
5.594	1.250	0.513	0.001
10.586	0.878	0.514	0.001
19.648	0.838	0.511	0.001
31.665	0.839	0.506	0.001
42.522	0.773	0.499	0.001
47.636	1.408	0.492	0.001
44.521	3.534	0.486	0.002
35.120	6.768	0.484	0.002
24.163	9.658	0.486	0.003
15.416	11.328	0.487	0.003
10.248	11.665	0.488	0.004
7.915	10.679	0.489	0.004
7.300	8.555	0.490	0.004
7.801	5.911	0.493	0.004
9.587	3.459	0.499	0.004
12.555	1.656	0.504	0.003
15.634	0.670	0.508	0.003
17.268	0.505	0.511	0.003
17.018	1.447	0.511	0.003
15.595	4.490	0.508	0.003
14.274	10.860	0.502	0.003
13.739	20.295	0.494	0.004
13.446	30.118	0.486	0.005
12.841	36.973	0.481	0.007
12.441	39.911	0.478	0.008
13.428	41.449	0.476	0.009
16.514	45.626	0.474	0.010
21.227	55.175	0.471	0.010
27.052	70.650	0.467	0.012
35.974	91.233	0.461	0.013
51.776	114.937	0.452	0.014
77.521	137.755	0.443	0.015
112.778	155.253	0.435	0.016
149.276	167.265	0.434	0.017
173.187	178.992	0.440	0.018
164.930	192.623	0.451	0.019
122.504	198.599	0.463	0.020
65.446	181.434	0.476	0.019
20.772	137.409	0.490	0.019
1.882	83.067	0.507	0.018
2.013	42.106	0.526	0.016
5.810	24.819	0.544	0.014
6.415	22.142	0.560	0.013
9.170	18.881	0.572	0.010
20.978	9.800	0.583	0.009
38.065	1.398	0.590	0.007
46.201	0.449	0.595	0.005
38.366	5.603	0.596	0.005
21.593	10.656	0.592	0.004
8.890	11.321	0.586	0.004
7.093	8.460	0.577	0.004
14.323	6.376	0.568	0.004
25.542	7.635	0.556	0.004
40.109	12.144	0.537	0.005
60.338	22.174	0.511	0.006
86.073	43.969	0.481	0.008
113.265	82.773	0.451	0.010
137.272	137.334	0.425	0.012
155.140	198.968	0.404	0.015
163.646	254.731	0.385	0.018
162.194	290.742	0.368	0.020
152.201	295.142	0.354	0.022
134.085	263.735	0.344	0.023
107.663	206.667	0.338	0.023
74.282	145.352	0.337	0.022
40.375	100.909	0.338	0.021
15.691	80.973	0.338	0.020
7.738	76.314	0.338	0.018
16.856	70.707	0.337	0.016
36.764	55.305	0.335	0.014
58.986	33.931	0.332	0.012
77.830	16.797	0.328	0.011
90.589	9.539	0.321	0.009
96.056	9.171	0.309	0.008
93.848	9.276	0.292	0.007
84.120	6.963	0.272	0.006
65.576	4.626	0.252	0.005
41.568	5.878	0.236	0.004
19.451	10.709	0.227	0.004
6.037	14.780	0.223	0.004
2.327	13.927	0.219	0.004
4.097	8.566	0.211	0.004
6.796	2.744	0.201	0.004
9.843	-0.133	0.191	0.003
16.560	-0.043	0.185	0.003
28.282	0.841	0.184	0.003
41.399	1.235	0.184	0.002
48.631	2.302	0.185	0.002
44.182	6.102	0.186	0.003
29.486	12.772	0.186	0.003
12.722	19.424	0.185	0.004
2.469	22.080	0.183	0.005
0.992	18.985	0.181	0.005
4.368	12.101	0.179	0.005
7.569	5.392	0.179	0.005
8.950	1.673	0.179	0.005
10.883	0.950	0.178	0.004
15.574	1.441	0.178	0.004
21.816	1.657	0.178	0.003
25.667	1.436	0.179	0.002
24.464	1.486	0.181	0.002
18.977	2.312	0.183	0.002
12.377	3.589	0.185	0.002
7.219	4.503	0.188	0.002
4.152	4.486	0.193	0.002
3.178	3.590	0.197	0.002
5.542	2.457	0.202	0.003
13.025	2.039	0.205	0.003
25.754	3.052	0.209	0.003
41.422	5.417	0.212	0.003
56.512	8.307	0.216	0.003
67.080	10.901	0.219	0.003
69.215	12.764	0.221	0.004
63.005	13.599	0.221	0.004
53.454	13.420	0.220	0.005
44.993	12.926	0.218	0.005
36.951	13.150	0.216	0.005
26.873	14.361	0.214	0.006
14.783	15.309	0.212	0.006
4.596	13.985	0.210	0.005
0.241	9.660	0.209	0.005
2.167	4.029	0.208	0.004
8.896	-0.052	0.203	0.004
19.844	-1.126	0.193	0.003
33.836	-0.041	0.178	0.003
47.837	1.437	0.160	0.002
54.944	2.381	0.144	0.002
48.195	3.043	0.132	0.002
29.805	3.753	0.125	0.002
10.338	4.160	0.123	0.002
-0.263	3.696	0.126	0.002
-0.769	2.461	0.140	0.002
2.488	1.406	0.169	0.002
3.207	1.385	0.213	0.002
0.991	2.252	0.271	0.002
-0.013	3.085	0.333	0.002
3.354	3.152	0.390	0.002
10.482	2.543	0.435	0.002
18.134	1.994	0.464	0.002
22.350	2.455	0.479	0.003
21.570	4.963	0.486	0.003
17.276	10.326	0.486	0.004
11.809	17.671	0.485	0.004
6.974	23.580	0.482	0.005
3.856	24.420	0.479	0.005
2.624	19.728	0.476	0.006
2.670	12.473	0.473	0.006
3.312	6.505	0.469	0.006
4.522	3.701	0.463	0.005
7.160	3.167	0.456	0.005
12.781	3.352	0.448	0.004
22.465	4.341	0.436	0.004
34.739	7.395	0.419	0.004
44.135	12.346	0.398	0.004
45.157	16.395	0.373	0.004
36.841	16.344	0.350	0.005
24.153	11.809	0.330	0.005
14.088	5.739	0.313	0.004
10.567	1.763	0.297	0.004
13.081	1.442	0.282	0.004
19.073	3.530	0.268	0.003
26.763	5.887	0.255	0.003
36.193	7.761	0.245	0.003
47.558	10.180	0.237	0.004
60.129	14.843	0.230	0.005
71.033	23.515	0.224	0.006
76.245	39.499	0.217	0.008
72.555	68.087	0.211	0.009
60.857	110.197	0.206	0.011
46.522	154.827	0.206	0.013
35.075	181.727	0.210	0.015
28.091	176.405	0.222	0.016
23.530	142.524	0.240	0.017
19.662	99.085	0.265	0.017
18.751	64.790	0.297	0.016
27.306	44.967	0.331	0.015
48.994	32.739	0.358	0.013
80.853	20.283	0.369	0.011
107.949	7.594	0.366	0.009
113.563	-0.094	0.355	0.008
92.260	-0.075	0.346	0.006
56.629	4.806	0.344	0.005
26.441	9.513	0.346	0.005
13.145	11.589	0.348	0.004
13.739	12.234	0.348	0.004
18.911	13.514	0.347	0.005
23.439	15.867	0.344	0.005
29.595	18.000	0.340	0.005
41.749	18.636	0.336	0.006
62.497	18.108	0.333	0.006
90.531	18.166	0.332	0.006
119.307	20.071	0.334	0.007
137.044	22.895	0.336	0.007
131.391	24.005	0.338	0.007
101.318	22.570	0.338	0.007
60.218	21.526	0.338	0.007
27.016	25.446	0.339	0.008
11.826	35.090	0.340	0.008
10.722	44.143	0.340	0.008
13.144	43.878	0.340	0.008
13.465	32.159	0.341	0.008
13.366	15.983	0.343	0.008
16.945	5.116	0.348	0.007
25.041	3.514	0.353	0.007
33.987	7.525	0.359	0.006
41.387	11.773	0.366	0.006
47.313	14.994	0.375	0.006
53.416	19.668	0.384	0.006
60.130	27.802	0.392	0.006
67.086	38.269	0.401	0.007
74.103	47.590	0.411	0.008
78.234	52.283	0.424	0.009
71.452	50.590	0.438	0.009
50.400	42.671	0.450	0.009
22.543	30.448	0.457	0.009
1.247	17.413	0.460	0.009
-5.523	7.315	0.461	0.008
-0.911	2.155	0.462	0.007
5.760	1.402	0.462	0.006
9.366	2.841	0.461	0.004
12.853	4.142	0.456	0.004
21.966	4.113	0.451	0.003
35.938	3.184	0.446	0.002
46.115	2.804	0.442	0.002
44.274	4.030	0.440	0.003
30.461	6.474	0.437	0.003
14.106	8.581	0.432	0.003
6.619	8.962	0.425	0.003
11.824	7.530	0.418	0.004
26.014	5.361	0.413	0.004
39.967	3.582	0.412	0.003
45.790	2.485	0.413	0.003
41.556	1.696	0.414	0.003
31.991	0.953	0.415	0.003
23.029	0.461	0.417	0.002
16.848	0.589	0.419	0.002
12.034	1.539	0.422	0.002
6.937	3.298	0.426	0.002
2.082	5.408	0.430	0.002
-0.266	6.726	0.434	0.003
0.909	6.141	0.438	0.003
4.283	3.865	0.440	0.003
8.049	1.619	0.440	0.003
11.948	1.521	0.440	0.003
16.542	4.706	0.438	0.003
21.706	10.767	0.438	0.003
25.050	17.541	0.437	0.004
23.849	21.718	0.437	0.004
18.156	20.931	0.435	0.005
11.981	16.006	0.432	0.005
10.985	10.736	0.425	0.006
18.475	9.058	0.414	0.006
34.898	12.839	0.400	0.006
59.822	22.959	0.381	0.007
91.609	41.797	0.360	0.008
126.099	73.442	0.339	0.010
156.798	119.891	0.317	0.012
176.300	175.686	0.298	0.014
179.262	226.345	0.279	0.016
165.233	253.434	0.261	0.018
137.548	243.664	0.246	0.020
102.824	198.412	0.232	0.020
70.915	136.033	0.222	0.020
48.630	81.997	0.214	0.019
35.804	53.031	0.207	0.018
27.357	47.244	0.200	0.016
19.573	48.837	0.196	0.014
12.684	43.477	0.192	0.012
9.092	30.026	0.191	0.011
8.883	17.756	0.190	0.010
9.507	14.447	0.191	0.009
8.558	18.783	0.193	0.008
6.200	23.659	0.196	0.008
4.324	24.441	0.199	0.007
3.952	22.268	0.202	0.007
4.345	20.374	0.203	0.007
4.129	19.395	0.205	0.007
3.106	17.522	0.212	0.007
2.127	13.923	0.228	0.006
1.817	10.185	0.252	0.006
1.902	8.196	0.278	0.006
1.761	7.819	0.300	0.005
1.239	7.312	0.315	0.005
0.714	5.679	0.324	0.004
0.534	3.747	0.330	0.004
0.702	2.834	0.335	0.004
1.157	3.020	0.339	0.003
2.072	3.193	0.342	0.003
4.107	2.568	0.343	0.003
7.826	1.547	0.343	0.003
12.204	1.008	0.343	0.002
14.550	1.162	0.343	0.002
12.657	1.450	0.342	0.002
7.177	1.398	0.339	0.002
1.696	1.136	0.337	0.002
0.048	0.988	0.334	0.002
3.565	0.962	0.333	0.002
10.233	0.863	0.332	0.001
16.517	0.646	0.333	0.001
20.723	0.485	0.334	0.001
24.458	0.551	0.337	0.001
26.370	0.961	0.340	0.001
26.750	1.955	0.344	0.002
25.081	3.794	0.351	0.002
21.766	6.188	0.361	0.002
18.625	8.017	0.376	0.003
17.407	8.138	0.393	0.003
17.752	6.706	0.414	0.003
17.770	5.092	0.440	0.003
16.799	4.402	0.470	0.004
17.184	4.492	0.503	0.003
22.611	4.420	0.535	0.003
33.699	3.823	0.560	0.003
46.244	3.338	0.572	0.003
53.382	3.549	0.570	0.003
53.070	4.150	0.559	0.003
46.778	4.361	0.545	0.003
37.302	3.722	0.535	0.003
26.401	2.562	0.527	0.002
15.818	2.326	0.520	0.002
7.236	4.666	0.512	0.002
2.211	7.035	0.505	0.002
0.952	7.924	0.498	0.003
1.659	6.286	0.492	0.003
2.035	3.226	0.487	0.003
1.351	0.689	0.482	0.003
0.522	-0.159	0.479	0.002
0.445	0.156	0.478	0.002
0.930	0.616	0.477	0.002
1.153	0.643	0.478	0.001
0.784	0.422	0.479	0.001
0.250	0.324	0.481	0.001
0.086	0.392	0.484	0.001
0.348	0.425	0.487	0.001
0.775	0.337	0.491	0.001
1.525	0.235	0.495	0.001
3.493	0.243	0.499	0.001
7.431	0.323	0.503	0.001
11.808	0.336	0.505	0.001
13.669	0.318	0.507	0.001
11.400	0.443	0.507	0.001
6.359	0.682	0.505	0.001
1.931	0.925	0.500	0.001
0.714	1.180	0.494	0.001
3.050	1.376	0.488	0.001
7.526	1.276	0.484	0.001
13.143	0.826	0.483	0.001
19.455	0.342	0.482	0.001
26.142	0.341	0.480	0.001
32.461	1.135	0.476	0.001
37.682	2.609	0.469	0.001
39.865	4.184	0.459	0.002
36.860	4.953	0.445	0.002
28.818	4.273	0.424	0.002
20.083	2.753	0.394	0.002
15.351	2.261	0.356	0.002
14.491	3.778	0.311	0.002
14.054	5.910	0.262	0.002
10.864	6.483	0.216	0.002
5.582	5.154	0.180	0.003
1.889	3.716	0.159	0.003
2.366	3.848	0.156	0.003
6.089	4.990	0.164	0.003
10.373	5.004	0.179	0.003
13.607	2.977	0.194	0.003
15.909	0.577	0.207	0.002
17.823	0.092	0.219	0.002
18.813	1.826	0.229	0.002
17.382	3.948	0.237	0.002
13.755	4.571	0.245	0.002
9.531	3.436	0.254	0.002
6.321	1.708	0.264	0.002
4.439	0.622	0.274	0.002
3.180	0.437	0.282	0.002
2.002	0.603	0.289	0.002
0.999	0.609	0.297	0.001
0.511	0.414	0.306	0.001
0.557	0.263	0.318	0.001
0.707	0.326	0.330	0.001
0.659	0.498	0.341	0.001
0.550	0.554	0.349	0.001
0.788	0.436	0.354	0.001
1.968	0.325	0.355	0.001
4.395	0.420	0.346	0.001
7.607	0.769	0.326	0.001
10.713	1.358	0.295	0.001
13.344	2.333	0.259	0.002
15.826	4.048	0.224	0.002
18.517	6.549	0.195	0.003
20.268	8.814	0.177	0.003
18.720	9.279	0.174	0.003
13.182	7.440	0.184	0.003
6.259	4.518	0.201	0.003
1.807	2.201	0.216	0.003
1.438	1.150	0.226	0.003
3.591	0.847	0.233	0.003
5.657	0.569	0.240	0.002
6.631	0.260	0.246	0.002
7.429	0.486	0.251	0.002
9.073	1.692	0.252	0.002
10.643	3.741	0.252	0.002
10.856	6.322	0.253	0.003
9.377	9.427	0.257	0.003
7.312	13.038	0.262	0.004
5.963	16.580	0.265	0.004
5.553	18.652	0.266	0.005
5.325	18.069	0.266	0.005
4.697	15.064	0.265	0.005
3.912	11.370	0.265	0.006
3.633	8.861	0.265	0.005
4.157	8.174	0.265	0.005
5.332	8.715	0.265	0.005
6.992	9.716	0.264	0.005
8.766	10.846	0.264	0.005
9.940	12.409	0.267	0.005
9.836	14.513	0.275	0.005
8.474	16.735	0.288	0.006
6.709	18.410	0.303	0.006
5.602	18.828	0.319	0.006
5.476	17.538	0.333	0.006
5.880	14.401	0.344	0.006
6.407	9.918	0.355	0.006
7.455	5.429	0.364	0.005
10.008	2.573	0.371	0.005
14.522	2.380	0.374	0.004
20.274	4.848	0.375	0.004
25.671	9.603	0.374	0.005
29.695	17.465	0.373	0.005
31.878	31.225	0.371	0.007
33.687	53.788	0.368	0.008
36.663	84.638	0.367	0.010
39.702	118.041	0.371	0.012
40.554	144.950	0.380	0.014
37.108	156.814	0.393	0.015
29.446	148.925	0.406	0.016
19.850	122.974	0.417	0.016
11.675	87.198	0.424	0.016
6.806	52.900	0.430	0.015
4.805	28.724	0.434	0.014
3.853	16.466	0.439	0.012
2.743	11.721	0.445	0.010
1.505	8.811	0.450	0.008
0.719	5.248	0.457	0.007
0.567	1.986	0.464	0.005
0.651	0.494	0.470	0.004
0.531	0.537	0.474	0.003
0.227	0.713	0.478	0.002
0.062	0.301	0.482	0.002
0.188	-0.155	0.487	0.001
0.413	0.046	0.493	0.001
0.501	0.720	0.500	0.001
0.516	1.108	0.505	0.001
1.041	0.891	0.508	0.001
3.372	0.494	0.510	0.001
8.629	0.431	0.512	0.001
16.671	0.643	0.515	0.001
25.643	0.913	0.519	0.001
32.104	1.989	0.522	0.002
32.513	5.132	0.523	0.002
25.953	9.961	0.524	0.003
16.057	13.860	0.524	0.003
8.562	14.735	0.524	0.004
7.328	13.322	0.524	0.005
12.194	12.403	0.523	0.005
20.570	13.384	0.517	0.005
29.268	14.258	0.508	0.005
37.091	12.434	0.496	0.005
44.479	8.747	0.484	0.005
50.840	7.070	0.472	0.005
50.477	10.575	0.462	0.005
41.351	19.156	0.453	0.005
26.303	29.740	0.446	0.006
12.155	37.483	0.441	0.006
4.250	37.878	0.438	0.007
2.787	29.652	0.437	0.007
3.917	16.735	0.436	0.007
4.207	5.952	0.435	0.006
3.271	1.870	0.434	0.005
2.556	3.486	0.432	0.005
2.827	6.057	0.431	0.004
3.557	6.159	0.429	0.004
4.353	4.559	0.426	0.004
6.275	4.476	0.418	0.004
11.991	7.692	0.402	0.004
24.364	12.993	0.375	0.004
40.927	18.020	0.336	0.005
53.938	22.244	0.291	0.006
55.301	27.488	0.249	0.006
43.153	35.133	0.221	0.007
24.761	43.352	0.211	0.008
10.273	47.559	0.217	0.008
4.567	43.096	0.228	0.008
4.790	29.976	0.237	0.008
5.241	14.431	0.241	0.008
3.402	4.125	0.245	0.007
0.991	1.822	0.252	0.006
0.388	4.154	0.261	0.006
1.525	6.003	0.271	0.005
2.606	5.349	0.281	0.004
2.952	3.856	0.292	0.003
4.389	3.545	0.303	0.003
9.267	4.116	0.316	0.003
17.313	3.933	0.328	0.003
25.213	2.866	0.340	0.003
29.195	2.884	0.352	0.003
27.524	5.328	0.365	0.003
21.594	8.961	0.377	0.003
13.881	11.418	0.388	0.003
7.056	11.791	0.396	0.003
2.734	11.097	0.399	0.004
1.231	10.257	0.398	0.004
1.640	8.643	0.393	0.004
2.846	5.435	0.386	0.003
4.389	1.645	0.380	0.003
6.778	-0.529	0.377	0.003
10.440	-0.110	0.378	0.002
14.672	1.800	0.381	0.002
18.105	3.873	0.387	0.002
20.208	7.300	0.393	0.003
21.282	14.946	0.396	0.004
21.794	26.872	0.395	0.005
21.954	40.986	0.392	0.006
21.565	56.664	0.386	0.007
21.160	74.597	0.378	0.009
21.972	92.336	0.367	0.010
24.480	103.165	0.354	0.011
27.770	101.120	0.338	0.013
29.801	87.039	0.321	0.013
29.793	68.576	0.305	0.013
29.913	53.625	0.290	0.013
34.092	44.119	0.274	0.013
44.311	36.551	0.254	0.012
58.235	27.436	0.231	0.010
70.980	17.087	0.208	0.009
77.775	8.459	0.189	0.008
74.105	3.684	0.176	0.007
58.919	2.449	0.171	0.006
36.220	3.231	0.169	0.005
14.428	4.954	0.169	0.004
0.930	6.823	0.170	0.004
-2.610	7.488	0.170	0.003
-0.532	5.875	0.169	0.003
1.635	2.618	0.168	0.003
1.953	-0.224	0.166	0.002
2.395	-1.102	0.165	0.002
5.304	-0.306	0.165	0.002
10.738	0.778	0.166	0.001
16.852	1.409	0.168	0.001
21.465	1.994	0.170	0.001
22.003	3.132	0.172	0.002
17.092	4.655	0.174	0.002
9.741	5.765	0.176	0.002
3.684	5.677	0.177	0.003
1.214	4.239	0.179	0.003
1.669	2.187	0.180	0.002
2.758	0.788	0.181	0.002
2.848	0.880	0.183	0.002
2.389	2.115	0.186	0.002
2.750	3.342	0.190	0.002
4.436	3.808	0.193	0.002
6.803	4.246	0.198	0.003
9.489	6.712	0.204	0.003
13.617	13.297	0.213	0.004
22.600	24.667	0.225	0.006
40.059	40.049	0.243	0.007
67.330	58.063	0.266	0.008
99.809	77.309	0.295	0.010
124.584	95.666	0.326	0.011
124.681	108.280	0.358	0.012
95.954	108.201	0.385	0.013
53.251	91.233	0.405	0.013
19.115	62.503	0.419	0.013
5.649	35.548	0.430	0.013
8.283	22.526	0.437	0.012
15.069	23.791	0.441	0.011
21.338	29.138	0.441	0.010
33.183	30.152	0.435	0.009
58.101	30.047	0.423	0.009
94.727	40.618	0.408	0.009
132.936	71.790	0.390	0.011
162.472	124.427	0.371	0.013
180.235	190.611	0.352	0.015
189.460	258.713	0.339	0.018
194.120	318.058	0.331	0.021
194.694	359.909	0.329	0.023
190.021	378.034	0.332	0.025
179.834	368.761	0.336	0.026
165.789	333.139	0.340	0.027
148.970	278.414	0.345	0.027
127.119	217.124	0.349	0.026
98.661	162.960	0.353	0.025
66.734	125.128	0.356	0.023
39.280	104.137	0.358	0.021
22.932	93.160	0.357	0.019
17.767	83.654	0.355	0.017
17.952	71.160	0.351	0.016
17.493	56.495	0.345	0.014
14.601	42.364	0.340	0.013
11.167	30.202	0.335	0.011
8.929	19.999	0.332	0.010
7.517	11.667	0.330	0.009
5.728	5.742	0.330	0.007
3.506	2.602	0.332	0.006
1.930	1.538	0.335	0.005
1.639	1.161	0.338	0.004
1.996	0.614	0.342	0.003
1.947	0.050	0.345	0.002
1.247	-0.049	0.346	0.002
0.539	0.288	0.346	0.001
0.389	0.566	0.345	0.001
0.625	0.477	0.344	0.001
0.701	0.220	0.341	0.001
0.433	0.144	0.339	0.001
0.132	0.293	0.338	0.001
0.120	0.412	0.339	0.001
0.329	0.328	0.342	0.001
0.453	0.159	0.346	0.001
0.351	0.120	0.350	0.001
0.176	0.249	0.354	0.001
0.130	0.389	0.357	0.001
0.210	0.406	0.361	0.001
0.258	0.332	0.364	0.001
0.187	0.274	0.367	0.001
0.077	0.268	0.369	0.001
0.045	0.265	0.370	0.001
0.101	0.230	0.371	0.001
0.156	0.199	0.373	0.001
0.153	0.226	0.375	0.001
0.118	0.299	0.379	0.001
0.113	0.358	0.382	0.001
0.149	0.370	0.385	0.001
0.187	0.365	0.387	0.001
0.206	0.385	0.386	0.001
0.252	0.426	0.383	0.001
0.327	0.443	0.377	0.001
0.409	0.409	0.368	0.001
0.477	0.356	0.359	0.001
0.576	0.321	0.352	0.001
0.972	0.317	0.347	0.001
2.462	0.354	0.345	0.001
6.685	0.441	0.342	0.001
15.105	0.552	0.339	0.001
28.043	0.678	0.333	0.001
43.854	1.017	0.324	0.001
58.540	1.929	0.314	0.002
68.375	3.701	0.302	0.002
72.412	6.457	0.288	0.003
71.596	10.104	0.274	0.003
65.056	14.434	0.261	0.004
49.583	19.157	0.250	0.005
28.316	23.037	0.245	0.005
10.302	23.603	0.244	0.006
3.370	19.212	0.247	0.006
6.356	11.432	0.251	0.005
11.109	4.267	0.253	0.005
10.970	0.736	0.254	0.005
7.184	0.573	0.254	0.004
6.602	1.297	0.254	0.003
14.669	1.110	0.254	0.003
29.934	0.333	0.254	0.002
45.887	0.197	0.255	0.002
57.620	1.055	0.256	0.002
62.873	2.404	0.262	0.002
59.360	4.354	0.273	0.002
45.686	8.125	0.293	0.003
26.135	14.221	0.325	0.004
11.924	20.667	0.369	0.004
11.766	23.774	0.424	0.005
23.488	21.133	0.485	0.005
35.847	14.071	0.539	0.005
40.172	6.799	0.578	0.005
36.589	2.940	0.600	0.005
30.247	2.798	0.608	0.005
24.347	3.958	0.607	0.004
18.048	4.330	0.602	0.003
10.690	4.186	0.595	0.003
4.572	4.911	0.586	0.003
2.585	6.272	0.574	0.003
4.754	6.419	0.558	0.003
8.227	4.621	0.537	0.003
11.304	2.600	0.512	0.003
14.631	2.756	0.482	0.003
20.822	5.376	0.450	0.003
31.593	8.136	0.417	0.003
43.609	8.768	0.385	0.003
50.251	7.535	0.355	0.004
49.645	6.304	0.328	0.004
46.784	6.039	0.303	0.004
43.643	6.003	0.280	0.004
37.226	5.245	0.259	0.004
25.034	3.979	0.240	0.004
10.542	3.137	0.223	0.003
0.893	2.887	0.212	0.003
-0.135	2.631	0.207	0.003
3.871	2.040	0.208	0.002
6.199	1.408	0.216	0.002
4.409	1.279	0.228	0.002
2.508	1.877	0.242	0.002
4.774	2.985	0.248	0.002
10.905	4.405	0.243	0.002
17.016	6.593	0.224	0.003
20.726	10.702	0.196	0.004
21.597	17.712	0.166	0.005
19.464	26.976	0.146	0.006
14.786	35.229	0.140	0.006
9.166	37.861	0.148	0.007
4.948	32.267	0.164	0.007
3.319	20.657	0.180	0.007
3.422	8.992	0.193	0.007
3.270	2.403	0.201	0.006
1.971	1.497	0.208	0.006
0.430	2.992	0.213	0.005
-0.081	3.498	0.217	0.004
0.429	2.373	0.219	0.003
0.945	1.168	0.219	0.003
0.923	1.088	0.218	0.002
1.008	1.704	0.218	0.002
2.448	1.942	0.216	0.002
5.940	1.766	0.212	0.002
9.880	2.464	0.206	0.003
11.409	5.778	0.200	0.003
9.816	12.922	0.194	0.004
6.200	17.645	0.189	0.005
2.917	20.386	0.182	0.005
1.363	20.456	0.174	0.006
1.179	17.188	0.167	0.006
1.171	10.620	0.163	0.006
1.008	3.434	0.161	0.005
1.077	-1.122	0.161	0.004
1.404	-1.482	0.162	0.003
1.518	0.727	0.163	0.002
1.080	2.242	0.164	0.002
0.334	1.548	0.164	0.001
-0.109	0.006	0.164	0.001
0.008	-0.402	0.163	0.001
0.348	0.469	0.163	0.001
0.452	1.164	0.163	0.001
0.272	0.749	0.163	0.001
0.113	-0.130	0.163	0.001
0.184	-0.340	0.164	0.001
0.364	0.258	0.164	0.001
0.425	0.810	0.163	0.001
0.563	0.687	0.161	0.001
0.770	0.201	0.157	0.001
1.025	0.033	0.151	0.001
1.613	0.319	0.144	0.001
3.425	0.615	0.139	0.001
6.956	0.629	0.142	0.001
12.393	0.723	0.157	0.001
18.958	1.612	0.179	0.002
26.210	3.853	0.196	0.002
34.742	8.270	0.200	0.003
45.023	17.539	0.193	0.005
56.108	36.449	0.189	0.006
64.784	68.652	0.199	0.008
70.587	111.464	0.226	0.010
72.062	151.961	0.261	0.012
65.391	171.577	0.294	0.014
49.318	159.341	0.322	0.015
28.365	121.770	0.342	0.015
10.747	78.035	0.354	0.015
2.254	44.978	0.360	0.014
1.962	26.831	0.357	0.013
4.243	17.805	0.348	0.011
4.691	11.731	0.335	0.010
3.356	7.631	0.321	0.008
2.525	7.182	0.309	0.007
2.989	9.660	0.301	0.006
3.339	11.378	0.295	0.005
2.363	9.676	0.291	0.005
0.711	5.719	0.286	0.004
-0.081	2.712	0.280	0.004
0.414	2.265	0.273	0.004
1.196	3.230	0.268	0.004
1.234	3.672	0.264	0.003
0.640	3.071	0.263	0.003
0.236	2.331	0.266	0.003
0.414	2.227	0.271	0.003
0.778	2.494	0.277	0.003
0.797	2.434	0.283	0.002
0.466	1.898	0.288	0.002
0.201	1.375	0.292	0.002
0.241	1.276	0.295	0.002
0.412	1.449	0.297	0.002
0.415	1.464	0.298	0.002
0.218	1.174	0.298	0.002
0.060	0.821	0.298	0.002
0.254	0.672	0.296	0.002
1.255	0.703	0.294	0.002
3.451	0.695	0.292	0.001
7.153	0.547	0.290	0.001
12.462	0.360	0.289	0.001
18.627	0.305	0.287	0.001
24.640	0.506	0.284	0.001
27.650	0.940	0.280	0.001
24.134	1.448	0.274	0.001
14.743	1.901	0.267	0.001
4.766	2.208	0.264	0.002
-0.506	2.203	0.268	0.002
-0.227	1.841	0.281	0.002
2.143	1.522	0.303	0.002
3.056	1.783	0.331	0.002
3.104	2.673	0.360	0.002
7.573	3.697	0.382	0.002
20.627	4.540	0.392	0.003
40.815	5.690	0.388	0.003
61.682	8.118	0.377	0.004
74.592	12.055	0.367	0.004
72.754	16.182	0.363	0.005
56.625	18.285	0.366	0.005
34.553	17.174	0.371	0.005
16.525	13.892	0.376	0.006
7.375	10.849	0.380	0.006
5.018	9.648	0.385	0.006
4.342	9.782	0.390	0.005
2.473	9.442	0.393	0.005
0.286	7.538	0.396	0.005
-0.365	4.708	0.398	0.004
0.486	2.439	0.399	0.004
1.201	1.498	0.402	0.003
0.783	1.407	0.404	0.003
-0.110	1.267	0.407	0.003
-0.351	0.768	0.412	0.002
0.173	0.272	0.418	0.002
0.627	0.146	0.425	0.001
0.440	0.291	0.431	0.001
-0.062	0.355	0.435	0.001
-0.233	0.213	0.436	0.001
0.053	0.060	0.436	0.001
0.359	0.094	0.436	0.001
0.340	0.257	0.435	0.001
0.294	0.348	0.435	0.001
1.148	0.289	0.434	0.001
4.254	0.175	0.434	0.001
10.505	0.174	0.431	0.001
19.883	0.352	0.428	0.001
30.597	0.645	0.424	0.001
38.572	1.154	0.419	0.001
39.510	1.784	0.414	0.001
31.421	2.172	0.410	0.002
18.273	2.230	0.408	0.002
6.927	2.346	0.408	0.002
1.903	3.305	0.410	0.002
2.185	5.440	0.413	0.003
3.536	7.737	0.416	0.003
3.050	8.508	0.419	0.003
1.333	7.103	0.424	0.003
0.499	4.679	0.431	0.004
1.204	3.021	0.440	0.003
2.120	2.833	0.449	0.003
1.904	3.296	0.456	0.003
0.810	3.219	0.464	0.003
0.059	2.338	0.476	0.003
0.207	1.430	0.497	0.003
0.650	1.243	0.532	0.002
0.619	1.658	0.583	0.002
0.140	1.961	0.648	0.002
-0.163	1.735	0.718	0.002
0.024	1.183	0.780	0.002
0.376	0.738	0.825	0.002
0.433	0.536	0.849	0.002
0.173	0.407	0.857	0.001
-0.055	0.218	0.857	0.001
-0.021	0.056	0.855	0.001
0.140	0.054	0.852	0.001
0.174	0.201	0.850	0.001
0.047	0.346	0.848	0.001
-0.069	0.372	0.847	0.001
-0.041	0.290	0.846	0.001
0.064	0.184	0.845	0.001
0.105	0.114	0.844	0.001
0.050	0.074	0.843	0.001
-0.014	0.039	0.842	0.001
-0.010	0.009	0.841	0.000
0.039	-0.000	0.841	0.000
0.064	0.007	0.841	0.000
0.067	0.015	0.840	0.000
0.242	0.012	0.840	0.000
0.991	0.008	0.840	0.000
2.924	0.059	0.842	0.000
6.418	0.260	0.844	0.001
11.193	0.698	0.845	0.001
16.231	1.725	0.845	0.001
19.929	4.061	0.844	0.002
20.558	7.689	0.842	0.002
17.308	11.048	0.840	0.003
11.110	11.899	0.838	0.003
4.690	9.310	0.836	0.004
1.368	4.756	0.835	0.004
3.376	0.923	0.834	0.003
10.704	-0.553	0.833	0.003
21.915	-0.067	0.831	0.002
34.327	1.183	0.829	0.002
45.016	2.875	0.826	0.002
49.210	5.402	0.823	0.002
42.951	8.124	0.820	0.002
28.239	9.016	0.818	0.003
12.780	7.000	0.817	0.003
3.649	3.826	0.817	0.003
1.964	2.810	0.817	0.004
3.345	5.310	0.816	0.004
3.228	8.649	0.814	0.004
1.092	8.942	0.811	0.004
-0.499	5.498	0.806	0.003
0.023	1.410	0.797	0.003
1.435	-0.022	0.783	0.003
1.767	1.291	0.763	0.003
0.859	2.738	0.735	0.003
0.478	2.382	0.700	0.002
2.169	0.906	0.654	0.002
5.882	0.177	0.593	0.002
10.768	0.776	0.516	0.002
15.870	1.619	0.426	0.002
20.638	1.772	0.333	0.002
23.917	1.882	0.246	0.002
23.814	3.255	0.178	0.002
19.489	5.872	0.137	0.003
15.389	8.101	0.126	0.003
15.071	8.544	0.137	0.003
19.271	7.606	0.158	0.004
23.869	6.821	0.178	0.004
25.101	6.986	0.193	0.004
22.533	7.387	0.209	0.004
17.864	6.895	0.228	0.004
12.865	5.485	0.247	0.004
8.590	4.328	0.264	0.004
5.719	4.540	0.278	0.004
4.693	6.189	0.292	0.004
5.441	8.645	0.308	0.004
6.935	11.591	0.327	0.004
7.776	15.135	0.345	0.005
7.609	18.793	0.362	0.005
7.829	21.090	0.376	0.006
10.934	20.777	0.385	0.006
18.350	18.100	0.390	0.006
30.024	15.012	0.391	0.006
45.120	14.544	0.390	0.007
61.822	20.027	0.390	0.007
77.077	34.095	0.392	0.008
87.656	56.882	0.398	0.009
92.124	84.647	0.410	0.010
91.151	110.952	0.428	0.012
85.438	130.539	0.451	0.013
74.802	141.399	0.476	0.015
61.940	143.120	0.497	0.016
53.429	134.132	0.515	0.016
54.512	113.752	0.531	0.016
63.542	86.363	0.547	0.016
73.296	61.085	0.563	0.015
76.916	45.728	0.578	0.014
72.684	40.515	0.591	0.013
63.017	38.813	0.600	0.012
51.242	34.113	0.608	0.011
39.217	26.060	0.614	0.010
28.011	19.862	0.619	0.009
19.470	20.129	0.623	0.008
14.937	25.589	0.626	0.008
13.532	30.158	0.630	0.008
12.762	28.882	0.635	0.008
11.137	22.462	0.640	0.007
9.081	15.482	0.645	0.007
7.914	11.413	0.649	0.007
7.975	10.119	0.653	0.006
8.727	9.727	0.655	0.006
10.083	9.517	0.657	0.006
12.762	10.113	0.657	0.005
17.845	11.294	0.658	0.005
25.156	11.648	0.658	0.005
31.845	10.017	0.660	0.005
33.336	7.154	0.662	0.005
27.571	5.269	0.664	0.005
17.252	5.733	0.664	0.004
7.688	7.419	0.664	0.004
2.655	7.860	0.663	0.004
1.803	5.812	0.662	0.004
2.246	2.485	0.661	0.003
1.895	0.062	0.660	0.003
0.959	-0.159	0.659	0.003
0.623	1.484	0.658	0.002
1.152	3.360	0.659	0.002
1.731	3.939	0.662	0.002
1.768	3.024	0.666	0.002
1.713	1.606	0.672	0.002
2.556	0.895	0.678	0.002
4.631	1.226	0.685	0.002
7.696	2.264	0.691	0.002
12.202	3.961	0.694	0.003
19.203	6.984	0.694	0.003
29.563	14.261	0.688	0.005
43.059	30.958	0.678	0.006
54.877	61.536	0.667	0.008
60.495	105.914	0.658	0.010
57.382	155.452	0.655	0.013
45.784	191.587	0.658	0.014
29.821	191.545	0.664	0.016
15.343	148.645	0.669	0.016
6.239	82.863	0.674	0.016
2.719	27.823	0.681	0.015
2.278	4.427	0.690	0.014
2.165	6.807	0.701	0.012
1.363	13.346	0.708	0.009
0.544	9.828	0.712	0.007
0.472	-0.101	0.712	0.005
0.945	-5.151	0.712	0.004
1.233	-1.635	0.712	0.003
1.073	3.981	0.712	0.002
1.007	4.803	0.711	0.002
2.068	1.448	0.710	0.002
5.293	-0.617	0.709	0.002
11.444	1.280	0.708	0.002
20.250	4.628	0.705	0.002
29.779	6.284	0.701	0.003
36.643	6.813	0.694	0.003
37.608	9.041	0.685	0.004
32.873	13.599	0.675	0.004
25.025	17.573	0.664	0.005
17.013	17.895	0.653	0.005
10.281	14.519	0.645	0.005
5.085	10.103	0.639	0.005
1.537	7.384	0.636	0.005
-0.058	6.927	0.634	0.005
0.164	7.094	0.632	0.005
1.222	6.197	0.630	0.004
1.925	4.360	0.628	0.004
1.890	2.983	0.626	0.004
1.603	3.034	0.625	0.003
1.606	4.081	0.624	0.003
1.875	4.879	0.623	0.003
2.011	4.580	0.622	0.003
1.954	3.642	0.620	0.003
2.544	3.331	0.618	0.003
5.993	4.348	0.616	0.003
15.774	6.149	0.614	0.004
35.179	7.937	0.613	0.004
65.517	9.939	0.612	0.004
105.847	14.583	0.612	0.005
152.475	25.050	0.613	0.006
197.215	42.563	0.616	0.007
224.415	64.354	0.620	0.009
218.105	84.870	0.624	0.010
180.814	98.140	0.628	0.011
134.102	101.634	0.631	0.013
99.898	100.523	0.633	0.014
86.174	107.483	0.637	0.015
82.292	134.356	0.644	0.016
73.794	181.387	0.653	0.018
57.058	234.192	0.663	0.019
38.917	270.454	0.671	0.020
26.135	271.060	0.677	0.021
18.673	231.300	0.682	0.021
12.803	165.941	0.685	0.021
6.942	101.015	0.686	0.020
3.253	56.922	0.686	0.019
4.348	36.755	0.685	0.017
11.029	29.261	0.685	0.014
23.057	22.461	0.683	0.012
39.877	14.076	0.680	0.010
59.052	10.187	0.674	0.009
74.278	16.261	0.667	0.008
79.512	31.882	0.657	0.008
72.157	54.168	0.647	0.009
56.605	83.497	0.637	0.011
41.301	122.576	0.626	0.012
31.468	167.131	0.615	0.014
25.954	199.552	0.604	0.016
20.649	199.142	0.593	0.017
13.826	161.035	0.584	0.017
7.551	103.167	0.577	0.017
4.510	51.892	0.571	0.016
4.703	22.460	0.564	0.015
5.670	11.653	0.556	0.013
5.479	7.391	0.548	0.010
5.046	2.396	0.542	0.008
7.160	-1.938	0.535	0.006
13.703	-2.184	0.526	0.004
23.062	0.748	0.515	0.003
31.154	2.763	0.503	0.002
35.490	1.856	0.492	0.001
35.602	-0.033	0.481	0.001
32.245	-0.252	0.472	0.001
25.888	1.272	0.464	0.001
17.042	2.620	0.458	0.001
7.699	2.574	0.456	0.002
0.950	1.702	0.458	0.002
-1.413	1.117	0.460	0.002
-0.450	1.037	0.462	0.001
1.016	0.872	0.461	0.001
1.141	0.336	0.459	0.001
0.241	-0.119	0.454	0.001
-0.312	-0.030	0.449	0.001
0.010	0.407	0.443	0.001
0.530	0.622	0.439	0.001
0.487	0.409	0.437	0.001
-0.006	0.098	0.438	0.001
-0.278	0.048	0.442	0.001
-0.042	0.217	0.446	0.001
0.345	0.309	0.449	0.001
0.439	0.204	0.450	0.001
0.335	0.081	0.450	0.001
0.919	0.164	0.450	0.001
4.085	0.439	0.447	0.001
12.839	0.698	0.438	0.001
27.427	0.808	0.423	0.001
42.580	0.889	0.403	0.001
47.041	1.266	0.381	0.001
36.589	2.210	0.364	0.002
18.473	3.564	0.356	0.002
4.733	4.890	0.353	0.002
1.265	6.024	0.353	0.003
4.117	7.200	0.353	0.003
5.710	8.418	0.350	0.004
3.347	9.032	0.346	0.004
0.465	8.255	0.341	0.004
0.770	6.064	0.334	0.004
3.847	3.478	0.325	0.004
7.168	1.909	0.316	0.004
10.531	2.311	0.305	0.004
17.056	5.756	0.296	0.004
28.977	14.240	0.287	0.005
44.583	30.592	0.279	0.006
57.925	56.351	0.271	0.008
62.864	88.856	0.264	0.010
58.455	121.096	0.258	0.012
48.666	145.947	0.252	0.014
39.435	161.500	0.245	0.016
34.478	173.758	0.239	0.017
34.440	187.783	0.231	0.019
37.906	196.227	0.224	0.019
45.231	182.639	0.216	0.019
59.150	140.958	0.208	0.019
77.418	87.719	0.200	0.018
95.675	49.836	0.193	0.017
111.437	40.701	0.187	0.015
126.162	50.838	0.180	0.014
138.324	63.916	0.173	0.013
140.865	76.657	0.164	0.013
126.520	97.362	0.154	0.013
96.825	126.826	0.143	0.014
63.262	148.611	0.133	0.015
38.718	144.912	0.125	0.015
26.466	116.907	0.122	0.016
20.951	84.276	0.124	0.016
16.092	65.229	0.130	0.015
11.216	60.065	0.139	0.015
9.030	55.719	0.151	0.014
9.708	43.356	0.167	0.012
10.138	27.023	0.186	0.011
7.914	16.037	0.207	0.010
4.440	13.230	0.226	0.009
3.094	13.343	0.241	0.008
5.600	10.987	0.253	0.007
12.026	6.745	0.264	0.006
22.491	4.818	0.275	0.005
37.709	7.022	0.288	0.005
57.105	11.056	0.301	0.005
76.164	14.040	0.312	0.005
87.732	15.628	0.322	0.005
85.238	16.962	0.330	0.005
67.682	18.019	0.336	0.006
42.431	17.363	0.339	0.006
20.090	14.358	0.340	0.006
7.423	10.644	0.340	0.006
3.734	8.779	0.341	0.006
3.830	9.558	0.342	0.005
3.417	11.153	0.344	0.005
2.023	11.047	0.346	0.005
1.292	8.532	0.347	0.005
1.946	5.101	0.348	0.004
3.187	2.630	0.347	0.004
4.530	1.706	0.345	0.004
5.168	1.716	0.343	0.003
5.088	1.875	0.341	0.003
6.260	1.761	0.339	0.002
7.852	1.358	0.338	0.002
7.922	0.891	0.336	0.002
5.792	0.554	0.334	0.001
2.805	0.441	0.332	0.001
0.887	0.654	0.330	0.001
0.889	1.197	0.328	0.001
1.803	1.742	0.326	0.001
2.028	1.808	0.324	0.001
1.151	1.254	0.324	0.001
0.125	0.444	0.326	0.001
-0.117	-0.089	0.328	0.001
0.287	-0.110	0.330	0.001
0.550	0.138	0.331	0.001
0.297	0.282	0.332	0.001
-0.110	0.188	0.333	0.001
-0.178	0.031	0.334	0.001
0.093	0.008	0.336	0.001
0.313	0.113	0.337	0.001
0.292	0.192	0.337	0.001
0.414	0.161	0.337	0.001
1.439	0.081	0.338	0.000
3.786	0.053	0.339	0.000
8.176	0.112	0.339	0.001
15.247	0.230	0.339	0.001
23.559	0.339	0.338	0.001
28.289	0.362	0.337	0.001
25.586	0.307	0.337	0.001
16.653	0.452	0.339	0.001
6.954	0.742	0.346	0.001
1.498	1.045	0.360	0.001
0.856	1.669	0.380	0.002
1.856	2.144	0.403	0.002
1.667	1.953	0.425	0.002
0.387	1.198	0.444	0.002
-0.295	0.562	0.457	0.002
0.284	0.587	0.468	0.001
1.102	1.163	0.477	0.001
1.056	1.613	0.484	0.001
0.316	1.408	0.489	0.001
-0.120	0.724	0.493	0.001
0.193	0.191	0.497	0.001
0.724	0.172	0.502	0.001
0.791	0.453	0.507	0.001
0.401	0.604	0.512	0.001
0.081	0.478	0.517	0.001
0.134	0.296	0.523	0.001
0.358	0.302	0.532	0.001
0.401	0.483	0.543	0.001
0.224	0.626	0.556	0.001
0.066	0.595	0.570	0.001
0.091	0.456	0.585	0.001
0.205	0.363	0.601	0.001
0.229	0.366	0.619	0.001
0.139	0.392	0.637	0.001
0.058	0.364	0.656	0.001
0.079	0.299	0.673	0.001
0.150	0.266	0.690	0.001
0.172	0.288	0.705	0.001
0.131	0.315	0.721	0.001
0.087	0.296	0.737	0.001
0.086	0.239	0.753	0.001
0.110	0.200	0.766	0.001
0.113	0.205	0.776	0.001
0.085	0.229	0.783	0.001
0.064	0.231	0.788	0.001
0.073	0.204	0.792	0.001
0.099	0.175	0.796	0.001
0.105	0.163	0.798	0.001
0.084	0.157	0.799	0.001
0.060	0.138	0.799	0.001
0.049	0.101	0.798	0.001
0.048	0.060	0.798	0.001
0.041	0.029	0.796	0.000
0.024	0.014	0.795	0.000
0.011	0.009	0.794	0.000
0.009	0.006	0.793	0.000
0.014	0.005	0.792	0.000
0.014	0.006	0.790	0.000
0.008	0.008	0.787	0.000
0.003	0.007	0.782	0.000
0.006	0.006	0.774	0.000
0.013	0.008	0.763	0.000
0.017	0.013	0.745	0.000
0.014	0.017	0.721	0.000
0.010	0.017	0.691	0.000
0.008	0.016	0.659	0.000
0.010	0.020	0.629	0.000
0.012	0.033	0.607	0.000
0.012	0.045	0.593	0.000
0.011	0.048	0.585	0.000
0.011	0.045	0.581	0.000
0.014	0.047	0.580	0.000
0.015	0.062	0.579	0.000
0.014	0.081	0.577	0.000
0.012	0.082	0.572	0.000
0.013	0.062	0.563	0.000
0.014	0.042	0.552	0.000
0.015	0.042	0.541	0.000
0.014	0.066	0.529	0.000
0.013	0.090	0.518	0.000
0.012	0.097	0.506	0.000
0.013	0.088	0.492	0.000
0.014	0.079	0.476	0.000
0.014	0.077	0.456	0.000
0.012	0.078	0.434	0.000
0.011	0.074	0.409	0.000
0.012	0.066	0.385	0.000
0.014	0.063	0.363	0.000
0.017	0.066	0.347	0.000
0.019	0.069	0.335	0.000
0.020	0.064	0.325	0.000
0.020	0.053	0.315	0.000
0.020	0.041	0.304	0.000
0.021	0.035	0.294	0.000
0.021	0.034	0.287	0.000
0.022	0.031	0.284	0.000
0.021	0.026	0.282	0.000
0.020	0.022	0.281	0.000
0.019	0.021	0.280	0.000
0.019	0.023	0.279	0.000
0.020	0.027	0.277	0.000
0.022	0.030	0.273	0.000
0.023	0.030	0.271	0.000
0.022	0.028	0.271	0.000
0.018	0.023	0.275	0.000
0.014	0.019	0.282	0.000
0.013	0.018	0.288	0.000
0.015	0.020	0.289	0.000
0.019	0.020	0.285	0.000
0.023	0.017	0.282	0.000
0.025	0.012	0.286	0.000
0.024	0.009	0.304	0.000
0.021	0.011	0.331	0.000
0.019	0.018	0.362	0.000
0.019	0.023	0.386	0.000
0.023	0.023	0.399	0.000
0.029	0.021	0.399	0.000
0.034	0.021	0.388	0.000
0.039	0.028	0.374	0.000
0.049	0.042	0.361	0.000
0.066	0.065	0.352	0.000
0.093	0.098	0.345	0.000
0.130	0.147	0.332	0.000
0.177	0.220	0.311	0.001
0.244	0.329	0.284	0.001
0.334	0.495	0.256	0.001
0.443	0.745	0.227	0.001
0.559	1.090	0.194	0.001
0.691	1.518	0.157	0.001
0.835	2.010	0.118	0.002
0.990	2.569	0.086	0.002
1.163	3.196	0.073	0.002
1.358	3.852	0.087	0.002
1.611	4.467	0.125	0.003
1.920	4.994	0.179	0.003
2.236	5.425	0.235	0.003
2.710	5.766	0.287	0.003
3.487	5.981	0.336	0.003
4.297	6.023	0.385	0.004
4.789	5.877	0.433	0.004
4.832	5.580	0.479	0.004
4.741	5.211	0.521	0.004
4.962	4.859	0.560	0.004
5.591	4.585	0.598	0.004
6.072	4.374	0.637	0.003
5.929	4.112	0.673	0.003
5.247	3.668	0.706	0.003
4.508	2.997	0.735	0.003
4.036	2.185	0.761	0.003
3.716	1.417	0.784	0.002
3.312	0.913	0.803	0.002
2.804	0.854	0.819	0.002
2.407	1.303	0.832	0.002
2.270	2.162	0.843	0.002
2.270	3.198	0.852	0.002
2.192	4.170	0.861	0.002
1.995	4.903	0.868	0.003
1.829	5.296	0.873	0.003
1.800	5.329	0.878	0.003
1.808	5.061	0.884	0.003
1.682	4.621	0.889	0.003
1.402	4.145	0.895	0.003
1.105	3.683	0.900	0.003
0.907	3.217	0.904	0.003
0.795	2.741	0.907	0.003
0.682	2.327	0.911	0.003
0.533	2.058	0.914	0.003
0.410	1.934	0.916	0.002
0.370	1.854	0.917	0.002
0.406	1.706	0.917	0.002
0.478	1.464	0.917	0.002
0.696	1.190	0.916	0.002
1.252	0.955	0.914	0.002
2.435	0.770	0.909	0.002
4.651	0.612	0.903	0.002
8.178	0.502	0.893	0.001
12.912	0.495	0.881	0.001
18.149	0.587	0.868	0.001
22.966	0.678	0.855	0.001
26.509	0.651	0.842	0.001
28.431	0.511	0.831	0.001
28.662	0.374	0.822	0.001
27.380	0.333	0.815	0.001
24.789	0.377	0.810	0.001
21.323	0.422	0.806	0.001
17.373	0.412	0.802	0.001
13.530	0.366	0.799	0.001
10.224	0.345	0.796	0.001
7.494	0.375	0.794	0.001
5.225	0.422	0.792	0.001
3.287	0.441	0.790	0.001
1.739	0.415	0.789	0.001
0.715	0.371	0.787	0.001
0.243	0.336	0.786	0.001
0.143	0.315	0.786	0.001
0.170	0.294	0.785	0.001
0.178	0.265	0.784	0.001
0.163	0.234	0.784	0.001
0.166	0.207	0.783	0.001
0.181	0.181	0.783	0.001
0.173	0.152	0.782	0.001
0.133	0.130	0.782	0.001
0.096	0.132	0.781	0.001
0.089	0.162	0.781	0.001
0.106	0.201	0.780	0.001
0.115	0.223	0.779	0.001
0.100	0.219	0.778	0.001
0.080	0.203	0.777	0.001
0.074	0.195	0.775	0.001
0.080	0.197	0.772	0.001
0.079	0.195	0.769	0.001
0.065	0.175	0.767	0.001
0.049	0.140	0.765	0.001
0.043	0.103	0.763	0.001
0.044	0.077	0.761	0.001
0.041	0.062	0.760	0.001
0.034	0.052	0.758	0.000
0.027	0.045	0.755	0.000
0.027	0.042	0.753	0.000
0.032	0.045	0.751	0.000
0.035	0.051	0.750	0.000
0.032	0.053	0.748	0.000
0.028	0.047	0.747	0.000
0.026	0.034	0.746	0.000
0.027	0.022	0.744	0.000
0.031	0.017	0.743	0.000
0.034	0.020	0.742	0.000
0.036	0.026	0.741	0.000
0.039	0.032	0.740	0.000
0.040	0.036	0.739	0.000
0.039	0.043	0.738	0.000
0.039	0.055	0.738	0.000
0.039	0.068	0.737	0.000
0.039	0.075	0.737	0.000
0.038	0.074	0.737	0.000
0.034	0.071	0.737	0.000
0.029	0.071	0.737	0.000
0.025	0.077	0.737	0.000
0.022	0.083	0.736	0.000
0.020	0.081	0.735	0.000
0.019	0.073	0.735	0.000
0.019	0.062	0.734	0.000
0.017	0.056	0.734	0.000
0.015	0.051	0.734	0.000
0.013	0.045	0.735	0.000
0.010	0.034	0.735	0.000
0.009	0.022	0.736	0.000
0.008	0.016	0.736	0.000
0.007	0.015	0.738	0.000
0.006	0.015	0.739	0.000
0.005	0.011	0.742	0.000
0.004	0.008	0.746	0.000
0.004	0.007	0.750	0.000
0.004	0.010	0.755	0.000
0.005	0.012	0.760	0.000
0.005	0.010	0.767	0.000
0.004	0.005	0.775	0.000
0.004	0.001	0.783	0.000
0.004	0.001	0.792	0.000
0.004	0.003	0.800	0.000
0.004	0.004	0.808	0.000
0.004	0.003	0.818	0.000
0.003	0.002	0.828	0.000
0.003	0.002	0.838	0.000
0.004	0.003	0.847	0.000
0.005	0.006	0.855	0.000
0.007	0.008	0.862	0.000
0.008	0.008	0.866	0.000
0.009	0.010	0.868	0.000
0.011	0.016	0.869	0.000
0.014	0.028	0.868	0.000
0.016	0.046	0.865	0.000
0.017	0.065	0.861	0.000
0.016	0.080	0.856	0.000
0.014	0.084	0.851	0.000
0.088	0.073	0.845	0.000
0.241	0.052	0.837	0.000
0.395	0.030	0.829	0.000
0.460	0.015	0.818	0.000
0.426	0.010	0.805	0.000
0.366	0.009	0.788	0.000
0.346	0.008	0.767	0.000
0.370	0.006	0.742	0.000
0.392	0.004	0.714	0.000
0.379	0.005	0.683	0.000
